0.9961581
0.1119651 0.003179108 0.01165763 0.02047359 0.01824908
-0.007679794 -0.01593909 0.2033788 0.02662947 0.01394706
-0.007750126 0.02262296 -0.004147904 0.05624104 0.07413409
0.2978698 0.03017533 0.02020678 -0.01995423 -0.288123
-0.09058671 0.1295992 0.01669737 -0.002382452 -0.00246725
-0.0237905 0.01373735 0.003288201 -0.01213241 0.0337123
-0.0132257 -0.008764571 0.02684922 -0.001583285 -0.009420379
0.005942141 -0.05170081 -0.01424082
0.1223916 0.005110709 0.0133053 0.02493574 0.01590262
-0.008821823 -0.01705052 0.1827839 0.02768489 0.01273242
-0.01118346 0.02106391 -0.006927135 0.05438574 0.06512271
0.3029976 0.02941864 0.01890217 -0.01706702 -0.2861818
-0.08632915 0.131085 0.01968551 -0.003293873 -0.003256269
-0.02355501 0.01035253 0.0002043209 -0.01493747 0.03632175
-0.01513929 -0.01041083 0.03019937 -0.001808456 -0.01081976
0.008658482 -0.06103098 -0.01693345
1.998024 1.982556 1.9975 1.988321 1.997171
1.988811 0.1874675 1.988042 1.989319 1.995003
1.981946 1.982957 1.992775 1.991399 0.3135854
1.989628 1.992327 1.995615 0.5261282 1.985821
0.8051906 1.986509 1.996951 1.99861 1.999454
1.992847 1.98713 1.992573 1.991697 1.990864
1.988418 1.993131 1.99001 1.988892 1.991554
1.908935 1.977275
1.998024 1.982556 1.9975 1.988321 1.997171
1.988811 0.1803843 1.988042 1.989319 1.995003
1.981946 1.982957 1.992775 1.991399 0.2968482
1.989628 1.992327 1.995615 0.5542662 1.985821
0.7816141 1.986509 1.996951 1.99861 1.999454
1.992847 1.98713 1.992573 1.991697 1.990864
1.988418 1.878347 1.99001 1.988892 1.991554
1.908935 1.977275
0.3089358
0.1119634 0.003179061 0.01165731 0.02047366 0.01824865
-0.007680016 -0.01593865 0.2033804 0.02662958 0.01394721
-0.007749869 0.0226231 -0.004147702 0.05624129 0.07413426
0.297869 0.03017533 0.02020635 -0.0199536 -0.2881217
-0.09058662 0.1295986 0.01669754 -0.002382402 -0.002467541
-0.02379052 0.01373714 0.003288445 -0.01213264 0.03371211
-0.01322563 -0.008764161 0.02684876 -0.001583434 -0.009420438
0.005941514 -0.05170044 -0.01424073
0.2438042 0.0006822686 0.01939924 0.01892427 0.002440415
-0.003556668 -0.02946743 0.1212069 0.01331474 0.00174249
-0.02526854 0.02151491 -0.02130037 0.04894795 0.06227346
0.3161677 0.01593374 0.01086059 -0.04354849 -0.30323
-0.1005293 0.1291673 0.01322392 -0.01435748 0.01127351
-0.02832984 0.01809566 -0.001023469 -0.02049986 0.01841292
0.01915232 -0.02891876 0.03951505 0.01866915 0.0004563084
-0.01150184 -0.04486522 -0.0467884
1.998024 1.982556 1.9975 1.988321 1.997171
1.988811 0.1874767 1.988042 1.989319 1.995003
1.981946 1.982957 1.992775 1.991399 0.313587
1.989628 1.992327 1.995615 0.5261235 1.985821
0.8051772 1.986509 1.996951 1.99861 1.999454
1.992847 1.98713 1.992573 1.991697 1.990864
1.988418 1.993131 1.99001 1.988892 1.991554
1.908935 1.977275
0.7629003 1.982556 1.9975 1.988321 1.997171
1.988811 1.997454 1.988042 1.989319 1.995003
0.5343693 1.982957 0.08446241 1.991399 1.995308
1.989628 0.4470896 1.995615 1.988922 1.985821
1.977309 1.986509 1.996951 1.99861 1.999454
1.992847 1.98713 1.992573 0.05094169 1.990864
1.988418 1.977701 1.99001 1.988892 1.991554
0.4221592 1.977275
0.9961606
0.1119633 0.003179038 0.01165733 0.02047387 0.01824864
-0.007680439 -0.0159386 0.2033805 0.02662899 0.01394725
-0.007749788 0.02262317 -0.004147782 0.05624112 0.07413418
0.29787 0.03017568 0.02020653 -0.01995335 -0.2881228
-0.09058663 0.1295983 0.01669731 -0.002382325 -0.002467517
-0.02379056 0.01373717 0.003288601 -0.01213268 0.03371251
-0.01322582 -0.008763768 0.02684847 -0.001583495 -0.009420396
0.005941297 -0.05170045 -0.01424057
0.1223909 0.005111002 0.01330479 0.02493617 0.01590285
-0.008822871 -0.01704999 0.1827843 0.02768482 0.01273299
-0.01118297 0.02106414 -0.006927495 0.05438559 0.06512298
0.3029954 0.02941915 0.01890184 -0.01706628 -0.2861808
-0.086329 0.1310835 0.01968588 -0.003293527 -0.003256809
-0.02355486 0.01035175 0.0002046286 -0.01493744 0.03632205
-0.01513961 -0.01041015 0.03019914 -0.001809101 -0.0108195
0.008658064 -0.06103137 -0.016933
1.998024 1.982556 1.9975 1.988321 1.997171
1.988811 0.1874778 1.988042 1.989319 1.995003
1.981946 1.982957 1.992775 1.991399 0.3135862
1.989628 1.992327 1.995615 0.5261431 1.985821
0.8051452 1.986509 1.996951 1.99861 1.999454
1.992847 1.98713 1.992573 1.991697 1.990864
1.988418 1.993131 1.99001 1.988892 1.991554
1.908935 1.977275
1.998024 1.982556 1.9975 1.988321 1.997171
1.988811 0.1803913 1.988042 1.989319 1.995003
1.981946 1.982957 1.992775 1.991399 0.2968359
1.989628 1.992327 1.995615 0.5542735 1.985821
0.7815626 1.986509 1.996951 1.99861 1.999454
1.992847 1.98713 1.992573 1.991697 1.990864
1.988418 1.878811 1.99001 1.988892 1.991554
1.908935 1.977275
0.99616
0.1119631 0.003178979 0.01165728 0.02047358 0.01824862
-0.007679736 -0.01593874 0.2033807 0.02663 0.01394717
-0.007749898 0.02262306 -0.004147512 0.05624149 0.07413433
0.2978685 0.03017508 0.02020617 -0.0199537 -0.2881209
-0.09058662 0.1295986 0.01669766 -0.002382388 -0.002467589
-0.02379056 0.01373711 0.003288462 -0.0121326 0.03371185
-0.01322549 -0.008764353 0.02684877 -0.001583332 -0.009420463
0.005941641 -0.05170034 -0.01424085
0.1223923 0.005111365 0.01330487 0.02493674 0.01590266
-0.008823689 -0.01704964 0.1827834 0.02768377 0.0127329
-0.01118278 0.02106413 -0.006927917 0.05438505 0.06512315
0.3029978 0.02941944 0.01890229 -0.01706632 -0.2861826
-0.08632919 0.1310821 0.01968545 -0.003293336 -0.00325687
-0.02355516 0.0103517 0.000204771 -0.0149376 0.03632271
-0.01513977 -0.01040943 0.0301985 -0.001808988 -0.0108194
0.008657812 -0.06103155 -0.0169328
1.998024 1.982556 1.9975 1.988321 1.997171
1.988811 0.1874775 1.988042 1.989319 1.995003
1.981946 1.982957 1.992775 1.991399 0.3135921
1.989628 1.992327 1.995615 0.5261097 1.985821
0.805196 1.986509 1.996951 1.99861 1.999454
1.992847 1.98713 1.992573 1.991697 1.990864
1.988418 1.993131 1.99001 1.988892 1.991554
1.908935 1.977275
1.998024 1.982556 1.9975 1.988321 1.997171
1.988811 0.1803928 1.988042 1.989319 1.995003
1.981946 1.982957 1.992775 1.991399 0.2968365
1.989628 1.992327 1.995615 0.5542932 1.985821
0.7814542 1.986509 1.996951 1.99861 1.999454
1.992847 1.98713 1.992573 1.991697 1.990864
1.988418 1.878725 1.99001 1.988892 1.991554
1.908935 1.977275
0.7631344
0.2205224 0.004665465 0.009448854 0.02435798 0.004759091
-0.005795384 -0.03964557 0.1541295 0.02364208 0.007229276
-0.01889232 0.03214183 -0.0173584 0.06523344 0.07550126
0.3037131 0.008994642 0.01098859 -0.0533265 -0.3030706
-0.09451389 0.1355056 0.02504079 -0.01000158 -3.903788e-06
-0.02877117 0.01842551 -0.003690157 -0.01429507 0.01039891
0.01250859 -0.02957898 0.04087481 0.01306096 0.001075796
8.896338e-05 -0.03843781 -0.05174911
0.1223898 0.005110794 0.01330478 0.02493624 0.01590297
-0.008823033 -0.01705016 0.1827851 0.02768471 0.01273306
-0.0111829 0.02106422 -0.006927318 0.05438567 0.06512289
0.3029955 0.02941941 0.01890183 -0.01706599 -0.2861809
-0.08632889 0.1310834 0.01968584 -0.003293369 -0.003256831
-0.02355484 0.01035168 0.0002048179 -0.01493729 0.03632226
-0.01513977 -0.01040998 0.03019897 -0.001809174 -0.01081942
0.008658053 -0.06103135 -0.01693291
1.998024 1.982556 1.9975 1.988321 1.997171
1.988811 1.997454 1.988042 1.989319 1.995003
1.981946 0.1163104 0.3433027 0.7518574 1.995308
1.989628 1.992327 1.995615 1.988922 1.985821
1.977309 1.986509 1.996951 1.99861 1.999454
1.992847 0.2902484 1.992573 1.991697 1.990864
1.988418 1.993131 1.99001 1.988892 0.1410073
1.212867 0.3462377
1.998024 1.982556 1.9975 1.988321 1.997171
1.988811 0.1803924 1.988042 1.989319 1.995003
1.981946 1.982957 1.992775 1.991399 0.2968381
1.989628 1.992327 1.995615 0.5542868 1.985821
0.7815702 1.986509 1.996951 1.99861 1.999454
1.992847 1.98713 1.992573 1.991697 1.990864
1.988418 1.87894 1.99001 1.988892 1.991554
1.908935 1.977275
0.9961609
0.1119627 0.003178866 0.0116573 0.02047371 0.01824859
-0.00767998 -0.01593878 0.2033812 0.02662962 0.01394718
-0.007749842 0.0226231 -0.004147448 0.05624144 0.07413425
0.2978693 0.03017531 0.02020626 -0.01995348 -0.2881215
-0.0905866 0.1295984 0.01669748 -0.002382301 -0.002467576
-0.02379062 0.01373715 0.003288639 -0.01213258 0.03371212
-0.01322561 -0.008764077 0.02684849 -0.001583327 -0.009420437
0.005941504 -0.05170026 -0.01424076
0.1223944 0.005111197 0.01330537 0.02493645 0.0159041
-0.008822686 -0.01705093 0.1827802 0.02768473 0.01273288
-0.01118338 0.02106398 -0.006927935 0.054385 0.06512284
0.3029965 0.02941917 0.0189025 -0.01706756 -0.2861826
-0.08632921 0.1310835 0.01968559 -0.003293331 -0.003256355
-0.02355481 0.01035185 0.0002043666 -0.01493702 0.03632258
-0.01513995 -0.01041074 0.03019996 -0.001808979 -0.01081916
0.008659352 -0.06103243 -0.01693294
1.998024 1.982556 1.9975 1.988321 1.997171
1.988811 0.1874789 1.988042 1.989319 1.995003
1.981946 1.982957 1.992775 1.991399 0.3135946
1.989628 1.992327 1.995615 0.5261233 1.985821
0.8051791 1.986509 1.996951 1.99861 1.999454
1.992847 1.98713 1.992573 1.991697 1.990864
1.988418 1.993131 1.99001 1.988892 1.991554
1.908935 1.977275
1.998024 1.982556 1.9975 1.988321 1.997171
1.988811 0.1803733 1.988042 1.989319 1.995003
1.981946 1.982957 1.992775 1.991399 0.2968338
1.989628 1.992327 1.995615 0.5542762 1.985821
0.7815567 1.986509 1.996951 1.99861 1.999454
1.992847 1.98713 1.992573 1.991697 1.990864
1.988418 1.879037 1.99001 1.988892 1.991554
1.908935 1.977275
0.9961634
0.1119636 0.003179055 0.01165735 0.02047368 0.0182487
-0.007679964 -0.01593873 0.2033802 0.02662963 0.01394718
-0.007749901 0.02262307 -0.004147691 0.05624129 0.07413426
0.2978692 0.03017528 0.02020637 -0.01995371 -0.2881218
-0.09058665 0.1295986 0.01669752 -0.002382385 -0.002467519
-0.02379055 0.01373715 0.003288443 -0.0121326 0.03371211
-0.01322561 -0.008764219 0.02684877 -0.001583378 -0.009420427
0.005941625 -0.05170047 -0.01424076
0.1223886 0.005110554 0.01330452 0.0249365 0.01590448
-0.008822991 -0.01705089 0.1827841 0.02768656 0.01273365
-0.0111828 0.02106439 -0.006927122 0.05438599 0.06512317
0.302991 0.02941926 0.01890093 -0.01706604 -0.2861775
-0.0863287 0.1310822 0.01968666 -0.003292773 -0.003257271
-0.02355465 0.01035066 0.0002053131 -0.01493653 0.03632211
-0.01513998 -0.01041043 0.03019961 -0.001809601 -0.0108189
0.008659235 -0.06103212 -0.01693256
1.998024 1.982556 1.9975 1.988321 1.997171
1.988811 0.1874758 1.988042 1.989319 1.995003
1.981946 1.982957 1.992775 1.991399 0.3135887
1.989628 1.992327 1.995615 0.5261213 1.985821
0.8051772 1.986509 1.996951 1.99861 1.999454
1.992847 1.98713 1.992573 1.991697 1.990864
1.988418 1.993131 1.99001 1.988892 1.991554
1.908935 1.977275
1.998024 1.982556 1.9975 1.988321 1.997171
1.988811 0.1803884 1.988042 1.989319 1.995003
1.981946 1.982957 1.992775 1.991399 0.2968424
1.989628 1.992327 1.995615 0.5542436 1.985821
0.781633 1.986509 1.996951 1.99861 1.999454
1.992847 1.98713 1.992573 1.991697 1.990864
1.988418 1.879899 1.99001 1.988892 1.991554
1.908935 1.977275
0.9961613
0.1119621 0.003178683 0.01165744 0.02047365 0.01824871
-0.007680253 -0.01593894 0.2033815 0.02662883 0.01394727
-0.007749858 0.02262318 -0.004147509 0.05624125 0.07413389
0.2978701 0.03017591 0.02020665 -0.01995317 -0.2881233
-0.09058648 0.1295992 0.01669719 -0.002382355 -0.00246737
-0.02379041 0.01373738 0.00328864 -0.01213253 0.03371262
-0.01322594 -0.008763862 0.02684854 -0.001583496 -0.009420431
0.005941315 -0.05170028 -0.01424063
0.1223908 0.005111031 0.01330467 0.02493618 0.015903
-0.008822786 -0.01704997 0.1827841 0.02768536 0.01273309
-0.01118294 0.02106415 -0.006927483 0.05438569 0.06512313
0.3029943 0.02941894 0.01890155 -0.01706633 -0.2861797
-0.086329 0.1310831 0.01968613 -0.003293483 -0.003256958
-0.02355487 0.01035153 0.000204693 -0.01493737 0.03632184
-0.01513951 -0.01041028 0.03019926 -0.001809145 -0.01081946
0.008658231 -0.06103143 -0.01693298
1.998024 1.982556 1.9975 1.988321 1.997171
1.988811 0.1874767 1.988042 1.989319 1.995003
1.981946 1.982957 1.992775 1.991399 0.3135872
1.989628 1.992327 1.995615 0.5261609 1.985821
0.8051897 1.986509 1.996951 1.99861 1.999454
1.992847 1.98713 1.992573 1.991697 1.990864
1.988418 1.993131 1.99001 1.988892 1.991554
1.908935 1.977275
1.998024 1.982556 1.9975 1.988321 1.997171
1.988811 0.1803918 1.988042 1.989319 1.995003
1.981946 1.982957 1.992775 1.991399 0.2968371
1.989628 1.992327 1.995615 0.5542541 1.985821
0.7815721 1.986509 1.996951 1.99861 1.999454
1.992847 1.98713 1.992573 1.991697 1.990864
1.988418 1.878941 1.99001 1.988892 1.991554
1.908935 1.977275
0.9961604
0.1119637 0.00317915 0.01165728 0.02047373 0.01824864
-0.007680112 -0.01593856 0.2033801 0.02662955 0.01394722
-0.007749843 0.02262311 -0.004147788 0.05624123 0.07413431
0.2978691 0.03017532 0.02020635 -0.01995361 -0.2881218
-0.09058666 0.1295984 0.01669755 -0.002382394 -0.002467571
-0.02379055 0.01373709 0.003288443 -0.01213269 0.03371213
-0.01322563 -0.008764095 0.02684872 -0.001583451 -0.009420426
0.005941479 -0.05170049 -0.01424069
0.1223885 0.005110477 0.01330478 0.02493582 0.01590281
-0.008822437 -0.01705033 0.1827863 0.02768519 0.01273298
-0.01118305 0.0210642 -0.006926923 0.05438607 0.06512274
0.3029947 0.0294192 0.0189016 -0.01706588 -0.2861801
-0.08632878 0.1310845 0.01968598 -0.003293559 -0.003256735
-0.02355473 0.01035189 0.0002047399 -0.01493728 0.03632182
-0.01513959 -0.01041036 0.03019917 -0.001809101 -0.01081958
0.008658049 -0.06103099 -0.01693312
1.998024 1.982556 1.9975 1.988321 1.997171
1.988811 0.187477 1.988042 1.989319 1.995003
1.981946 1.982957 1.992775 1.991399 0.3135862
1.989628 1.992327 1.995615 0.5261219 1.985821
0.8051634 1.986509 1.996951 1.99861 1.999454
1.992847 1.98713 1.992573 1.991697 1.990864
1.988418 1.993131 1.99001 1.988892 1.991554
1.908935 1.977275
1.998024 1.982556 1.9975 1.988321 1.997171
1.988811 0.1803932 1.988042 1.989319 1.995003
1.981946 1.982957 1.992775 1.991399 0.2968413
1.989628 1.992327 1.995615 0.5542786 1.985821
0.7816377 1.986509 1.996951 1.99861 1.999454
1.992847 1.98713 1.992573 1.991697 1.990864
1.988418 1.878841 1.99001 1.988892 1.991554
1.908935 1.977275
0.9961606
0.1119634 0.003179024 0.0116574 0.02047374 0.01824874
-0.007680344 -0.0159387 0.2033802 0.02662893 0.01394727
-0.007749858 0.02262316 -0.004147841 0.05624107 0.07413406
0.2978699 0.03017576 0.02020666 -0.01995343 -0.2881232
-0.09058659 0.1295989 0.0166973 -0.002382404 -0.002467415
-0.02379044 0.01373726 0.00328847 -0.01213263 0.03371254
-0.01322587 -0.008763914 0.02684871 -0.00158354 -0.009420407
0.005941381 -0.05170052 -0.01424059
0.1223899 0.005110814 0.0133047 0.02493588 0.01590284
-0.008822451 -0.01705008 0.182785 0.02768544 0.01273303
-0.01118304 0.02106414 -0.006927243 0.05438591 0.06512295
0.3029941 0.02941893 0.01890152 -0.0170662 -0.2861796
-0.0863289 0.131084 0.01968614 -0.003293631 -0.003256836
-0.02355476 0.01035175 0.0002045986 -0.01493739 0.03632164
-0.01513946 -0.01041048 0.03019937 -0.00180913 -0.01081958
0.00865813 -0.06103119 -0.01693312
1.998024 1.982556 1.9975 1.988321 1.997171
1.988811 0.1874752 1.988042 1.989319 1.995003
1.981946 1.982957 1.992775 1.991399 0.3135821
1.989628 1.992327 1.995615 0.5261492 1.985821
0.805164 1.986509 1.996951 1.99861 1.999454
1.992847 1.98713 1.992573 1.991697 1.990864
1.988418 1.993131 1.99001 1.988892 1.991554
1.908935 1.977275
1.998024 1.982556 1.9975 1.988321 1.997171
1.988811 0.1803921 1.988042 1.989319 1.995003
1.981946 1.982957 1.992775 1.991399 0.2968372
1.989628 1.992327 1.995615 0.5542588 1.985821
0.7816152 1.986509 1.996951 1.99861 1.999454
1.992847 1.98713 1.992573 1.991697 1.990864
1.988418 1.878837 1.99001 1.988892 1.991554
1.908935 1.977275
0.996161
0.1119638 0.00317873 0.01165783 0.02047359 0.01824921
-0.007680199 -0.01593941 0.2033796 0.02662833 0.01394716
-0.007750128 0.02262307 -0.004147832 0.05624085 0.0741336
0.2978714 0.03017616 0.02020729 -0.01995373 -0.2881255
-0.09058654 0.1296001 0.01669688 -0.002382434 -0.002466983
-0.02379031 0.01373768 0.00328836 -0.01213228 0.03371305
-0.01322615 -0.008764175 0.02684906 -0.001583426 -0.009420357
0.005941887 -0.05170073 -0.01424063
0.1223912 0.005111075 0.01330473 0.02493636 0.01590344
-0.008823037 -0.01705019 0.1827833 0.02768519 0.01273321
-0.01118293 0.02106418 -0.006927635 0.0543855 0.06512308
0.3029942 0.0294192 0.01890171 -0.0170664 -0.2861802
-0.08632898 0.1310829 0.01968608 -0.003293308 -0.00325693
-0.02355479 0.0103514 0.0002047289 -0.01493721 0.03632216
-0.01513976 -0.01041023 0.03019939 -0.001809297 -0.01081928
0.008658463 -0.06103181 -0.01693283
1.998024 1.982556 1.9975 1.988321 1.997171
1.988811 0.1874658 1.988042 1.989319 1.995003
1.981946 1.982957 1.992775 1.991399 0.3135811
1.989628 1.992327 1.995615 0.5261812 1.985821
0.8051994 1.986509 1.996951 1.99861 1.999454
1.992847 1.98713 1.992573 1.991697 1.990864
1.988418 1.993131 1.99001 1.988892 1.991554
1.908935 1.977275
1.998024 1.982556 1.9975 1.988321 1.997171
1.988811 0.1803885 1.988042 1.989319 1.995003
1.981946 1.982957 1.992775 1.991399 0.2968335
1.989628 1.992327 1.995615 0.5542651 1.985821
0.7815624 1.986509 1.996951 1.99861 1.999454
1.992847 1.98713 1.992573 1.991697 1.990864
1.988418 1.879138 1.99001 1.988892 1.991554
1.908935 1.977275
0.9961016
0.1119635 0.003179264 0.01165709 0.02047409 0.01824837
-0.007680543 -0.0159382 0.2033806 0.02662944 0.01394725
-0.007749629 0.02262318 -0.004147784 0.05624124 0.07413456
0.2978694 0.0301753 0.02020611 -0.01995331 -0.2881213
-0.09058673 0.1295971 0.01669753 -0.002382227 -0.002467814
-0.02379079 0.01373687 0.003288737 -0.01213286 0.03371219
-0.01322559 -0.008763595 0.02684813 -0.001583447 -0.009420393
0.00594112 -0.05170035 -0.01424056
0.1224078 0.005114277 0.01330796 0.02492023 0.0158663
-0.008807065 -0.01703322 0.1828129 0.02766631 0.01271953
-0.01118863 0.02105882 -0.006926876 0.05438749 0.06511813
0.3030546 0.02940981 0.01891148 -0.01706849 -0.2862152
-0.0863326 0.1311277 0.01967664 -0.003312953 -0.003247725
-0.02355691 0.01037559 0.0001895919 -0.01495562 0.03630801
-0.01512663 -0.01041376 0.03019482 -0.00179837 -0.0108352
0.008634356 -0.06100823 -0.01694635
1.998024 1.982556 1.9975 1.988321 1.997171
1.988811 0.1874835 1.988042 1.989319 1.995003
1.981946 1.982957 1.992775 1.991399 0.3135917
1.989628 1.992327 1.995615 0.5261154 1.985821
0.8051054 1.986509 1.996951 1.99861 1.999454
1.992847 1.98713 1.992573 1.991697 1.990864
1.988418 1.993131 1.99001 1.988892 1.991554
1.908935 1.977275
1.998024 1.982556 1.9975 1.988321 1.997171
1.988811 0.1804915 1.988042 1.989319 1.995003
1.981946 1.982957 1.992775 1.991399 0.2967671
1.989628 1.992327 1.995615 0.554461 1.985821
0.7816469 1.986509 1.996951 1.99861 1.999454
1.992847 1.98713 1.992573 1.991697 1.990864
1.988418 1.856048 1.99001 1.988892 1.991554
1.908935 1.977275
0.542735
0.2218742 -0.0006231928 0.003233846 0.01853949 0.006853842
-0.005905124 -0.03465431 0.1443597 0.01612051 0.005816043
-0.03079654 0.03332149 -0.01827396 0.06146583 0.08412563
0.3115442 0.01122171 0.01955404 -0.05675028 -0.3044075
-0.09667662 0.1299158 0.01543002 -0.003591776 0.003361224
-0.02153656 0.01548395 -0.01386776 -0.01037373 0.009966915
0.01562551 -0.01791928 0.0417259 0.01108352 0.004850594
0.002206097 -0.0495282 -0.03997891
0.1223866 0.005110144 0.01330437 0.02493497 0.01590319
-0.008820947 -0.01705059 0.1827869 0.02768803 0.01273326
-0.01118328 0.02106417 -0.006926357 0.05438708 0.06512293
0.3029887 0.02941807 0.01890025 -0.01706605 -0.2861748
-0.08632857 0.1310857 0.01968719 -0.003293862 -0.00325701
-0.02355438 0.01035151 0.000204587 -0.01493704 0.03632019
-0.01513896 -0.01041176 0.03020036 -0.001809274 -0.01081974
0.008658701 -0.06103075 -0.01693344
1.998024 1.982556 1.9975 0.5352498 1.997171
0.502102 1.997454 1.988042 1.989319 1.995003
1.981946 1.982957 1.992775 1.991399 1.995308
1.989628 0.3729499 1.995615 1.988922 0.523409
1.977309 1.986509 1.996951 1.99861 1.999454
0.3634235 1.98713 1.992573 1.991697 1.990864
1.988418 1.993131 0.1490584 1.988892 0.09981088
1.712498 1.977275
1.998024 1.982556 1.9975 1.988321 1.997171
1.988811 0.1803931 1.988042 1.989319 1.995003
1.981946 1.982957 1.992775 1.991399 0.2968435
1.989628 1.992327 1.995615 0.5541947 1.985821
0.781808 1.986509 1.996951 1.99861 1.999454
1.992847 1.98713 1.992573 1.991697 1.990864
1.988418 1.87913 1.99001 1.988892 1.991554
1.908935 1.977275
0.9961607
0.1119637 0.003179117 0.01165729 0.02047371 0.01824864
-0.007680039 -0.01593861 0.2033802 0.02662963 0.0139472
-0.007749858 0.02262309 -0.004147736 0.05624128 0.07413432
0.297869 0.03017527 0.02020632 -0.01995365 -0.2881216
-0.09058665 0.1295984 0.01669756 -0.002382387 -0.00246757
-0.02379056 0.0137371 0.003288449 -0.01213266 0.03371209
-0.0132256 -0.008764148 0.02684873 -0.001583418 -0.00942043
0.005941528 -0.05170047 -0.01424073
0.122391 0.005110975 0.01330484 0.02493615 0.01590316
-0.008822918 -0.0170502 0.1827839 0.02768471 0.01273308
-0.01118302 0.02106416 -0.006927559 0.05438551 0.06512284
0.3029951 0.02941938 0.01890198 -0.0170663 -0.2861812
-0.08632894 0.1310838 0.01968587 -0.003293476 -0.003256716
-0.02355471 0.01035175 0.0002045623 -0.01493732 0.03632221
-0.0151398 -0.01041023 0.03019938 -0.001809262 -0.01081941
0.008658204 -0.06103162 -0.01693295
1.998024 1.982556 1.9975 1.988321 1.997171
1.988811 0.1874769 1.988042 1.989319 1.995003
1.981946 1.982957 1.992775 1.991399 0.3135876
1.989628 1.992327 1.995615 0.5261194 1.985821
0.8051687 1.986509 1.996951 1.99861 1.999454
1.992847 1.98713 1.992573 1.991697 1.990864
1.988418 1.993131 1.99001 1.988892 1.991554
1.908935 1.977275
1.998024 1.982556 1.9975 1.988321 1.997171
1.988811 0.1803882 1.988042 1.989319 1.995003
1.981946 1.982957 1.992775 1.991399 0.2968308
1.989628 1.992327 1.995615 0.5542856 1.985821
0.7815766 1.986509 1.996951 1.99861 1.999454
1.992847 1.98713 1.992573 1.991697 1.990864
1.988418 1.878927 1.99001 1.988892 1.991554
1.908935 1.977275
0.9961625
0.1119631 0.003178976 0.01165731 0.02047369 0.01824864
-0.007680029 -0.01593871 0.2033807 0.02662955 0.0139472
-0.007749856 0.0226231 -0.004147605 0.05624134 0.07413424
0.2978692 0.03017536 0.02020634 -0.01995354 -0.2881217
-0.09058661 0.1295985 0.0166975 -0.002382358 -0.002467546
-0.02379056 0.01373715 0.003288531 -0.01213262 0.03371215
-0.01322564 -0.008764103 0.02684864 -0.001583395 -0.009420434
0.005941501 -0.05170037 -0.01424073
0.1223921 0.005111323 0.01330456 0.0249365 0.01590371
-0.008822977 -0.01705005 0.1827821 0.02768604 0.01273336
-0.01118288 0.02106416 -0.006927821 0.05438551 0.06512344
0.3029925 0.02941875 0.0189013 -0.01706671 -0.2861785
-0.08632907 0.1310819 0.01968647 -0.003293244 -0.003257198
-0.02355485 0.01035098 0.0002047743 -0.01493716 0.03632184
-0.01513957 -0.01041043 0.03019963 -0.00180934 -0.0108192
0.008658799 -0.06103206 -0.01693277
1.998024 1.982556 1.9975 1.988321 1.997171
1.988811 0.1874775 1.988042 1.989319 1.995003
1.981946 1.982957 1.992775 1.991399 0.3135899
1.989628 1.992327 1.995615 0.5261255 1.985821
0.8051764 1.986509 1.996951 1.99861 1.999454
1.992847 1.98713 1.992573 1.991697 1.990864
1.988418 1.993131 1.99001 1.988892 1.991554
1.908935 1.977275
1.998024 1.982556 1.9975 1.988321 1.997171
1.988811 0.1803882 1.988042 1.989319 1.995003
1.981946 1.982957 1.992775 1.991399 0.2968342
1.989628 1.992327 1.995615 0.5542265 1.985821
0.781554 1.986509 1.996951 1.99861 1.999454
1.992847 1.98713 1.992573 1.991697 1.990864
1.988418 1.879332 1.99001 1.988892 1.991554
1.908935 1.977275
0.9961611
0.1119608 0.003178307 0.01165745 0.02047346 0.01824867
-0.007679619 -0.01593934 0.2033827 0.02662959 0.01394714
-0.007749945 0.02262309 -0.004146926 0.05624174 0.07413393
0.2978695 0.03017547 0.02020633 -0.0199533 -0.2881217
-0.09058643 0.1295994 0.01669733 -0.002382273 -0.002467413
-0.02379052 0.01373741 0.003288786 -0.01213234 0.03371219
-0.0132257 -0.008764245 0.02684846 -0.001583211 -0.00942048
0.005941628 -0.05169996 -0.0142409
0.1223905 0.00511093 0.01330474 0.02493601 0.01590281
-0.008822654 -0.01705 0.1827846 0.0276851 0.012733
-0.01118301 0.02106413 -0.006927391 0.05438574 0.06512296
0.3029948 0.02941903 0.0189017 -0.01706625 -0.2861802
-0.08632896 0.1310838 0.019686 -0.003293604 -0.003256814
-0.02355481 0.01035177 0.0002045853 -0.01493744 0.03632183
-0.01513952 -0.01041032 0.03019926 -0.001809116 -0.01081956
0.008658067 -0.06103127 -0.01693307
1.998024 1.982556 1.9975 1.988321 1.997171
1.988811 0.1874783 1.988042 1.989319 1.995003
1.981946 1.982957 1.992775 1.991399 0.3136021
1.989628 1.992327 1.995615 0.5261395 1.985821
0.8052402 1.986509 1.996951 1.99861 1.999454
1.992847 1.98713 1.992573 1.991697 1.990864
1.988418 1.993131 1.99001 1.988892 1.991554
1.908935 1.977275
1.998024 1.982556 1.9975 1.988321 1.997171
1.988811 0.1803918 1.988042 1.989319 1.995003
1.981946 1.982957 1.992775 1.991399 0.2968359
1.989628 1.992327 1.995615 0.5542665 1.985821
0.7815879 1.986509 1.996951 1.99861 1.999454
1.992847 1.98713 1.992573 1.991697 1.990864
1.988418 1.8788 1.99001 1.988892 1.991554
1.908935 1.977275
0.5075893
0.1119642 0.003179209 0.01165732 0.0204737 0.0182487
-0.007679981 -0.01593861 0.2033797 0.02662972 0.01394717
-0.007749899 0.02262306 -0.004147827 0.05624122 0.07413435
0.297869 0.03017519 0.02020635 -0.01995382 -0.2881216
-0.0905867 0.1295984 0.01669759 -0.00238241 -0.002467552
-0.02379057 0.01373709 0.003288365 -0.01213265 0.03371204
-0.01322557 -0.008764258 0.02684885 -0.001583396 -0.009420421
0.005941652 -0.05170057 -0.01424075
0.1970849 0.0009348551 0.01752818 0.03529565 -0.005032266
-0.008739737 -0.0246828 0.1246196 0.02616448 0.007646331
-0.0226108 0.03030703 -0.01733862 0.05986478 0.07037287
0.3217123 0.009052912 0.0130996 -0.04267369 -0.3018774
-0.08074052 0.1299125 0.01445103 -0.004888319 0.01258412
-0.0264002 0.01653724 -0.002566848 -0.01564385 0.02089893
-0.0004068095 -0.01163154 0.02754277 0.01549758 0.009858836
-0.01169478 -0.06433877 -0.03674391
1.998024 1.982556 1.9975 1.988321 1.997171
1.988811 0.1874754 1.988042 1.989319 1.995003
1.981946 1.982957 1.992775 1.991399 0.3135866
1.989628 1.992327 1.995615 0.5261142 1.985821
0.8051673 1.986509 1.996951 1.99861 1.999454
1.992847 1.98713 1.992573 1.991697 1.990864
1.988418 1.993131 1.99001 1.988892 1.991554
1.908935 1.977275
1.998024 1.982556 1.9975 0.5812644 1.997171
1.988811 1.997454 1.988042 1.989319 1.995003
1.981946 1.982957 1.992775 1.991399 1.995308
1.989628 1.102938 1.995615 1.988922 0.2456206
1.977309 1.986509 1.996951 1.99861 1.176002
1.992847 1.98713 1.158056 1.991697 1.990864
1.988418 0.4095076 0.07663683 1.988892 1.991554
0.2716106 1.977275
0.996166
0.1119634 0.003179053 0.0116573 0.02047368 0.01824864
-0.007680033 -0.01593865 0.2033804 0.02662957 0.01394722
-0.007749859 0.0226231 -0.004147689 0.0562413 0.07413426
0.297869 0.03017534 0.02020634 -0.01995358 -0.2881217
-0.09058662 0.1295986 0.01669754 -0.002382392 -0.00246755
-0.02379053 0.01373713 0.003288465 -0.01213265 0.03371212
-0.01322563 -0.008764135 0.02684872 -0.001583431 -0.009420437
0.005941497 -0.05170043 -0.01424072
0.1223971 0.005112965 0.0133037 0.02493771 0.01590446
-0.008824163 -0.01704867 0.1827765 0.02768789 0.0127341
-0.01118225 0.02106415 -0.006929341 0.05438478 0.06512507
0.3029876 0.02941762 0.01890018 -0.01706756 -0.286174
-0.08632957 0.1310764 0.01968765 -0.003292785 -0.003258495
-0.02355524 0.01034909 0.0002050433 -0.01493731 0.0363214
-0.01513917 -0.01041013 0.03019986 -0.001809774 -0.01081871
0.008659368 -0.06103336 -0.01693216
1.998024 1.982556 1.9975 1.988321 1.997171
1.988811 0.187477 1.988042 1.989319 1.995003
1.981946 1.982957 1.992775 1.991399 0.3135875
1.989628 1.992327 1.995615 0.5261237 1.985821
0.8051754 1.986509 1.996951 1.99861 1.999454
1.992847 1.98713 1.992573 1.991697 1.990864
1.988418 1.993131 1.99001 1.988892 1.991554
1.908935 1.977275
1.998024 1.982556 1.9975 1.988321 1.997171
1.988811 0.1803922 1.988042 1.989319 1.995003
1.981946 1.982957 1.992775 1.991399 0.2968246
1.989628 1.992327 1.995615 0.5541098 1.985821
0.781374 1.986509 1.996951 1.99861 1.999454
1.992847 1.98713 1.992573 1.991697 1.990864
1.988418 1.880076 1.99001 1.988892 1.991554
1.908935 1.977275
0.9961596
0.1119628 0.003178918 0.01165731 0.02047359 0.01824863
-0.007679956 -0.01593874 0.203381 0.02662957 0.01394723
-0.007749865 0.02262312 -0.00414756 0.05624138 0.07413418
0.2978689 0.0301754 0.02020633 -0.01995347 -0.2881217
-0.09058656 0.1295988 0.01669753 -0.002382402 -0.002467527
-0.02379047 0.01373718 0.003288495 -0.01213262 0.03371211
-0.01322566 -0.008764156 0.02684872 -0.00158344 -0.009420459
0.005941458 -0.05170033 -0.01424075
0.122402 0.005111611 0.01330662 0.02493621 0.01590591
-0.008821326 -0.01705262 0.1827721 0.02768471 0.01273236
-0.01118455 0.02106349 -0.006928737 0.05438407 0.06512234
0.3029985 0.02941871 0.01890391 -0.01707044 -0.2861862
-0.08632967 0.1310857 0.01968505 -0.003293634 -0.003255095
-0.02355452 0.01035275 0.0002031868 -0.01493659 0.03632285
-0.01514021 -0.01041262 0.03020216 -0.001808545 -0.01081893
0.008661608 -0.06103402 -0.01693331
1.998024 1.982556 1.9975 1.988321 1.997171
1.988811 0.1874775 1.988042 1.989319 1.995003
1.981946 1.982957 1.992775 1.991399 0.3135882
1.989628 1.992327 1.995615 0.5261283 1.985821
0.8051926 1.986509 1.996951 1.99861 1.999454
1.992847 1.98713 1.992573 1.991697 1.990864
1.988418 1.993131 1.99001 1.988892 1.991554
1.908935 1.977275
1.998024 1.982556 1.9975 1.988321 1.997171
1.988811 0.1803357 1.988042 1.989319 1.995003
1.981946 1.982957 1.992775 1.991399 0.2968233
1.989628 1.992327 1.995615 0.5542706 1.985821
0.7816114 1.986509 1.996951 1.99861 1.999454
1.992847 1.98713 1.992573 1.991697 1.990864
1.988418 1.878921 1.99001 1.988892 1.991554
1.908935 1.977275
0.2922009
0.1871772 -0.004034314 0.01816331 0.01979243 -0.005900281
0.0005836215 -0.03137747 0.1481264 0.03363056 0.004308956
-0.03184567 0.03509365 -0.01180176 0.06173717 0.08161045
0.3025661 0.01790892 0.0249103 -0.04982976 -0.2981016
-0.09713159 0.1236404 0.03014031 -0.003670596 0.015471
-0.02075675 0.02189051 -0.000219465 -0.004405086 0.001814352
-0.002495132 -0.01913219 0.03896634 0.02214532 0.004401371
-0.01782444 -0.03928038 -0.03366222
0.1223884 0.005110431 0.01330488 0.02493569 0.01590261
-0.008822532 -0.01705033 0.1827868 0.02768447 0.01273292
-0.01118309 0.0210642 -0.00692695 0.05438597 0.06512247
0.3029958 0.02941957 0.01890197 -0.01706571 -0.2861814
-0.08632873 0.1310853 0.01968572 -0.003293669 -0.003256525
-0.02355462 0.0103522 0.0002045822 -0.01493738 0.03632205
-0.01513975 -0.01041024 0.03019913 -0.001809162 -0.01081966
0.008657734 -0.06103091 -0.01693316
0.5732382 1.982556 1.9975 1.988321 1.997171
1.988811 1.997454 1.988042 1.989319 1.995003
1.981946 1.982957 1.992775 1.991399 1.995308
1.989628 1.992327 0.9553401 1.988922 1.985821
0.1161544 1.986509 1.996951 1.99861 0.6588349
1.231688 1.98713 1.992573 1.991697 1.990864
1.988418 0.04130401 1.99001 1.988892 1.991554
1.908935 1.977275
1.998024 1.982556 1.9975 1.988321 1.997171
1.988811 0.1803927 1.988042 1.989319 1.995003
1.981946 1.982957 1.992775 1.991399 0.2968355
1.989628 1.992327 1.995615 0.5543089 1.985821
0.7816387 1.986509 1.996951 1.99861 1.999454
1.992847 1.98713 1.992573 1.991697 1.990864
1.988418 1.878678 1.99001 1.988892 1.991554
1.908935 1.977275
0.9961606
0.1119633 0.003179071 0.01165726 0.02047367 0.0182486
-0.007679995 -0.0159386 0.2033805 0.02662969 0.01394722
-0.007749845 0.0226231 -0.004147669 0.05624134 0.07413431
0.2978688 0.03017526 0.02020627 -0.01995358 -0.2881214
-0.09058663 0.1295985 0.01669759 -0.002382393 -0.00246759
-0.02379054 0.01373709 0.003288466 -0.01213267 0.03371203
-0.01322559 -0.008764154 0.02684871 -0.001583428 -0.009420446
0.00594148 -0.0517004 -0.01424074
0.1223904 0.005110925 0.01330474 0.02493607 0.01590287
-0.008822708 -0.01705003 0.1827846 0.02768511 0.01273302
-0.01118299 0.02106414 -0.006927392 0.05438573 0.06512298
0.3029948 0.02941905 0.01890169 -0.01706624 -0.2861802
-0.08632896 0.1310836 0.019686 -0.003293554 -0.003256835
-0.02355482 0.01035172 0.000204632 -0.0149374 0.03632188
-0.01513955 -0.01041029 0.03019924 -0.00180912 -0.01081952
0.008658112 -0.06103131 -0.01693304
1.998024 1.982556 1.9975 1.988321 1.997171
1.988811 0.1874778 1.988042 1.989319 1.995003
1.981946 1.982957 1.992775 1.991399 0.3135881
1.989628 1.992327 1.995615 0.5261188 1.985821
0.8051761 1.986509 1.996951 1.99861 1.999454
1.992847 1.98713 1.992573 1.991697 1.990864
1.988418 1.993131 1.99001 1.988892 1.991554
1.908935 1.977275
1.998024 1.982556 1.9975 1.988321 1.997171
1.988811 0.1803917 1.988042 1.989319 1.995003
1.981946 1.982957 1.992775 1.991399 0.2968366
1.989628 1.992327 1.995615 0.5542664 1.985821
0.7815841 1.986509 1.996951 1.99861 1.999454
1.992847 1.98713 1.992573 1.991697 1.990864
1.988418 1.878842 1.99001 1.988892 1.991554
1.908935 1.977275
0.9961608
0.1119627 0.003179231 0.01165699 0.02047364 0.01824831
-0.007680231 -0.01593808 0.2033811 0.02662969 0.01394741
-0.007749656 0.02262324 -0.004147786 0.05624137 0.07413442
0.2978678 0.03017535 0.02020604 -0.01995313 -0.2881207
-0.09058655 0.1295984 0.01669781 -0.002382489 -0.002467779
-0.02379039 0.01373693 0.003288434 -0.01213295 0.03371189
-0.01322558 -0.008763894 0.02684866 -0.001583715 -0.009420506
0.005940916 -0.05170028 -0.01424062
0.1223908 0.005110942 0.01330492 0.02493637 0.01590337
-0.008823471 -0.01705034 0.1827841 0.02768383 0.01273318
-0.01118293 0.02106425 -0.006927681 0.05438525 0.06512263
0.3029961 0.02942005 0.01890239 -0.01706603 -0.2861827
-0.08632885 0.1310838 0.01968559 -0.003293282 -0.003256617
-0.0235546 0.01035177 0.0002046371 -0.01493722 0.03632284
-0.01514022 -0.01040983 0.03019921 -0.00180947 -0.01081926
0.008658064 -0.06103187 -0.01693275
1.998024 1.982556 1.9975 1.988321 1.997171
1.988811 0.187483 1.988042 1.989319 1.995003
1.981946 1.982957 1.992775 1.991399 0.3135792
1.989628 1.992327 1.995615 0.526119 1.985821
0.805168 1.986509 1.996951 1.99861 1.999454
1.992847 1.98713 1.992573 1.991697 1.990864
1.988418 1.993131 1.99001 1.988892 1.991554
1.908935 1.977275
1.998024 1.982556 1.9975 1.988321 1.997171
1.988811 0.1803871 1.988042 1.989319 1.995003
1.981946 1.982957 1.992775 1.991399 0.296825
1.989628 1.992327 1.995615 0.5543253 1.985821
0.7815511 1.986509 1.996951 1.99861 1.999454
1.992847 1.98713 1.992573 1.991697 1.990864
1.988418 1.87904 1.99001 1.988892 1.991554
1.908935 1.977275
0.9961616
0.1119631 0.003179031 0.01165724 0.02047363 0.01824857
-0.007679945 -0.0159386 0.2033808 0.02662976 0.01394723
-0.007749838 0.02262311 -0.00414761 0.0562414 0.07413431
0.2978687 0.03017524 0.02020622 -0.01995353 -0.2881212
-0.0905866 0.1295985 0.01669763 -0.0023824 -0.002467604
-0.02379052 0.01373709 0.003288475 -0.01213267 0.03371198
-0.01322557 -0.008764172 0.02684871 -0.001583434 -0.00942046
0.005941451 -0.05170035 -0.01424076
0.1223897 0.005110324 0.01330505 0.02493593 0.01590414
-0.008821822 -0.01705135 0.1827836 0.02768654 0.01273304
-0.01118335 0.02106413 -0.006926831 0.05438612 0.06512283
0.3029931 0.02941873 0.01890135 -0.01706685 -0.2861788
-0.08632886 0.1310842 0.01968628 -0.003293264 -0.003256646
-0.02355472 0.01035157 0.0002048282 -0.01493666 0.03632171
-0.01513963 -0.01041122 0.03019999 -0.001808977 -0.01081924
0.008659552 -0.06103171 -0.01693308
1.998024 1.982556 1.9975 1.988321 1.997171
1.988811 0.1874784 1.988042 1.989319 1.995003
1.981946 1.982957 1.992775 1.991399 0.3135885
1.989628 1.992327 1.995615 0.5261178 1.985821
0.8051832 1.986509 1.996951 1.99861 1.999454
1.992847 1.98713 1.992573 1.991697 1.990864
1.988418 1.993131 1.99001 1.988892 1.991554
1.908935 1.977275
1.998024 1.982556 1.9975 1.988321 1.997171
1.988811 0.1803806 1.988042 1.989319 1.995003
1.981946 1.982957 1.992775 1.991399 0.2968506
1.989628 1.992327 1.995615 0.5542385 1.985821
0.7816928 1.986509 1.996951 1.99861 1.999454
1.992847 1.98713 1.992573 1.991697 1.990864
1.988418 1.879326 1.99001 1.988892 1.991554
1.908935 1.977275
0.996162
0.1119625 0.003178875 0.01165729 0.02047366 0.01824858
-0.007680055 -0.01593872 0.2033812 0.02662946 0.01394724
-0.007749825 0.02262314 -0.004147515 0.05624139 0.07413418
0.2978692 0.03017546 0.02020632 -0.01995336 -0.2881218
-0.09058655 0.1295987 0.01669748 -0.002382359 -0.00246755
-0.02379051 0.01373718 0.003288586 -0.01213263 0.03371219
-0.01322568 -0.008764028 0.02684857 -0.001583437 -0.009420452
0.005941373 -0.05170027 -0.01424072
0.1223883 0.005110677 0.01330446 0.0249363 0.01590307
-0.008822955 -0.01705006 0.1827859 0.02768582 0.01273326
-0.01118272 0.0210643 -0.006927058 0.05438605 0.06512322
0.3029933 0.02941903 0.01890107 -0.01706573 -0.2861783
-0.08632883 0.1310825 0.01968633 -0.003293201 -0.00325725
-0.02355493 0.01035117 0.00020517 -0.01493716 0.03632184
-0.01513954 -0.01041002 0.03019886 -0.001809219 -0.01081936
0.008658198 -0.06103121 -0.01693283
1.998024 1.982556 1.9975 1.988321 1.997171
1.988811 0.1874788 1.988042 1.989319 1.995003
1.981946 1.982957 1.992775 1.991399 0.3135898
1.989628 1.992327 1.995615 0.5261317 1.985821
0.8051843 1.986509 1.996951 1.99861 1.999454
1.992847 1.98713 1.992573 1.991697 1.990864
1.988418 1.993131 1.99001 1.988892 1.991554
1.908935 1.977275
1.998024 1.982556 1.9975 1.988321 1.997171
1.988811 0.1803978 1.988042 1.989319 1.995003
1.981946 1.982957 1.992775 1.991399 0.2968463
1.989628 1.992327 1.995615 0.554249 1.985821
0.7815886 1.986509 1.996951 1.99861 1.999454
1.992847 1.98713 1.992573 1.991697 1.990864
1.988418 1.879214 1.99001 1.988892 1.991554
1.908935 1.977275
0.5071858
0.1119638 0.003179144 0.0116573 0.02047364 0.01824867
-0.007679999 -0.0159386 0.2033801 0.02662963 0.01394722
-0.007749881 0.02262309 -0.004147789 0.05624125 0.07413428
0.2978688 0.0301753 0.02020636 -0.01995368 -0.2881217
-0.09058664 0.1295986 0.01669759 -0.002382439 -0.002467539
-0.02379049 0.01373712 0.003288367 -0.01213267 0.03371207
-0.01322562 -0.008764217 0.02684886 -0.001583461 -0.00942044
0.005941538 -0.05170051 -0.01424073
0.1971087 0.0009442726 0.01752905 0.0352728 -0.005049512
-0.008744431 -0.02468047 0.1246268 0.02616032 0.007629399
-0.02263356 0.03030095 -0.01736209 0.05985927 0.07037436
0.321707 0.009045726 0.01312476 -0.04265527 -0.3018689
-0.08076072 0.1299088 0.01445088 -0.004890329 0.01258406
-0.02638661 0.01654821 -0.002567848 -0.01562481 0.02091242
-0.0004113858 -0.01164552 0.02756046 0.01550586 0.00985564
-0.01170931 -0.06433672 -0.0367354
1.998024 1.982556 1.9975 1.988321 1.997171
1.988811 0.187476 1.988042 1.989319 1.995003
1.981946 1.982957 1.992775 1.991399 0.3135847
1.989628 1.992327 1.995615 0.5261209 1.985821
0.805177 1.986509 1.996951 1.99861 1.999454
1.992847 1.98713 1.992573 1.991697 1.990864
1.988418 1.993131 1.99001 1.988892 1.991554
1.908935 1.977275
1.998024 1.982556 1.9975 0.582467 1.997171
1.988811 1.997454 1.988042 1.989319 1.995003
1.981946 1.982957 1.992775 1.991399 1.995308
1.989628 1.098073 1.995615 1.988922 0.2456681
1.977309 1.986509 1.996951 1.99861 1.170554
1.992847 1.98713 1.166033 1.991697 1.990864
1.988418 0.4093731 0.07662149 1.988892 1.991554
0.2716056 1.977275
0.03302556
0.212588 0.001346364 0.01460117 0.02077202 0.005284279
-0.004940335 -0.03101738 0.1455479 0.01927472 0.002582203
-0.0245833 0.03287615 -0.01342244 0.0637919 0.07722955
0.3095771 0.01198598 0.01280537 -0.05183235 -0.2978694
-0.1006797 0.130314 0.01564009 -0.01048864 0.01373487
-0.03070781 0.02382372 -0.007715345 -0.0198827 0.00580316
0.01826014 -0.01676315 0.03227331 0.01403807 0.009387772
-0.009845536 -0.0318633 -0.04623867
0.1223907 0.005111092 0.01330456 0.02493623 0.01590311
-0.008822854 -0.0170499 0.182784 0.02768561 0.01273321
-0.01118288 0.02106417 -0.006927538 0.05438571 0.06512323
0.3029934 0.02941889 0.01890139 -0.01706628 -0.2861791
-0.08632898 0.1310828 0.01968629 -0.003293434 -0.003257082
-0.02355483 0.01035134 0.0002047341 -0.01493734 0.03632176
-0.01513951 -0.01041029 0.03019933 -0.001809257 -0.01081941
0.008658268 -0.06103153 -0.01693292
0.1185984 1.982556 1.9975 1.988321 1.997171
0.01678185 1.997454 1.988042 1.989319 1.995003
1.49466 1.982957 1.992775 1.991399 1.995308
1.989628 1.724822 0.4558567 1.988922 1.985821
1.977309 1.986509 1.996951 1.99861 1.999454
1.992847 1.98713 0.4147079 1.991697 1.922295
1.988418 1.993131 1.99001 0.2226786 1.991554
1.908935 1.977275
1.998024 1.982556 1.9975 1.988321 1.997171
1.988811 0.1803926 1.988042 1.989319 1.995003
1.981946 1.982957 1.992775 1.991399 0.2968355
1.989628 1.992327 1.995615 0.5542457 1.985821
0.7815724 1.986509 1.996951 1.99861 1.999454
1.992847 1.98713 1.992573 1.991697 1.990864
1.988418 1.879057 1.99001 1.988892 1.991554
1.908935 1.977275
0.9961606
0.1119644 0.003179267 0.01165729 0.02047387 0.01824865
-0.007680133 -0.01593853 0.2033796 0.02662968 0.01394715
-0.007749847 0.02262306 -0.00414785 0.05624119 0.07413445
0.2978693 0.03017515 0.0202063 -0.01995381 -0.2881216
-0.09058676 0.1295978 0.01669756 -0.002382331 -0.002467618
-0.02379069 0.01373701 0.003288469 -0.01213268 0.03371209
-0.01322555 -0.008764103 0.02684864 -0.001583349 -0.009420392
0.005941617 -0.05170057 -0.01424071
0.1223891 0.005110714 0.01330466 0.02493598 0.01590272
-0.00882274 -0.01705002 0.1827859 0.02768508 0.01273306
-0.01118292 0.02106421 -0.006927156 0.05438592 0.0651229
0.3029946 0.02941921 0.01890158 -0.01706584 -0.28618
-0.08632884 0.1310839 0.01968602 -0.003293531 -0.003256882
-0.02355479 0.01035173 0.000204756 -0.01493739 0.03632187
-0.01513958 -0.01041015 0.03019904 -0.001809177 -0.01081956
0.008657883 -0.06103107 -0.01693303
1.998024 1.982556 1.9975 1.988321 1.997171
1.988811 0.1874768 1.988042 1.989319 1.995003
1.981946 1.982957 1.992775 1.991399 0.3135897
1.989628 1.992327 1.995615 0.5261108 1.985821
0.8051416 1.986509 1.996951 1.99861 1.999454
1.992847 1.98713 1.992573 1.991697 1.990864
1.988418 1.993131 1.99001 1.988892 1.991554
1.908935 1.977275
1.998024 1.982556 1.9975 1.988321 1.997171
1.988811 0.1803951 1.988042 1.989319 1.995003
1.981946 1.982957 1.992775 1.991399 0.2968382
1.989628 1.992327 1.995615 0.5542753 1.985821
0.7816012 1.986509 1.996951 1.99861 1.999454
1.992847 1.98713 1.992573 1.991697 1.990864
1.988418 1.878855 1.99001 1.988892 1.991554
1.908935 1.977275
0.9961599
0.1119635 0.0031791 0.01165728 0.02047368 0.01824863
-0.007680039 -0.0159386 0.2033803 0.02662961 0.01394722
-0.007749854 0.0226231 -0.004147727 0.05624128 0.07413429
0.297869 0.03017531 0.02020633 -0.0199536 -0.2881216
-0.09058663 0.1295985 0.01669756 -0.002382401 -0.002467565
-0.02379053 0.01373711 0.003288443 -0.01213267 0.03371209
-0.01322562 -0.008764142 0.02684874 -0.001583443 -0.009420437
0.005941491 -0.05170045 -0.01424072
0.1223931 0.005111668 0.01330442 0.02493556 0.01590155
-0.008821694 -0.01704876 0.1827834 0.02768644 0.01273268
-0.01118313 0.02106382 -0.006927732 0.05438594 0.06512367
0.3029935 0.02941733 0.01890103 -0.01706704 -0.2861774
-0.08632937 0.1310834 0.01968655 -0.0032944 -0.0032571
-0.02355514 0.01035189 0.0002040328 -0.01493825 0.03632025
-0.01513832 -0.01041097 0.0301995 -0.001808619 -0.01082015
0.008657683 -0.06103058 -0.0169336
1.998024 1.982556 1.9975 1.988321 1.997171
1.988811 0.1874771 1.988042 1.989319 1.995003
1.981946 1.982957 1.992775 1.991399 0.3135868
1.989628 1.992327 1.995615 0.5261214 1.985821
0.8051726 1.986509 1.996951 1.99861 1.999454
1.992847 1.98713 1.992573 1.991697 1.990864
1.988418 1.993131 1.99001 1.988892 1.991554
1.908935 1.977275
1.998024 1.982556 1.9975 1.988321 1.997171
1.988811 0.1803979 1.988042 1.989319 1.995003
1.981946 1.982957 1.992775 1.991399 0.2968378
1.989628 1.992327 1.995615 0.554173 1.985821
0.7815695 1.986509 1.996951 1.99861 1.999454
1.992847 1.98713 1.992573 1.991697 1.990864
1.988418 1.87812 1.99001 1.988892 1.991554
1.908935 1.977275
0.9961554
0.1119637 0.003179107 0.01165732 0.02047371 0.01824867
-0.007680073 -0.01593863 0.2033802 0.02662953 0.0139472
-0.007749867 0.0226231 -0.004147757 0.05624124 0.07413428
0.2978692 0.03017534 0.02020638 -0.01995364 -0.2881219
-0.09058665 0.1295985 0.01669752 -0.00238239 -0.002467539
-0.02379054 0.01373713 0.003288444 -0.01213265 0.03371215
-0.01322564 -0.00876413 0.02684874 -0.001583428 -0.009420424
0.005941531 -0.05170049 -0.01424071
0.1223897 0.005110728 0.01330512 0.02493509 0.01589995
-0.008821892 -0.01704903 0.1827887 0.02768296 0.01273187
-0.01118329 0.02106385 -0.00692692 0.05438595 0.06512241
0.3030014 0.02941886 0.01890263 -0.01706585 -0.2861841
-0.08632913 0.1310868 0.01968487 -0.003294744 -0.003256092
-0.02355517 0.01035365 0.0002039239 -0.01493863 0.03632141
-0.01513881 -0.01040997 0.03019812 -0.001808143 -0.01082064
0.008656113 -0.06102924 -0.01693394
1.998024 1.982556 1.9975 1.988321 1.997171
1.988811 0.1874764 1.988042 1.989319 1.995003
1.981946 1.982957 1.992775 1.991399 0.3135869
1.989628 1.992327 1.995615 0.5261236 1.985821
0.8051683 1.986509 1.996951 1.99861 1.999454
1.992847 1.98713 1.992573 1.991697 1.990864
1.988418 1.993131 1.99001 1.988892 1.991554
1.908935 1.977275
1.998024 1.982556 1.9975 1.988321 1.997171
1.988811 0.180403 1.988042 1.989319 1.995003
1.981946 1.982957 1.992775 1.991399 0.2968431
1.989628 1.992327 1.995615 0.554316 1.985821
0.7815728 1.986509 1.996951 1.99861 1.999454
1.992847 1.98713 1.992573 1.991697 1.990864
1.988418 1.877104 1.99001 1.988892 1.991554
1.908935 1.977275
0.9961601
0.1119635 0.003179072 0.01165731 0.02047369 0.01824866
-0.007680032 -0.01593865 0.2033803 0.02662958 0.01394721
-0.007749867 0.0226231 -0.004147708 0.05624128 0.07413427
0.2978691 0.03017532 0.02020635 -0.01995362 -0.2881217
-0.09058664 0.1295985 0.01669753 -0.002382389 -0.002467546
-0.02379054 0.01373713 0.003288457 -0.01213264 0.03371212
-0.01322563 -0.008764147 0.02684873 -0.00158342 -0.009420432
0.005941526 -0.05170045 -0.01424073
0.1223922 0.005110835 0.01330518 0.02493532 0.01590353
-0.008821711 -0.01705084 0.1827827 0.0276851 0.01273293
-0.01118363 0.02106398 -0.006927523 0.05438565 0.06512232
0.3029942 0.02941917 0.01890229 -0.01706704 -0.2861816
-0.08632887 0.1310867 0.01968595 -0.003294 -0.003256086
-0.02355419 0.01035241 0.0002037737 -0.01493726 0.03632167
-0.01513976 -0.01041146 0.03020072 -0.001809309 -0.01081961
0.008658703 -0.0610318 -0.01693336
1.998024 1.982556 1.9975 1.988321 1.997171
1.988811 0.1874767 1.988042 1.989319 1.995003
1.981946 1.982957 1.992775 1.991399 0.3135876
1.989628 1.992327 1.995615 0.5261227 1.985821
0.8051733 1.986509 1.996951 1.99861 1.999454
1.992847 1.98713 1.992573 1.991697 1.990864
1.988418 1.993131 1.99001 1.988892 1.991554
1.908935 1.977275
1.998024 1.982556 1.9975 1.988321 1.997171
1.988811 0.1803756 1.988042 1.989319 1.995003
1.981946 1.982957 1.992775 1.991399 0.2968183
1.989628 1.992327 1.995615 0.554287 1.985821
0.781699 1.986509 1.996951 1.99861 1.999454
1.992847 1.98713 1.992573 1.991697 1.990864
1.988418 1.878719 1.99001 1.988892 1.991554
1.908935 1.977275
0.9961602
0.111959 0.003179139 0.01165641 0.02047352 0.01824758
-0.007681057 -0.0159371 0.2033842 0.02662889 0.01394799
-0.00774914 0.02262368 -0.004147761 0.05624151 0.07413427
0.2978661 0.03017622 0.02020572 -0.0199514 -0.2881203
-0.09058615 0.1295989 0.01669798 -0.002382666 -0.002468099
-0.0237899 0.01373677 0.003288628 -0.01213352 0.03371204
-0.01322589 -0.008762881 0.0268482 -0.001584504 -0.009420665
0.005939202 -0.05169971 -0.01424021
0.1223859 0.005109892 0.01330506 0.02493615 0.01590286
-0.008823521 -0.01705083 0.1827889 0.02768296 0.01273299
-0.01118284 0.02106445 -0.00692661 0.05438582 0.06512204
0.3029983 0.02942085 0.01890251 -0.01706479 -0.286184
-0.08632848 0.131085 0.01968508 -0.003293106 -0.003256411
-0.02355463 0.01035222 0.0002051587 -0.01493702 0.03632332
-0.01514051 -0.01040925 0.03019824 -0.001809316 -0.01081936
0.008657474 -0.06103096 -0.01693278
1.998024 1.982556 1.9975 1.988321 1.997171
1.988811 0.1874976 1.988042 1.989319 1.995003
1.981946 1.982957 1.992775 1.991399 0.3135588
1.989628 1.992327 1.995615 0.5261603 1.985821
0.8051676 1.986509 1.996951 1.99861 1.999454
1.992847 1.98713 1.992573 1.991697 1.990864
1.988418 1.993131 1.99001 1.988892 1.991554
1.908935 1.977275
1.998024 1.982556 1.9975 1.988321 1.997171
1.988811 0.1803949 1.988042 1.989319 1.995003
1.981946 1.982957 1.992775 1.991399 0.2968405
1.989628 1.992327 1.995615 0.5543857 1.985821
0.7816056 1.986509 1.996951 1.99861 1.999454
1.992847 1.98713 1.992573 1.991697 1.990864
1.988418 1.878934 1.99001 1.988892 1.991554
1.908935 1.977275
0.1984019
0.210882 0.007658687 0.01036538 0.02237145 0.008847962
-0.003658807 -0.0360789 0.144731 0.02060298 0.006096122
-0.01854001 0.02543144 -0.02121671 0.05842785 0.08413776
0.3061424 0.01440365 0.02200946 -0.06080315 -0.2997388
-0.1004487 0.1374137 0.01363769 -0.007420372 0.002874773
-0.02286332 0.03858732 -0.006774373 -0.03091224 0.01344341
0.02002515 -0.02287396 0.03522732 0.009643992 0.001827646
-0.001132915 -0.04763595 -0.03913998
0.1223903 0.005110887 0.01330477 0.02493601 0.01590267
-0.008822699 -0.01704998 0.182785 0.02768486 0.01273294
-0.01118301 0.02106413 -0.006927347 0.05438573 0.06512291
0.3029954 0.02941912 0.01890179 -0.01706616 -0.2861807
-0.08632895 0.1310839 0.01968589 -0.003293621 -0.00325677
-0.02355484 0.01035187 0.0002045966 -0.01493748 0.03632191
-0.01513954 -0.01041021 0.03019912 -0.001809068 -0.01081959
0.008657937 -0.06103116 -0.01693309
0.05593156 1.982556 1.9975 1.831312 0.7753918
1.988811 1.997454 1.988042 1.989319 1.995003
1.981946 0.7286443 1.992775 1.991399 1.995308
1.989628 1.992327 1.995615 0.6017934 1.985821
1.977309 1.986509 0.601106 1.99861 1.999454
0.4384724 1.98713 0.3929369 0.3306531 1.990864
1.988418 1.993131 1.99001 1.988892 1.991554
1.908935 1.977275
1.998024 1.982556 1.9975 1.988321 1.997171
1.988811 0.1803926 1.988042 1.989319 1.995003
1.981946 1.982957 1.992775 1.991399 0.2968368
1.989628 1.992327 1.995615 0.5542747 1.985821
0.7815824 1.986509 1.996951 1.99861 1.999454
1.992847 1.98713 1.992573 1.991697 1.990864
1.988418 1.878724 1.99001 1.988892 1.991554
1.908935 1.977275
0.9961618
0.1119639 0.003179095 0.01165738 0.02047362 0.01824876
-0.007679923 -0.01593875 0.2033799 0.02662961 0.01394718
-0.00774994 0.02262306 -0.004147769 0.05624123 0.07413423
0.2978691 0.0301753 0.02020644 -0.01995379 -0.2881219
-0.09058664 0.1295988 0.01669753 -0.002382436 -0.002467471
-0.02379049 0.01373718 0.003288347 -0.01213259 0.03371211
-0.01322563 -0.008764307 0.02684893 -0.001583409 -0.00942043
0.00594168 -0.05170055 -0.01424076
0.1223933 0.005111594 0.01330455 0.02493651 0.01590347
-0.008822961 -0.01704975 0.1827813 0.02768597 0.01273327
-0.0111829 0.02106408 -0.006928057 0.05438536 0.06512357
0.3029928 0.02941852 0.01890136 -0.01706695 -0.2861786
-0.0863292 0.1310817 0.01968645 -0.003293391 -0.003257206
-0.02355493 0.01035105 0.0002046111 -0.01493737 0.0363217
-0.01513941 -0.01041045 0.03019965 -0.001809249 -0.01081929
0.008658687 -0.06103204 -0.01693284
1.998024 1.982556 1.9975 1.988321 1.997171
1.988811 0.1874742 1.988042 1.989319 1.995003
1.981946 1.982957 1.992775 1.991399 0.3135857
1.989628 1.992327 1.995615 0.5261228 1.985821
0.805184 1.986509 1.996951 1.99861 1.999454
1.992847 1.98713 1.992573 1.991697 1.990864
1.988418 1.993131 1.99001 1.988892 1.991554
1.908935 1.977275
1.998024 1.982556 1.9975 1.988321 1.997171
1.988811 0.1803883 1.988042 1.989319 1.995003
1.981946 1.982957 1.992775 1.991399 0.2968321
1.989628 1.992327 1.995615 0.5542164 1.985821
0.7815272 1.986509 1.996951 1.99861 1.999454
1.992847 1.98713 1.992573 1.991697 1.990864
1.988418 1.879164 1.99001 1.988892 1.991554
1.908935 1.977275
0.9961602
0.1119632 0.003179099 0.0116572 0.02047368 0.01824854
-0.007680037 -0.0159385 0.2033807 0.02662972 0.01394725
-0.007749804 0.02262313 -0.004147675 0.05624136 0.07413435
0.2978686 0.03017526 0.0202062 -0.01995349 -0.2881212
-0.09058662 0.1295984 0.01669764 -0.002382401 -0.002467639
-0.02379053 0.01373705 0.003288476 -0.01213272 0.03371199
-0.01322557 -0.008764098 0.02684868 -0.001583471 -0.009420456
0.005941373 -0.05170037 -0.01424072
0.1223905 0.005110884 0.0133048 0.02493582 0.01590268
-0.008822453 -0.01705003 0.1827848 0.027685 0.01273293
-0.01118311 0.0210641 -0.006927347 0.05438578 0.06512284
0.302995 0.02941903 0.0189018 -0.01706628 -0.2861805
-0.08632894 0.1310844 0.01968595 -0.003293749 -0.003256682
-0.02355474 0.01035198 0.0002044345 -0.0149375 0.03632174
-0.01513949 -0.01041046 0.03019938 -0.001809087 -0.01081965
0.008657982 -0.06103116 -0.01693318
1.998024 1.982556 1.9975 1.988321 1.997171
1.988811 0.1874791 1.988042 1.989319 1.995003
1.981946 1.982957 1.992775 1.991399 0.3135871
1.989628 1.992327 1.995615 0.5261175 1.985821
0.8051732 1.986509 1.996951 1.99861 1.999454
1.992847 1.98713 1.992573 1.991697 1.990864
1.988418 1.993131 1.99001 1.988892 1.991554
1.908935 1.977275
1.998024 1.982556 1.9975 1.988321 1.997171
1.988811 0.180391 1.988042 1.989319 1.995003
1.981946 1.982957 1.992775 1.991399 0.296834
1.989628 1.992327 1.995615 0.5542717 1.985821
0.7816061 1.986509 1.996951 1.99861 1.999454
1.992847 1.98713 1.992573 1.991697 1.990864
1.988418 1.87867 1.99001 1.988892 1.991554
1.908935 1.977275
0.9961623
0.1119595 0.003178287 0.01165709 0.02047402 0.01824813
-0.007680202 -0.01593885 0.2033844 0.0266296 0.01394717
-0.007749564 0.02262321 -0.004146626 0.05624198 0.07413434
0.29787 0.03017534 0.02020578 -0.01995266 -0.2881204
-0.09058651 0.1295971 0.01669733 -0.002381927 -0.002467871
-0.02379098 0.01373704 0.003289437 -0.01213258 0.03371218
-0.01322557 -0.008763405 0.02684728 -0.001583115 -0.009420446
0.005941009 -0.05169953 -0.01424074
0.1223926 0.00511135 0.01330486 0.02493667 0.01590304
-0.008823463 -0.01704986 0.1827827 0.02768429 0.01273299
-0.01118286 0.02106412 -0.006927919 0.05438512 0.06512317
0.3029966 0.02941929 0.01890214 -0.01706654 -0.2861818
-0.08632917 0.1310822 0.01968566 -0.00329331 -0.003256875
-0.02355506 0.01035157 0.0002047247 -0.01493745 0.03632255
-0.01513977 -0.01040976 0.03019889 -0.001809065 -0.01081932
0.008658178 -0.06103177 -0.0169328
1.998024 1.982556 1.9975 1.988321 1.997171
1.988811 0.1874917 1.988042 1.989319 1.995003
1.981946 1.982957 1.992775 1.991399 0.3136184
1.989628 1.992327 1.995615 0.526125 1.985821
0.8051572 1.986509 1.996951 1.99861 1.999454
1.992847 1.98713 1.992573 1.991697 1.990864
1.988418 1.993131 1.99001 1.988892 1.991554
1.908935 1.977275
1.998024 1.982556 1.9975 1.988321 1.997171
1.988811 0.1803896 1.988042 1.989319 1.995003
1.981946 1.982957 1.992775 1.991399 0.2968354
1.989628 1.992327 1.995615 0.5542792 1.985821
0.781483 1.986509 1.996951 1.99861 1.999454
1.992847 1.98713 1.992573 1.991697 1.990864
1.988418 1.878884 1.99001 1.988892 1.991554
1.908935 1.977275
0.9961609
0.1119623 0.003178797 0.01165734 0.02047364 0.01824863
-0.007680075 -0.01593882 0.2033813 0.02662931 0.01394724
-0.007749846 0.02262314 -0.004147487 0.05624137 0.07413409
0.2978694 0.03017557 0.02020642 -0.01995332 -0.2881222
-0.09058653 0.1295989 0.01669739 -0.002382356 -0.00246749
-0.02379048 0.01373725 0.003288603 -0.01213258 0.0337123
-0.01322575 -0.008764009 0.02684857 -0.001583438 -0.009420448
0.005941385 -0.05170027 -0.01424071
0.1223903 0.005110771 0.01330489 0.02493608 0.01590324
-0.008822744 -0.01705042 0.1827844 0.02768488 0.01273305
-0.01118307 0.02106417 -0.006927343 0.05438566 0.06512277
0.3029951 0.02941937 0.01890191 -0.01706626 -0.286181
-0.08632888 0.131084 0.01968588 -0.003293444 -0.003256674
-0.0235547 0.01035179 0.0002046365 -0.01493721 0.03632217
-0.0151398 -0.01041033 0.03019939 -0.001809207 -0.01081941
0.008658329 -0.06103153 -0.01693298
1.998024 1.982556 1.9975 1.988321 1.997171
1.988811 0.187478 1.988042 1.989319 1.995003
1.981946 1.982957 1.992775 1.991399 0.3135897
1.989628 1.992327 1.995615 0.5261397 1.985821
0.8051894 1.986509 1.996951 1.99861 1.999454
1.992847 1.98713 1.992573 1.991697 1.990864
1.988418 1.993131 1.99001 1.988892 1.991554
1.908935 1.977275
1.998024 1.982556 1.9975 1.988321 1.997171
1.988811 0.1803879 1.988042 1.989319 1.995003
1.981946 1.982957 1.992775 1.991399 0.2968349
1.989628 1.992327 1.995615 0.5542853 1.985821
0.7816011 1.986509 1.996951 1.99861 1.999454
1.992847 1.98713 1.992573 1.991697 1.990864
1.988418 1.878963 1.99001 1.988892 1.991554
1.908935 1.977275
0.9961579
0.1119551 0.003177449 0.01165706 0.02047213 0.01824819
-0.007678005 -0.01593953 0.2033875 0.02663141 0.01394742
-0.007749974 0.02262316 -0.004145721 0.05624306 0.07413367
0.2978643 0.03017498 0.02020538 -0.01995256 -0.288117
-0.0905858 0.1296022 0.01669825 -0.002382686 -0.002467574
-0.02378979 0.0137375 0.003288568 -0.01213234 0.03371073
-0.0132253 -0.008765241 0.02684915 -0.001583448 -0.009420865
0.005941215 -0.05169894 -0.01424145
0.1223965 0.005110611 0.01330658 0.02493619 0.01590402
-0.00882086 -0.01705228 0.1827782 0.02768501 0.0127316
-0.01118429 0.02106351 -0.006927186 0.05438513 0.06512262
0.3030021 0.02941795 0.01890314 -0.01706943 -0.2861848
-0.08632972 0.1310849 0.01968466 -0.003293606 -0.003255404
-0.02355556 0.01035312 0.0002042074 -0.01493684 0.03632238
-0.01513933 -0.01041184 0.03019994 -0.001807305 -0.01081942
0.0086608 -0.06103186 -0.01693368
1.998024 1.982556 1.9975 1.988321 1.997171
1.988811 0.1874865 1.988042 1.989319 1.995003
1.981946 1.982957 1.992775 1.991399 0.3136007
1.989628 1.992327 1.995615 0.5261155 1.985821
0.8054657 1.986509 1.996951 1.99861 1.999454
1.992847 1.98713 1.992573 1.991697 1.990864
1.988418 1.993131 1.99001 1.988892 1.991554
1.908935 1.977275
1.998024 1.982556 1.9975 1.988321 1.997171
1.988811 0.1803575 1.988042 1.989319 1.995003
1.981946 1.982957 1.992775 1.991399 0.2968759
1.989628 1.992327 1.995615 0.5542439 1.985821
0.7815995 1.986509 1.996951 1.99861 1.999454
1.992847 1.98713 1.992573 1.991697 1.990864
1.988418 1.878299 1.99001 1.988892 1.991554
1.908935 1.977275
0.9961604
0.1119652 0.003179327 0.01165743 0.02047411 0.0182488
-0.007680575 -0.01593859 0.2033789 0.02662894 0.01394713
-0.007749849 0.02262308 -0.004148089 0.05624086 0.07413433
0.2978708 0.03017553 0.02020667 -0.0199538 -0.2881233
-0.09058682 0.1295977 0.01669723 -0.002382262 -0.002467488
-0.02379075 0.01373711 0.003288534 -0.01213265 0.03371262
-0.01322578 -0.008763798 0.0268485 -0.001583367 -0.009420312
0.005941617 -0.05170076 -0.01424054
0.1223891 0.005110861 0.01330451 0.0249358 0.01590231
-0.008822662 -0.01704963 0.1827863 0.02768509 0.01273306
-0.01118289 0.02106419 -0.006927245 0.05438597 0.06512294
0.3029942 0.02941907 0.01890149 -0.01706574 -0.2861796
-0.08632885 0.1310841 0.01968613 -0.003293755 -0.003256936
-0.02355473 0.0103518 0.0002045811 -0.01493763 0.03632158
-0.0151394 -0.01041017 0.03019908 -0.00180923 -0.01081973
0.008657505 -0.06103087 -0.01693313
1.998024 1.982556 1.9975 1.988321 1.997171
1.988811 0.1874743 1.988042 1.989319 1.995003
1.981946 1.982957 1.992775 1.991399 0.3135874
1.989628 1.992327 1.995615 0.5261334 1.985821
0.8051023 1.986509 1.996951 1.99861 1.999454
1.992847 1.98713 1.992573 1.991697 1.990864
1.988418 1.993131 1.99001 1.988892 1.991554
1.908935 1.977275
1.998024 1.982556 1.9975 1.988321 1.997171
1.988811 0.1803982 1.988042 1.989319 1.995003
1.981946 1.982957 1.992775 1.991399 0.2968331
1.989628 1.992327 1.995615 0.5542696 1.985821
0.781602 1.986509 1.996951 1.99861 1.999454
1.992847 1.98713 1.992573 1.991697 1.990864
1.988418 1.878681 1.99001 1.988892 1.991554
1.908935 1.977275
0.9961614
0.1119561 0.003177163 0.0116577 0.02047354 0.01824862
-0.007680476 -0.01594001 0.2033867 0.02662738 0.01394736
-0.007749781 0.02262338 -0.004146244 0.05624175 0.07413295
0.2978727 0.03017716 0.02020703 -0.01995174 -0.2881257
-0.09058599 0.1296007 0.01669633 -0.002382059 -0.002467058
-0.02379029 0.01373802 0.003289543 -0.0121321 0.03371364
-0.01322656 -0.00876311 0.0268475 -0.001583413 -0.00942047
0.005940769 -0.05169932 -0.01424055
0.1223924 0.005111636 0.01330441 0.02493529 0.01590147
-0.008822243 -0.0170487 0.1827846 0.02768488 0.01273291
-0.01118309 0.02106395 -0.006927967 0.05438569 0.06512302
0.3029939 0.02941855 0.01890174 -0.01706631 -0.28618
-0.08632907 0.1310852 0.01968624 -0.003294544 -0.003256773
-0.02355455 0.01035226 0.0002036589 -0.01493837 0.03632084
-0.01513895 -0.01041062 0.03019972 -0.00180927 -0.01082018
0.008656875 -0.06103076 -0.01693349
1.998024 1.982556 1.9975 1.988321 1.997171
1.988811 0.1874829 1.988042 1.989319 1.995003
1.981946 1.982957 1.992775 1.991399 0.3136061
1.989628 1.992327 1.995615 0.5262468 1.985821
0.8052603 1.986509 1.996951 1.99861 1.999454
1.992847 1.98713 1.992573 1.991697 1.990864
1.988418 1.993131 1.99001 1.988892 1.991554
1.908935 1.977275
1.998024 1.982556 1.9975 1.988321 1.997171
1.988811 0.1803972 1.988042 1.989319 1.995003
1.981946 1.982957 1.992775 1.991399 0.2968118
1.989628 1.992327 1.995615 0.5542522 1.985821
0.7815869 1.986509 1.996951 1.99861 1.999454
1.992847 1.98713 1.992573 1.991697 1.990864
1.988418 1.878058 1.99001 1.988892 1.991554
1.908935 1.977275
0.9961603
0.1119639 0.003179007 0.01165728 0.02047379 0.01824861
-0.00767941 -0.0159389 0.2033804 0.02663078 0.01394692
-0.007749946 0.0226229 -0.004147269 0.05624171 0.07413469
0.2978687 0.0301744 0.02020584 -0.0199542 -0.2881194
-0.09058682 0.1295973 0.01669777 -0.002382176 -0.002467745
-0.02379099 0.01373693 0.003288648 -0.01213248 0.03371148
-0.01322515 -0.008764573 0.02684849 -0.001582914 -0.009420414
0.005942129 -0.0517003 -0.01424104
0.1223885 0.005110401 0.01330494 0.02493598 0.0159029
-0.008822776 -0.01705051 0.1827864 0.02768441 0.01273294
-0.01118303 0.02106424 -0.006926955 0.05438586 0.06512254
0.3029962 0.02941967 0.01890201 -0.01706576 -0.2861817
-0.08632876 0.1310846 0.01968563 -0.00329343 -0.003256576
-0.02355473 0.01035203 0.0002047973 -0.01493721 0.03632235
-0.01513988 -0.01041006 0.03019895 -0.001809119 -0.0108195
0.008657982 -0.0610311 -0.01693302
1.998024 1.982556 1.9975 1.988321 1.997171
1.988811 0.1874787 1.988042 1.989319 1.995003
1.981946 1.982957 1.992775 1.991399 0.3136105
1.989628 1.992327 1.995615 0.5260699 1.985821
0.8051742 1.986509 1.996951 1.99861 1.999454
1.992847 1.98713 1.992573 1.991697 1.990864
1.988418 1.993131 1.99001 1.988892 1.991554
1.908935 1.977275
1.998024 1.982556 1.9975 1.988321 1.997171
1.988811 0.1803916 1.988042 1.989319 1.995003
1.981946 1.982957 1.992775 1.991399 0.2968403
1.989628 1.992327 1.995615 0.554311 1.985821
0.7816156 1.986509 1.996951 1.99861 1.999454
1.992847 1.98713 1.992573 1.991697 1.990864
1.988418 1.878841 1.99001 1.988892 1.991554
1.908935 1.977275
0.8141573
0.211931 0.00143995 0.01088363 0.02920977 0.001838043
-0.01164763 -0.03101943 0.1448782 0.01801771 0.004410268
-0.01956382 0.0353936 -0.009435477 0.06151512 0.07829986
0.312815 0.003420396 0.008381221 -0.04597567 -0.292345
-0.1024567 0.1278638 0.01980185 -0.001513777 0.003778169
-0.03042716 0.01882178 -0.001641274 -0.01704622 0.009206711
0.01153249 -0.01017659 0.03046047 0.01421605 0.00311076
-0.004691048 -0.03547402 -0.04770581
0.1223963 0.005111354 0.01330575 0.02493746 0.01590494
-0.008823531 -0.01705144 0.1827776 0.02768407 0.01273278
-0.01118328 0.02106399 -0.00692824 0.05438434 0.06512308
0.3029993 0.02941945 0.01890299 -0.01706813 -0.2861845
-0.08632948 0.1310812 0.01968506 -0.00329265 -0.003256364
-0.02355528 0.01035152 0.0002048759 -0.01493663 0.03632371
-0.01514036 -0.01041016 0.0301994 -0.001808675 -0.01081866
0.008660179 -0.06103317 -0.01693255
1.998024 1.982556 1.9975 1.988321 1.997171
1.988811 1.997454 1.988042 1.989319 1.995003
1.981946 1.982957 0.1243324 1.991399 1.995308
1.989628 1.992327 1.995615 1.988922 1.985821
0.1728812 1.986509 1.996951 1.99861 1.999454
1.992847 1.98713 1.992573 1.991697 1.990864
1.988418 0.4082602 1.99001 1.988892 0.1349198
0.2784101 1.977275
1.998024 1.982556 1.9975 1.988321 1.997171
1.988811 0.1803666 1.988042 1.989319 1.995003
1.981946 1.982957 1.992775 1.991399 0.2968477
1.989628 1.992327 1.995615 0.5542869 1.985821
0.7814439 1.986509 1.996951 1.99861 1.999454
1.992847 1.98713 1.992573 1.991697 1.990864
1.988418 1.879372 1.99001 1.988892 1.991554
1.908935 1.977275
0.110976
0.2163979 0.004780071 0.01444477 0.02154605 0.0113494
-0.002063119 -0.03361819 0.1429478 0.01656259 0.009093642
-0.0125656 0.02650129 -0.0259207 0.06253553 0.08242488
0.3072599 0.005976318 0.01767343 -0.0589312 -0.30013
-0.1075546 0.138821 0.02013177 0.001246068 0.01016055
-0.02634844 0.02014932 -0.003588202 -0.02518127 0.01548847
0.0174053 -0.02755025 0.03440277 0.006608874 0.008599467
-0.006499284 -0.05010172 -0.0407539
0.1223938 0.005111692 0.01330446 0.02493555 0.01590257
-0.008821673 -0.0170493 0.1827818 0.0276868 0.012733
-0.01118325 0.02106386 -0.006927946 0.05438581 0.06512352
0.3029915 0.02941761 0.01890107 -0.01706731 -0.2861772
-0.08632925 0.1310838 0.0196868 -0.003294239 -0.00325701
-0.02355475 0.01035164 0.0002038869 -0.01493788 0.03632039
-0.01513869 -0.0104114 0.03020034 -0.001809054 -0.01081987
0.008658317 -0.06103135 -0.01693344
0.0382869 1.982556 1.9975 1.988321 1.991785
1.988811 1.997454 1.988042 1.989319 1.995003
1.981946 0.5563737 1.992775 1.991399 1.995308
1.989628 1.992327 1.995615 1.988922 0.4141034
1.977309 1.986509 1.996951 1.99861 1.999454
0.5876616 1.98713 1.992573 0.2360031 1.990864
1.988418 1.993131 1.99001 1.988892 1.991554
0.2766215 1.977275
1.998024 1.982556 1.9975 1.988321 1.997171
1.988811 0.1803893 1.988042 1.989319 1.995003
1.981946 1.982957 1.992775 1.991399 0.296826
1.989628 1.992327 1.995615 0.5541777 1.985821
0.7816134 1.986509 1.996951 1.99861 1.999454
1.992847 1.98713 1.992573 1.991697 1.990864
1.988418 1.878555 1.99001 1.988892 1.991554
1.908935 1.977275
0.9961601
0.1119637 0.003179128 0.01165728 0.0204737 0.01824864
-0.007679999 -0.0159386 0.2033802 0.02662971 0.01394719
-0.007749863 0.02262308 -0.004147727 0.05624129 0.07413434
0.2978689 0.03017522 0.02020629 -0.01995368 -0.2881215
-0.09058666 0.1295984 0.01669759 -0.002382387 -0.002467582
-0.02379057 0.01373708 0.003288442 -0.01213266 0.03371204
-0.01322557 -0.008764183 0.02684874 -0.001583402 -0.009420432
0.005941556 -0.05170047 -0.01424074
0.1223907 0.005110783 0.01330491 0.0249357 0.01590288
-0.008822039 -0.01705031 0.1827843 0.02768547 0.01273285
-0.01118327 0.02106404 -0.006927222 0.0543859 0.06512283
0.3029947 0.02941876 0.01890171 -0.0170666 -0.2861801
-0.08632897 0.1310847 0.01968603 -0.003293788 -0.003256593
-0.02355474 0.01035204 0.0002043822 -0.01493739 0.03632153
-0.01513938 -0.01041083 0.03019965 -0.001808954 -0.01081966
0.008658363 -0.06103119 -0.01693328
1.998024 1.982556 1.9975 1.988321 1.997171
1.988811 0.187477 1.988042 1.989319 1.995003
1.981946 1.982957 1.992775 1.991399 0.3135882
1.989628 1.992327 1.995615 0.5261162 1.985821
0.8051698 1.986509 1.996951 1.99861 1.999454
1.992847 1.98713 1.992573 1.991697 1.990864
1.988418 1.993131 1.99001 1.988892 1.991554
1.908935 1.977275
1.998024 1.982556 1.9975 1.988321 1.997171
1.988811 0.1803876 1.988042 1.989319 1.995003
1.981946 1.982957 1.992775 1.991399 0.2968381
1.989628 1.992327 1.995615 0.5542564 1.985821
0.7816374 1.986509 1.996951 1.99861 1.999454
1.992847 1.98713 1.992573 1.991697 1.990864
1.988418 1.878686 1.99001 1.988892 1.991554
1.908935 1.977275
0.2925894
0.1871565 -0.004041652 0.01816398 0.01979004 -0.005906602
0.0005891641 -0.03138496 0.1481156 0.03364141 0.004310939
-0.03185222 0.03509477 -0.01180419 0.06173844 0.08160143
0.3025628 0.01791883 0.02491585 -0.04982702 -0.298097
-0.09714007 0.1236348 0.03014417 -0.00367258 0.01547357
-0.0207426 0.02189053 -0.0002148428 -0.00439678 0.001809344
-0.002487662 -0.01912987 0.03897009 0.0221549 0.004401029
-0.01783747 -0.039267 -0.03365378
0.122398 0.005112426 0.01330583 0.02493016 0.01588927
-0.00881671 -0.01704357 0.1827942 0.02767867 0.01272802
-0.01118512 0.0210621 -0.006927393 0.05438638 0.06512141
0.303016 0.02941516 0.01890508 -0.01706739 -0.2861922
-0.08633043 0.1310996 0.01968277 -0.003300878 -0.003253581
-0.02355564 0.01036044 0.0001989034 -0.01494427 0.03631635
-0.0151345 -0.01041183 0.03019782 -0.0018051 -0.01082539
0.008649423 -0.0610228 -0.01693804
0.5735761 1.982556 1.9975 1.988321 1.997171
1.988811 1.997454 1.988042 1.989319 1.995003
1.981946 1.982957 1.992775 1.991399 1.995308
1.989628 1.992327 0.9527928 1.988922 1.985821
0.1162309 1.986509 1.996951 1.99861 0.6600367
1.232777 1.98713 1.992573 1.991697 1.990864
1.988418 0.04132148 1.99001 1.988892 1.991554
1.908935 1.977275
1.998024 1.982556 1.9975 1.988321 1.997171
1.988811 0.1804284 1.988042 1.989319 1.995003
1.981946 1.982957 1.992775 1.991399 0.2968097
1.989628 1.992327 1.995615 0.5543084 1.985821
0.7816033 1.986509 1.996951 1.99861 1.999454
1.992847 1.98713 1.992573 1.991697 1.990864
1.988418 1.870284 1.99001 1.988892 1.991554
1.908935 1.977275
0.9961601
0.1119629 0.00317933 0.01165694 0.02047375 0.01824826
-0.007680367 -0.01593795 0.2033809 0.02662966 0.01394742
-0.007749603 0.02262325 -0.004147859 0.05624133 0.07413451
0.2978678 0.03017533 0.02020599 -0.0199531 -0.2881206
-0.09058659 0.129598 0.01669782 -0.002382457 -0.002467845
-0.02379046 0.01373685 0.003288474 -0.01213301 0.0337119
-0.01322557 -0.008763774 0.02684854 -0.001583723 -0.00942049
0.005940841 -0.0517003 -0.01424057
0.1223912 0.00511104 0.01330482 0.02493583 0.01590253
-0.008822451 -0.01704987 0.1827844 0.02768489 0.01273286
-0.01118313 0.02106405 -0.006927491 0.05438568 0.06512289
0.3029954 0.02941893 0.01890188 -0.01706642 -0.2861808
-0.08632902 0.1310844 0.0196859 -0.003293841 -0.003256661
-0.02355478 0.01035205 0.0002043245 -0.01493763 0.03632169
-0.01513941 -0.01041046 0.03019939 -0.001809031 -0.01081971
0.008657905 -0.06103115 -0.01693322
1.998024 1.982556 1.9975 1.988321 1.997171
1.988811 0.1874842 1.988042 1.989319 1.995003
1.981946 1.982957 1.992775 1.991399 0.3135795
1.989628 1.992327 1.995615 0.5261155 1.985821
0.8051475 1.986509 1.996951 1.99861 1.999454
1.992847 1.98713 1.992573 1.991697 1.990864
1.988418 1.993131 1.99001 1.988892 1.991554
1.908935 1.977275
1.998024 1.982556 1.9975 1.988321 1.997171
1.988811 0.1803907 1.988042 1.989319 1.995003
1.981946 1.982957 1.992775 1.991399 0.2968323
1.989628 1.992327 1.995615 0.5542686 1.985821
0.7815898 1.986509 1.996951 1.99861 1.999454
1.992847 1.98713 1.992573 1.991697 1.990864
1.988418 1.878557 1.99001 1.988892 1.991554
1.908935 1.977275
0.1800391
0.2267057 0.009944567 0.003499397 0.02341373 0.007475214
0.0003508204 -0.03473291 0.1506944 0.0158347 0.00155044
-0.02189423 0.03586625 -0.01731845 0.0568586 0.07485229
0.3037237 0.01713411 0.01544561 -0.05359624 -0.3048055
-0.1036705 0.140105 0.01643834 -0.00997781 0.008802478
-0.02097804 0.01903277 -0.01463322 -0.02366589 0.004400343
0.01836317 -0.01514081 0.03320486 0.007570894 0.003999879
-0.009801764 -0.03087874 -0.04972706
0.122382 0.005108982 0.01330486 0.02493456 0.01590294
-0.008821407 -0.01705151 0.1827918 0.02768526 0.01273312
-0.01118336 0.02106443 -0.006925538 0.05438719 0.0651215
0.3029929 0.02942019 0.01890152 -0.01706454 -0.28618
-0.08632798 0.1310891 0.01968606 -0.00329377 -0.003256161
-0.02355386 0.01035261 0.0002046548 -0.01493681 0.0363216
-0.01514004 -0.010411 0.03019976 -0.001809577 -0.01081978
0.008657752 -0.06103026 -0.01693339
1.99577 1.982556 1.9975 1.988076 1.997171
1.988811 1.997454 1.988042 1.989319 1.995003
1.981946 1.982957 1.992775 1.991399 1.995308
0.09178751 1.992327 1.995615 1.988922 1.985821
1.977309 0.3511068 1.996951 1.99861 1.999454
1.992847 0.04957953 1.992573 1.991697 0.2406041
0.472489 1.993131 1.99001 1.988892 1.991554
1.908935 1.977275
1.998024 1.982556 1.9975 1.988321 1.997171
1.988811 0.180393 1.988042 1.989319 1.995003
1.981946 1.982957 1.992775 1.991399 0.2968361
1.989628 1.992327 1.995615 0.5543476 1.985821
0.7818806 1.986509 1.996951 1.99861 1.999454
1.992847 1.98713 1.992573 1.991697 1.990864
1.988418 1.878934 1.99001 1.988892 1.991554
1.908935 1.977275
0.9961607
0.1119651 0.003179375 0.01165736 0.02047408 0.01824873
-0.007680563 -0.01593847 0.203379 0.02662906 0.01394716
-0.007749815 0.0226231 -0.004148099 0.0562409 0.07413439
0.2978704 0.03017547 0.02020657 -0.01995375 -0.2881229
-0.09058681 0.1295976 0.01669732 -0.002382285 -0.002467547
-0.02379073 0.01373706 0.003288514 -0.01213271 0.03371251
-0.01322574 -0.008763796 0.02684851 -0.001583408 -0.009420329
0.005941532 -0.05170073 -0.01424054
0.1223902 0.005110793 0.01330489 0.02493634 0.01590325
-0.008823092 -0.01705038 0.1827845 0.02768459 0.01273306
-0.01118295 0.02106421 -0.00692738 0.05438554 0.06512284
0.3029958 0.02941952 0.01890198 -0.01706615 -0.2861814
-0.08632891 0.1310834 0.01968575 -0.003293273 -0.003256751
-0.02355483 0.01035168 0.0002048267 -0.01493718 0.03632246
-0.0151399 -0.01041001 0.03019906 -0.001809173 -0.01081932
0.00865829 -0.06103157 -0.01693286
1.998024 1.982556 1.9975 1.988321 1.997171
1.988811 0.1874755 1.988042 1.989319 1.995003
1.981946 1.982957 1.992775 1.991399 0.3135862
1.989628 1.992327 1.995615 0.5261287 1.985821
0.805103 1.986509 1.996951 1.99861 1.999454
1.992847 1.98713 1.992573 1.991697 1.990864
1.988418 1.993131 1.99001 1.988892 1.991554
1.908935 1.977275
1.998024 1.982556 1.9975 1.988321 1.997171
1.988811 0.1803892 1.988042 1.989319 1.995003
1.981946 1.982957 1.992775 1.991399 0.2968381
1.989628 1.992327 1.995615 0.5542926 1.985821
0.7815657 1.986509 1.996951 1.99861 1.999454
1.992847 1.98713 1.992573 1.991697 1.990864
1.988418 1.879021 1.99001 1.988892 1.991554
1.908935 1.977275
0.9961618
0.1119634 0.003179066 0.01165729 0.02047371 0.01824862
-0.007680073 -0.01593862 0.2033804 0.02662956 0.01394722
-0.007749843 0.02262311 -0.004147693 0.05624129 0.07413429
0.2978691 0.03017533 0.02020633 -0.01995356 -0.2881217
-0.09058663 0.1295984 0.01669753 -0.002382376 -0.002467568
-0.02379055 0.01373711 0.00328849 -0.01213266 0.03371213
-0.01322563 -0.008764092 0.02684867 -0.001583428 -0.009420432
0.005941473 -0.05170042 -0.01424071
0.1223901 0.005110753 0.0133049 0.02493699 0.01590401
-0.008823729 -0.01705073 0.1827837 0.0276847 0.01273326
-0.01118274 0.02106433 -0.006927419 0.05438535 0.06512305
0.3029957 0.02941977 0.01890188 -0.01706613 -0.2861812
-0.08632893 0.1310816 0.01968574 -0.003292683 -0.003256996
-0.02355501 0.01035111 0.0002053586 -0.01493677 0.03632307
-0.01514022 -0.01040961 0.03019875 -0.001809239 -0.0108189
0.008658834 -0.06103208 -0.01693248
1.998024 1.982556 1.9975 1.988321 1.997171
1.988811 0.1874775 1.988042 1.989319 1.995003
1.981946 1.982957 1.992775 1.991399 0.313588
1.989628 1.992327 1.995615 0.5261232 1.985821
0.8051697 1.986509 1.996951 1.99861 1.999454
1.992847 1.98713 1.992573 1.991697 1.990864
1.988418 1.993131 1.99001 1.988892 1.991554
1.908935 1.977275
1.998024 1.982556 1.9975 1.988321 1.997171
1.988811 0.180388 1.988042 1.989319 1.995003
1.981946 1.982957 1.992775 1.991399 0.2968461
1.989628 1.992327 1.995615 0.554292 1.985821
0.7815197 1.986509 1.996951 1.99861 1.999454
1.992847 1.98713 1.992573 1.991697 1.990864
1.988418 1.879523 1.99001 1.988892 1.991554
1.908935 1.977275
0.99616
0.1119646 0.003179288 0.0116573 0.02047371 0.0182487
-0.007679917 -0.01593856 0.2033794 0.0266299 0.01394715
-0.00774991 0.02262304 -0.004147866 0.05624123 0.07413443
0.2978687 0.03017505 0.02020629 -0.01995394 -0.2881213
-0.09058673 0.1295982 0.01669767 -0.002382416 -0.002467583
-0.0237906 0.01373704 0.003288322 -0.01213267 0.03371193
-0.0132255 -0.008764337 0.0268489 -0.00158337 -0.00942042
0.005941722 -0.05170061 -0.01424078
0.1223895 0.005110673 0.01330489 0.02493649 0.01590289
-0.008823181 -0.01705026 0.1827854 0.02768453 0.0127329
-0.01118285 0.02106422 -0.006927156 0.05438565 0.06512297
0.3029969 0.02941939 0.01890187 -0.01706598 -0.2861813
-0.08632897 0.1310827 0.01968561 -0.00329319 -0.003256859
-0.02355512 0.01035168 0.0002051001 -0.01493723 0.03632251
-0.01513975 -0.0104097 0.03019848 -0.001808895 -0.01081937
0.008658141 -0.06103121 -0.01693287
1.998024 1.982556 1.9975 1.988321 1.997171
1.988811 0.1874752 1.988042 1.989319 1.995003
1.981946 1.982957 1.992775 1.991399 0.3135869
1.989628 1.992327 1.995615 0.5261056 1.985821
0.8051647 1.986509 1.996951 1.99861 1.999454
1.992847 1.98713 1.992573 1.991697 1.990864
1.988418 1.993131 1.99001 1.988892 1.991554
1.908935 1.977275
1.998024 1.982556 1.9975 1.988321 1.997171
1.988811 0.1803938 1.988042 1.989319 1.995003
1.981946 1.982957 1.992775 1.991399 0.2968498
1.989628 1.992327 1.995615 0.5542875 1.985821
0.7815388 1.986509 1.996951 1.99861 1.999454
1.992847 1.98713 1.992573 1.991697 1.990864
1.988418 1.878919 1.99001 1.988892 1.991554
1.908935 1.977275
0.9961603
0.1119649 0.00317938 0.01165731 0.02047384 0.01824872
-0.007680293 -0.01593844 0.2033791 0.02662938 0.01394721
-0.007749853 0.0226231 -0.004148077 0.056241 0.07413437
0.2978694 0.03017536 0.02020648 -0.01995378 -0.2881223
-0.09058674 0.1295982 0.01669751 -0.002382414 -0.002467547
-0.02379057 0.01373706 0.00328834 -0.01213273 0.03371225
-0.01322566 -0.008764052 0.02684882 -0.00158349 -0.009420387
0.00594153 -0.05170071 -0.01424062
0.1223905 0.005110939 0.01330474 0.02493605 0.01590285
-0.008822711 -0.01705001 0.1827846 0.02768508 0.01273302
-0.011183 0.02106414 -0.006927409 0.05438572 0.06512297
0.3029948 0.02941907 0.0189017 -0.01706624 -0.2861803
-0.08632896 0.1310837 0.019686 -0.003293572 -0.003256828
-0.02355481 0.01035174 0.0002046082 -0.01493742 0.03632188
-0.01513955 -0.01041029 0.03019925 -0.001809135 -0.01081953
0.00865808 -0.06103131 -0.01693304
1.998024 1.982556 1.9975 1.988321 1.997171
1.988811 0.187475 1.988042 1.989319 1.995003
1.981946 1.982957 1.992775 1.991399 0.3135817
1.989628 1.992327 1.995615 0.5261224 1.985821
0.8051375 1.986509 1.996951 1.99861 1.999454
1.992847 1.98713 1.992573 1.991697 1.990864
1.988418 1.993131 1.99001 1.988892 1.991554
1.908935 1.977275
1.998024 1.982556 1.9975 1.988321 1.997171
1.988811 0.1803917 1.988042 1.989319 1.995003
1.981946 1.982957 1.992775 1.991399 0.2968357
1.989628 1.992327 1.995615 0.5542675 1.985821
0.7815842 1.986509 1.996951 1.99861 1.999454
1.992847 1.98713 1.992573 1.991697 1.990864
1.988418 1.878829 1.99001 1.988892 1.991554
1.908935 1.977275
