0.02733299
0.1119634 0.003179064 0.0116573 0.02047369 0.01824864
-0.007680043 -0.01593864 0.2033804 0.02662957 0.01394721
-0.007749858 0.0226231 -0.004147701 0.05624129 0.07413427
0.2978691 0.03017534 0.02020634 -0.01995359 -0.2881217
-0.09058663 0.1295985 0.01669754 -0.002382391 -0.002467552
-0.02379053 0.01373713 0.003288463 -0.01213265 0.03371212
-0.01322563 -0.00876413 0.02684872 -0.001583432 -0.009420435
0.005941498 -0.05170044 -0.01424072
0.08601014 0.01608106 0.01018884 0.01006599 0.001084528
-0.001257573 0.001250174 0.02257457 0.2302472 0.02456187
0.01076367 -0.006947725 -0.01489567 0.005512031 0.1476251
0.02020614 0.02840124 0.009003694 -0.006058916 -0.1236301
-0.02913055 0.02195938 0.001987898 -0.001551249 -9.847458e-05
-0.03356636 -0.001197124 0.01906907 -0.01398362 0.0007579091
0.01167093 0.006606954 0.003967457 -0.0004731602 0.009372149
0.0128702 -0.02054164 0.01554214
1.998024 1.982556 1.9975 1.988321 1.997171
1.988811 0.187477 1.988042 1.989319 1.995003
1.981946 1.982957 1.992775 1.991399 0.3135874
1.989628 1.992327 1.995615 0.5261235 1.985821
0.8051737 1.986509 1.996951 1.99861 1.999454
1.992847 1.98713 1.992573 1.991697 1.990864
1.988418 1.993131 1.99001 1.988892 1.991554
1.908935 1.977275
1.998024 1.982556 1.9975 0.433658 1.997171
1.988811 1.328371 1.988042 0.01778271 1.832804
0.7486385 1.982957 1.992775 1.991399 0.2540027
1.989628 1.992327 1.995615 1.988922 1.985821
1.886471 1.986509 1.996951 0.569694 1.999454
1.992847 1.98713 1.463783 1.991697 1.990864
1.988418 1.993131 0.516001 1.988892 1.967304
1.908935 1.977275
0.3382395
0.1119614 0.003178223 0.01165795 0.02047468 0.018249
-0.00768248 -0.01593934 0.2033819 0.02662497 0.01394738
-0.007749633 0.02262348 -0.004147856 0.05624018 0.07413302
0.2978771 0.03017819 0.02020815 -0.01995197 -0.2881312
-0.09058645 0.1295988 0.01669549 -0.002381908 -0.002466869
-0.02379059 0.01373795 0.003289491 -0.01213237 0.03371529
-0.01322721 -0.008761866 0.02684714 -0.00158369 -0.009420149
0.005940548 -0.05170043 -0.01423978
0.09332653 0.008794324 0.002156472 0.01563972 -0.005217038
0.003542018 -0.007351952 0.02381784 0.2336073 0.01852976
0.004172686 -0.006949293 -0.001380321 0.009209316 0.1482744
0.02597851 0.03347641 0.005429353 -0.006129982 -0.1333626
-0.02244935 0.01541521 -0.007174454 -0.003299713 0.003263057
-0.02661794 0.001431534 0.02278316 -0.006701061 -0.0007312726
0.00446253 0.0005800668 0.004404177 0.006228253 0.01266778
0.01424145 -0.02753608 0.007993847
1.998024 1.982556 1.9975 1.988321 1.997171
1.988811 0.1874752 1.988042 1.989319 1.995003
1.981946 1.982957 1.992775 1.991399 0.313585
1.989628 1.992327 1.995615 0.5262986 1.985821
0.8050424 1.986509 1.996951 1.99861 1.999454
1.992847 1.98713 1.992573 1.991697 1.990864
1.988418 1.993131 1.99001 1.988892 1.991554
1.908935 1.977275
1.998024 1.186941 1.9975 1.988321 0.7179971
1.988811 1.997454 0.09541249 1.989319 1.995003
1.981946 1.982957 1.992775 0.7123972 1.995308
1.989628 1.992327 1.995615 1.040583 1.985821
1.977309 1.986509 1.996951 1.99861 1.999454
1.992847 1.98713 1.992573 1.991697 1.990864
1.988418 1.993131 1.99001 1.988892 0.5143363
1.080978 1.977275
0.3382267
0.1119608 0.003178021 0.01165766 0.02047387 0.01824879
-0.007679852 -0.01593979 0.203383 0.02662917 0.01394694
-0.007749963 0.02262302 -0.004146647 0.05624172 0.07413389
0.2978718 0.03017557 0.02020651 -0.01995337 -0.2881228
-0.09058654 0.1295984 0.01669688 -0.002381941 -0.002467347
-0.02379093 0.0137375 0.003289245 -0.0121321 0.03371265
-0.01322579 -0.008763928 0.0268478 -0.001582844 -0.009420365
0.005941909 -0.05169989 -0.01424088
0.09331844 0.008795177 0.002154003 0.01564002 -0.005214125
0.003543354 -0.007353358 0.02381742 0.2336126 0.01853194
0.004169955 -0.006948285 -0.00138074 0.009207841 0.1482742
0.02597704 0.03347589 0.005431575 -0.00612915 -0.1333663
-0.0224488 0.01541366 -0.007173813 -0.003299643 0.003264532
-0.02661748 0.001436904 0.022784 -0.006698002 -0.0007298389
0.004460855 0.0005796761 0.004403996 0.006227367 0.0126691
0.01424102 -0.02753531 0.007995241
1.998024 1.982556 1.9975 1.988321 1.997171
1.988811 0.1874785 1.988042 1.989319 1.995003
1.981946 1.982957 1.992775 1.991399 0.3136206
1.989628 1.992327 1.995615 0.5261489 1.985821
0.805197 1.986509 1.996951 1.99861 1.999454
1.992847 1.98713 1.992573 1.991697 1.990864
1.988418 1.993131 1.99001 1.988892 1.991554
1.908935 1.977275
1.998024 1.184817 1.9975 1.988321 0.7186363
1.988811 1.997454 0.0954133 1.989319 1.995003
1.981946 1.982957 1.992775 0.7122665 1.995308
1.989628 1.992327 1.995615 1.041158 1.985821
1.977309 1.986509 1.996951 1.99861 1.999454
1.992847 1.98713 1.992573 1.991697 1.990864
1.988418 1.993131 1.99001 1.988892 0.5144653
1.080807 1.977275
0.3382401
0.1119618 0.00317965 0.01165656 0.02047329 0.01824794
-0.007680723 -0.01593705 0.2033814 0.02662926 0.01394793
-0.007749381 0.02262354 -0.00414837 0.05624116 0.07413433
0.2978653 0.03017593 0.02020597 -0.01995224 -0.2881205
-0.09058628 0.1295996 0.0166982 -0.002382935 -0.002467924
-0.02378971 0.01373678 0.00328799 -0.01213352 0.0337118
-0.01322579 -0.008763551 0.02684916 -0.001584571 -0.009420655
0.005939746 -0.0517003 -0.01424031
0.09332004 0.008795633 0.002153669 0.01563925 -0.005213548
0.003541652 -0.007353078 0.02381591 0.2336132 0.01853252
0.004170601 -0.006946818 -0.001382161 0.009206785 0.1482738
0.02597753 0.0334761 0.005431289 -0.006129889 -0.1333661
-0.02244959 0.01541396 -0.007173124 -0.003300305 0.003263479
-0.026618 0.001436881 0.02278525 -0.006697279 -0.0007284508
0.004462044 0.0005805407 0.004403524 0.006227471 0.01266951
0.01423996 -0.02753519 0.007995713
1.998024 1.982556 1.9975 1.988321 1.997171
1.988811 0.1874876 1.988042 1.989319 1.995003
1.981946 1.982957 1.992775 1.991399 0.3135438
1.989628 1.992327 1.995615 0.5261433 1.985821
0.8051838 1.986509 1.996951 1.99861 1.999454
1.992847 1.98713 1.992573 1.991697 1.990864
1.988418 1.993131 1.99001 1.988892 1.991554
1.908935 1.977275
1.998024 1.184806 1.9975 1.988321 0.7185787
1.988811 1.997454 0.09542021 1.989319 1.995003
1.981946 1.982957 1.992775 0.7120323 1.995308
1.989628 1.992327 1.995615 1.041582 1.985821
1.977309 1.986509 1.996951 1.99861 1.999454
1.992847 1.98713 1.992573 1.991697 1.990864
1.988418 1.993131 1.99001 1.988892 0.5144679
1.080059 1.977275
0.3382378
0.1119637 0.003179143 0.01165725 0.02047344 0.01824866
-0.007679532 -0.01593865 0.2033801 0.02663033 0.01394717
-0.007749952 0.02262302 -0.004147648 0.05624148 0.0741344
0.2978677 0.03017489 0.02020612 -0.01995392 -0.2881203
-0.09058663 0.1295988 0.01669785 -0.002382501 -0.002467595
-0.02379047 0.01373706 0.003288242 -0.01213264 0.03371161
-0.01322539 -0.00876462 0.02684911 -0.001583377 -0.009420489
0.005941751 -0.05170045 -0.01424091
0.09332825 0.00879446 0.002154128 0.01564024 -0.005214146
0.003543299 -0.007353845 0.02381897 0.2336106 0.01853173
0.004172324 -0.006950424 -0.001379911 0.00920747 0.1482741
0.02597629 0.0334768 0.00543121 -0.006130232 -0.133368
-0.02245007 0.01541275 -0.007176679 -0.003299663 0.003264436
-0.02661847 0.001434835 0.02278407 -0.006696371 -0.0007301036
0.004461974 0.0005794279 0.004401783 0.006227781 0.01266769
0.01423979 -0.02753468 0.00799277
1.998024 1.982556 1.9975 1.988321 1.997171
1.988811 0.1874757 1.988042 1.989319 1.995003
1.981946 1.982957 1.992775 1.991399 0.3135872
1.989628 1.992327 1.995615 0.5260975 1.985821
0.8052107 1.986509 1.996951 1.99861 1.999454
1.992847 1.98713 1.992573 1.991697 1.990864
1.988418 1.993131 1.99001 1.988892 1.991554
1.908935 1.977275
1.998024 1.185345 1.9975 1.988321 0.7183657
1.988811 1.997454 0.09541403 1.989319 1.995003
1.981946 1.982957 1.992775 0.7124508 1.995308
1.989628 1.992327 1.995615 1.042095 1.985821
1.977309 1.986509 1.996951 1.99861 1.999454
1.992847 1.98713 1.992573 1.991697 1.990864
1.988418 1.993131 1.99001 1.988892 0.5142659
1.08089 1.977275
0.338277
0.1119635 0.003179344 0.01165698 0.02047355 0.01824836
-0.007679703 -0.01593817 0.2033805 0.02663059 0.01394726
-0.007749769 0.02262309 -0.004147696 0.05624157 0.07413467
0.2978669 0.03017471 0.02020576 -0.01995368 -0.2881191
-0.09058666 0.129598 0.01669808 -0.002382486 -0.002467858
-0.02379054 0.01373681 0.003288313 -0.01213287 0.03371135
-0.01322526 -0.008764393 0.02684887 -0.001583481 -0.009420515
0.005941382 -0.05170034 -0.01424085
0.0933131 0.008793144 0.002152946 0.01564072 -0.005216038
0.003545412 -0.007354571 0.0238193 0.2336131 0.01853221
0.00417082 -0.006952096 -0.001376811 0.00920885 0.1482746
0.02597473 0.03347605 0.005432463 -0.006125045 -0.1333673
-0.02244935 0.01541638 -0.007175828 -0.003298527 0.003268818
-0.02661848 0.001436033 0.02277935 -0.006701722 -0.0007324501
0.004460521 0.0005811164 0.00440393 0.006226955 0.01266988
0.01423985 -0.02753244 0.007994301
1.998024 1.982556 1.9975 1.988321 1.997171
1.988811 0.1874816 1.988042 1.989319 1.995003
1.981946 1.982957 1.992775 1.991399 0.3135865
1.989628 1.992327 1.995615 0.5260814 1.985821
0.8051837 1.986509 1.996951 1.99861 1.999454
1.992847 1.98713 1.992573 1.991697 1.990864
1.988418 1.993131 1.99001 1.988892 1.991554
1.908935 1.977275
1.998024 1.183765 1.9975 1.988321 0.718064
1.988811 1.997454 0.09541889 1.989319 1.995003
1.981946 1.982957 1.992775 0.7121735 1.995308
1.989628 1.992327 1.995615 1.040871 1.985821
1.977309 1.986509 1.996951 1.99861 1.999454
1.992847 1.98713 1.992573 1.991697 1.990864
1.988418 1.993131 1.99001 1.988892 0.5145506
1.082743 1.977275
0.07377126
0.1119635 0.003179095 0.01165729 0.02047367 0.01824864
-0.007680044 -0.01593861 0.2033803 0.02662958 0.01394723
-0.007749858 0.02262311 -0.004147737 0.05624127 0.07413427
0.297869 0.03017534 0.02020635 -0.01995359 -0.2881217
-0.09058663 0.1295986 0.01669756 -0.002382412 -0.002467552
-0.02379051 0.01373712 0.00328843 -0.01213267 0.03371211
-0.01322563 -0.008764144 0.02684877 -0.001583456 -0.009420439
0.005941485 -0.05170046 -0.01424072
0.09540523 0.01515912 0.00663514 0.00823965 0.001528199
-0.0007250776 -0.0004548588 0.0211797 0.2269348 0.02418125
0.006934811 -0.00983075 -0.01217942 0.003265386 0.1499213
0.02351615 0.02594923 0.004896008 -0.007161769 -0.1227479
-0.02677038 0.02618309 0.002082256 -0.00284946 0.001347236
-0.03233373 -0.0002590498 0.02015006 -0.01684993 0.002580215
0.007673766 0.005573009 0.005575509 -0.001384207 0.00742347
0.01329105 -0.02326113 0.01599954
1.998024 1.982556 1.9975 1.988321 1.997171
1.988811 0.1874768 1.988042 1.989319 1.995003
1.981946 1.982957 1.992775 1.991399 0.313586
1.989628 1.992327 1.995615 0.5261232 1.985821
0.8051745 1.986509 1.996951 1.99861 1.999454
1.992847 1.98713 1.992573 1.991697 1.990864
1.988418 1.993131 1.99001 1.988892 1.991554
1.908935 1.977275
1.998024 0.2854341 1.9975 1.988321 1.997171
1.988811 1.997454 1.988042 1.989319 1.519192
1.981946 1.982957 1.992775 1.991399 1.995308
1.989628 1.992327 1.995615 1.988922 1.985821
1.977309 1.986509 1.996951 1.99861 1.999454
0.08186205 1.82459 0.04465158 1.991697 1.990864
1.988418 1.993131 0.1467407 1.988892 1.991554
1.908935 0.4802237
0.3382422
0.1119626 0.003178692 0.0116575 0.02047378 0.01824877
-0.00768019 -0.01593907 0.2033811 0.02662898 0.01394716
-0.007749897 0.02262311 -0.004147456 0.05624127 0.07413399
0.2978706 0.03017571 0.02020663 -0.01995341 -0.2881231
-0.09058657 0.1295987 0.01669715 -0.002382253 -0.002467382
-0.0237906 0.01373735 0.003288722 -0.01213245 0.0337126
-0.01322585 -0.008763917 0.02684842 -0.001583312 -0.009420391
0.005941561 -0.05170032 -0.01424068
0.09331482 0.008795644 0.00215444 0.01563954 -0.005214071
0.0035415 -0.007351876 0.02381557 0.233612 0.0185323
0.004170499 -0.006946086 -0.0013825 0.009207783 0.1482746
0.02597856 0.0334757 0.005430702 -0.006129974 -0.1333641
-0.02244871 0.01541471 -0.007171776 -0.003300101 0.003262984
-0.02661743 0.001436166 0.0227852 -0.006698554 -0.0007284584
0.004461775 0.0005806705 0.004404667 0.006227456 0.01266976
0.01424101 -0.02753614 0.007996503
1.998024 1.982556 1.9975 1.988321 1.997171
1.988811 0.187476 1.988042 1.989319 1.995003
1.981946 1.982957 1.992775 1.991399 0.3135945
1.989628 1.992327 1.995615 0.5261502 1.985821
0.8051748 1.986509 1.996951 1.99861 1.999454
1.992847 1.98713 1.992573 1.991697 1.990864
1.988418 1.993131 1.99001 1.988892 1.991554
1.908935 1.977275
1.998024 1.185335 1.9975 1.988321 0.7185457
1.988811 1.997454 0.09541836 1.989319 1.995003
1.981946 1.982957 1.992775 0.7121308 1.995308
1.989628 1.992327 1.995615 1.040956 1.985821
1.977309 1.986509 1.996951 1.99861 1.999454
1.992847 1.98713 1.992573 1.991697 1.990864
1.988418 1.993131 1.99001 1.988892 0.514585
1.080002 1.977275
0.1474174
0.1119635 0.003179034 0.01165734 0.02047371 0.01824868
-0.00768007 -0.0159387 0.2033804 0.02662947 0.0139472
-0.007749873 0.0226231 -0.004147697 0.05624126 0.07413423
0.2978693 0.03017539 0.02020641 -0.0199536 -0.288122
-0.09058663 0.1295986 0.01669747 -0.002382374 -0.002467517
-0.02379054 0.01373716 0.003288483 -0.01213262 0.0337122
-0.01322567 -0.008764112 0.0268487 -0.001583412 -0.009420424
0.005941533 -0.05170045 -0.01424071
0.1086318 0.01421156 0.004568624 0.01421164 -0.003827782
-0.00185101 -0.001613923 0.0181929 0.2258551 0.02361723
0.006036539 -0.006504404 -0.01276352 0.006491454 0.1502515
0.01922631 0.02801546 0.003160966 -0.007492332 -0.1223891
-0.02634206 0.0264664 0.006125336 -0.008396167 -0.004109225
-0.02992008 -0.001491285 0.01712356 -0.01857336 -0.0005842987
0.01004501 0.004754863 0.004814277 -0.005068745 0.007378715
0.01221447 -0.01950533 0.01062114
1.998024 1.982556 1.9975 1.988321 1.997171
1.988811 0.1874764 1.988042 1.989319 1.995003
1.981946 1.982957 1.992775 1.991399 0.313588
1.989628 1.992327 1.995615 0.5261272 1.985821
0.8051721 1.986509 1.996951 1.99861 1.999454
1.992847 1.98713 1.992573 1.991697 1.990864
1.988418 1.993131 1.99001 1.988892 1.991554
1.908935 1.977275
1.998024 1.982556 1.9975 1.988321 0.6492039
0.3533542 1.997454 1.988042 1.989319 1.995003
1.981946 1.982957 0.3732573 0.04849222 1.037303
1.238211 1.992327 1.995615 1.988922 1.985821
1.977309 1.986509 1.996951 1.99861 1.999454
1.992847 1.98713 1.992573 0.3940971 1.990864
1.988418 1.993131 1.99001 1.988892 0.8215197
1.908935 0.8855848
0.3351439
0.1119627 0.003178991 0.01165715 0.02047372 0.01824844
-0.007679891 -0.01593855 0.2033813 0.02663005 0.01394719
-0.007749777 0.0226231 -0.004147432 0.05624157 0.07413446
0.2978685 0.03017503 0.02020598 -0.01995349 -0.2881203
-0.09058663 0.129598 0.01669771 -0.002382308 -0.00246774
-0.02379067 0.01373698 0.003288629 -0.01213269 0.0337118
-0.01322544 -0.00876412 0.02684846 -0.001583333 -0.009420464
0.005941421 -0.0517002 -0.0142408
0.1184421 0.01476789 0.006057038 0.009334982 -0.0007266936
-0.004964352 -0.001531729 0.01774087 0.2299556 0.02142279
0.005931232 -0.002670002 -0.01708984 0.001565775 0.1494967
0.02306662 0.02655656 0.003194055 -0.006316607 -0.1227654
-0.02642765 0.02548151 0.0009901228 -0.001335141 -0.002586013
-0.03059794 0.0005759872 0.01707087 -0.02171502 6.091906e-08
0.0100677 0.002782494 0.007406843 -0.008074929 -0.002528352
0.02110686 -0.02932942 0.01231567
1.998024 1.982556 1.9975 1.988321 1.997171
1.988811 0.1874818 1.988042 1.989319 1.995003
1.981946 1.982957 1.992775 1.991399 0.3135957
1.989628 1.992327 1.995615 0.5261041 1.985821
0.8051746 1.986509 1.996951 1.99861 1.999454
1.992847 1.98713 1.992573 1.991697 1.990864
1.988418 1.993131 1.99001 1.988892 1.991554
1.908935 1.977275
1.998024 1.982556 1.9975 1.988321 1.997171
0.4206248 1.997454 1.988042 1.989319 1.995003
1.981946 1.982957 0.6863734 0.1335514 1.995308
1.989628 1.992327 1.995615 0.8109791 1.985821
1.977309 0.2046241 0.3891095 1.99861 1.999454
1.992847 1.98713 1.992573 1.991697 1.990864
1.988418 1.993131 1.176589 1.988892 0.4208642
1.908935 1.977275
0.08028529
0.1870895 -0.004020784 0.01815526 0.01980419 -0.005914538
0.0005760699 -0.03137472 0.1481007 0.03363686 0.004324221
-0.03184628 0.03510226 -0.01181478 0.06176724 0.08163937
0.3025915 0.01790701 0.02493193 -0.04980969 -0.298099
-0.0971283 0.1236442 0.03013535 -0.00367896 0.01544207
-0.02073743 0.02194316 -0.0002098106 -0.00442486 0.001827275
-0.002502146 -0.01915745 0.03898801 0.02215868 0.004413483
-0.01784569 -0.0392737 -0.03364812
0.09335809 0.008795637 0.002156208 0.01564068 -0.005217888
0.003542706 -0.007351015 0.02382196 0.233609 0.01852592
0.004171215 -0.006953303 -0.001380623 0.00920917 0.1482677
0.02597735 0.0334796 0.005429518 -0.006131328 -0.1333686
-0.02245227 0.01540884 -0.007177862 -0.003299421 0.003258659
-0.02661567 0.001430165 0.02278268 -0.00669466 -0.0007365171
0.00445772 0.0005739238 0.004407208 0.006230146 0.0126624
0.0142418 -0.02754023 0.007990253
0.5726775 1.982556 1.9975 1.988321 1.997171
1.988811 1.997454 1.988042 1.989319 1.995003
1.981946 1.982957 1.992775 1.991399 1.995308
1.989628 1.992327 0.95386 1.988922 1.985821
0.1161283 1.986509 1.996951 1.99861 0.6592661
1.249211 1.98713 1.992573 1.991697 1.990864
1.988418 0.04129349 1.99001 1.988892 1.991554
1.908935 1.977275
1.998024 1.189205 1.9975 1.988321 0.7188405
1.988811 1.997454 0.09543127 1.989319 1.995003
1.981946 1.982957 1.992775 0.7125888 1.995308
1.989628 1.992327 1.995615 1.041578 1.985821
1.977309 1.986509 1.996951 1.99861 1.999454
1.992847 1.98713 1.992573 1.991697 1.990864
1.988418 1.993131 1.99001 1.988892 0.5140613
1.082516 1.977275
0.3302191
0.1119635 0.003179102 0.01165728 0.0204737 0.01824862
-0.007680073 -0.01593859 0.2033803 0.02662957 0.01394723
-0.007749843 0.02262311 -0.004147733 0.05624127 0.07413429
0.297869 0.03017533 0.02020633 -0.01995357 -0.2881217
-0.09058663 0.1295985 0.01669755 -0.002382397 -0.00246757
-0.02379053 0.0137371 0.003288454 -0.01213268 0.03371211
-0.01322563 -0.008764109 0.02684872 -0.001583452 -0.009420436
0.005941464 -0.05170045 -0.01424071
0.0838429 0.008744792 0.001647664 0.01619111 -0.003804933
0.002644993 -0.004579497 0.02331993 0.2361531 0.02026676
0.00343212 -0.005641149 -0.003307651 0.009446926 0.1487793
0.02518446 0.03246168 0.004131276 -0.005447911 -0.1325917
-0.0220243 0.01599377 -0.003870734 -0.003144343 0.003246291
-0.02665438 0.00130818 0.0236367 -0.007434472 0.0009766731
0.004405128 0.002067832 0.005692712 0.005989357 0.01500662
0.01276548 -0.02737592 0.01100507
1.998024 1.982556 1.9975 1.988321 1.997171
1.988811 0.1874773 1.988042 1.989319 1.995003
1.981946 1.982957 1.992775 1.991399 0.3135866
1.989628 1.992327 1.995615 0.5261226 1.985821
0.8051702 1.986509 1.996951 1.99861 1.999454
1.992847 1.98713 1.992573 1.991697 1.990864
1.988418 1.993131 1.99001 1.988892 1.991554
1.908935 1.977275
1.998024 0.8815471 1.9975 1.988321 0.7415897
1.988811 1.997454 0.09463751 1.989319 1.995003
0.9953655 1.982957 1.992775 0.60805 1.995308
1.989628 1.992327 1.995615 0.8850824 1.985821
1.977309 1.986509 1.996951 1.99861 1.999454
1.992847 1.98713 1.992573 1.991697 1.990864
1.988418 1.993131 1.99001 1.988892 1.991512
0.7693439 1.977275
0.3381414
0.1119618 0.003178446 0.01165773 0.02047413 0.0182489
-0.007681396 -0.01593918 0.2033815 0.02662676 0.01394735
-0.007749765 0.02262334 -0.004147731 0.05624066 0.07413339
0.2978737 0.03017715 0.0202075 -0.01995256 -0.2881276
-0.09058644 0.1295993 0.0166963 -0.00238216 -0.002467066
-0.02379044 0.01373772 0.003289024 -0.01213244 0.03371404
-0.01322663 -0.008762866 0.02684791 -0.001583631 -0.009420289
0.005940928 -0.0517004 -0.01424018
0.09327193 0.008793165 0.0021522 0.01564135 -0.005208301
0.003548265 -0.00735518 0.02381713 0.2336092 0.01853837
0.004169996 -0.006944922 -0.001379063 0.009209879 0.1482868
0.02597806 0.03346976 0.005432013 -0.006130919 -0.1333636
-0.02244122 0.01541507 -0.007171088 -0.003299501 0.003269799
-0.02661895 0.001443293 0.02278884 -0.006698737 -0.0007212133
0.004465184 0.0005838171 0.00439727 0.006223071 0.01267482
0.01424415 -0.02753285 0.007998213
1.998024 1.982556 1.9975 1.988321 1.997171
1.988811 0.1874748 1.988042 1.989319 1.995003
1.981946 1.982957 1.992775 1.991399 0.3135837
1.989628 1.992327 1.995615 0.5262363 1.985821
0.8051198 1.986509 1.996951 1.99861 1.999454
1.992847 1.98713 1.992573 1.991697 1.990864
1.988418 1.993131 1.99001 1.988892 1.991554
1.908935 1.977275
1.998024 1.181185 1.9975 1.988321 0.7185474
1.988811 1.997454 0.09539738 1.989319 1.995003
1.981946 1.982957 1.992775 0.7134509 1.995308
1.989628 1.992327 1.995615 1.040969 1.985821
1.977309 1.986509 1.996951 1.99861 1.999454
1.992847 1.98713 1.992573 1.991697 1.990864
1.988418 1.993131 1.99001 1.988892 0.5147347
1.078008 1.977275
0.4426977
0.1119635 0.003179061 0.01165732 0.0204737 0.01824867
-0.007680075 -0.01593866 0.2033803 0.02662949 0.01394721
-0.007749866 0.0226231 -0.004147723 0.05624125 0.07413424
0.2978692 0.03017538 0.0202064 -0.01995359 -0.2881219
-0.09058663 0.1295986 0.0166975 -0.00238239 -0.002467527
-0.02379053 0.01373715 0.003288461 -0.01213264 0.03371218
-0.01322566 -0.008764114 0.02684873 -0.001583435 -0.009420428
0.005941509 -0.05170046 -0.01424071
0.0715248 0.007037538 0.0008733092 0.01458365 -0.002342257
0.006154284 -0.003205888 0.03515079 0.2349092 0.01966332
0.006066418 -0.007761566 0.002044669 0.009361595 0.1503524
0.02183319 0.02962183 0.005129665 -0.002979687 -0.1347971
-0.02167374 0.01585409 -0.007281517 -0.001417509 0.002357469
-0.02779559 0.002168595 0.02622513 -0.007700521 0.0001830262
0.006669083 0.001290609 0.00161558 0.01825574 0.01519776
0.01018104 -0.02473105 0.01117844
1.998024 1.982556 1.9975 1.988321 1.997171
1.988811 0.1874765 1.988042 1.989319 1.995003
1.981946 1.982957 1.992775 1.991399 0.313587
1.989628 1.992327 1.995615 0.5261266 1.985821
0.8051721 1.986509 1.996951 1.99861 1.999454
1.992847 1.98713 1.992573 1.991697 1.990864
1.988418 1.993131 1.99001 1.988892 1.991554
1.908935 1.977275
1.998024 1.982556 1.9975 1.988321 0.6601885
1.988811 0.6273719 0.140084 1.989319 1.995003
1.981946 1.982957 1.992775 1.991399 1.995308
1.989628 1.992327 1.995615 1.275713 1.985821
1.977309 1.986509 1.996951 1.99861 1.999454
1.992847 1.98713 1.992573 1.991697 1.990864
1.988418 1.993131 0.3748072 1.988892 1.991554
1.908935 1.977275
0.3382126
0.1119608 0.003178469 0.01165723 0.02047377 0.01824839
-0.007679904 -0.01593895 0.2033831 0.02662976 0.01394715
-0.007749749 0.02262313 -0.00414691 0.05624181 0.07413425
0.2978695 0.03017526 0.02020599 -0.01995311 -0.2881207
-0.09058652 0.129598 0.01669743 -0.002382125 -0.002467693
-0.02379077 0.01373714 0.003289028 -0.01213252 0.03371206
-0.01322556 -0.008763882 0.02684796 -0.001583174 -0.009420459
0.005941353 -0.05169984 -0.01424082
0.09331265 0.0087958 0.002152995 0.01563923 -0.005212808
0.003542345 -0.007353794 0.02381529 0.2336151 0.01853342
0.004169239 -0.006946011 -0.001382036 0.009206541 0.1482744
0.02597715 0.0334754 0.005432142 -0.006128969 -0.1333662
-0.0224488 0.01541436 -0.007172233 -0.003300209 0.003264777
-0.02661788 0.001439123 0.02278515 -0.006697709 -0.0007278059
0.00446163 0.000580984 0.004403646 0.006226914 0.01267071
0.01424017 -0.02753447 0.007996895
1.998024 1.982556 1.9975 1.988321 1.997171
1.988811 0.1874848 1.988042 1.989319 1.995003
1.981946 1.982957 1.992775 1.991399 0.3136085
1.989628 1.992327 1.995615 0.5261221 1.985821
0.8051885 1.986509 1.996951 1.99861 1.999454
1.992847 1.98713 1.992573 1.991697 1.990864
1.988418 1.993131 1.99001 1.988892 1.991554
1.908935 1.977275
1.998024 1.183748 1.9975 1.988321 0.7187365
1.988811 1.997454 0.09541618 1.989319 1.995003
1.981946 1.982957 1.992775 0.7119434 1.995308
1.989628 1.992327 1.995615 1.041358 1.985821
1.977309 1.986509 1.996951 1.99861 1.999454
1.992847 1.98713 1.992573 1.991697 1.990864
1.988418 1.993131 1.99001 1.988892 0.5145553
1.080031 1.977275
0.4427055
0.1119641 0.003179244 0.01165726 0.02047383 0.01824862
-0.007680192 -0.01593848 0.2033799 0.02662957 0.0139472
-0.007749819 0.0226231 -0.004147855 0.05624119 0.0741344
0.2978692 0.03017526 0.02020632 -0.01995367 -0.2881217
-0.09058671 0.129598 0.01669755 -0.002382361 -0.002467615
-0.02379062 0.01373703 0.003288464 -0.01213272 0.03371213
-0.0132256 -0.008764037 0.02684865 -0.001583427 -0.009420407
0.005941486 -0.05170053 -0.01424067
0.07152371 0.007037456 0.0008732329 0.0145836 -0.002342325
0.006154642 -0.003205995 0.03515248 0.2349088 0.01966349
0.006066649 -0.007761535 0.002044876 0.009361651 0.1503524
0.02183321 0.02962184 0.005129619 -0.002979474 -0.1347973
-0.02167374 0.01585401 -0.007281615 -0.001417572 0.002357341
-0.02779557 0.002168692 0.02622522 -0.007700453 0.0001832429
0.006668777 0.001290628 0.001615525 0.01825567 0.01519761
0.01018108 -0.02473095 0.01117852
1.998024 1.982556 1.9975 1.988321 1.997171
1.988811 0.1874774 1.988042 1.989319 1.995003
1.981946 1.982957 1.992775 1.991399 0.3135871
1.989628 1.992327 1.995615 0.526117 1.985821
0.8051458 1.986509 1.996951 1.99861 1.999454
1.992847 1.98713 1.992573 1.991697 1.990864
1.988418 1.993131 1.99001 1.988892 1.991554
1.908935 1.977275
1.998024 1.982556 1.9975 1.988321 0.6602042
1.988811 0.6273489 0.1400878 1.989319 1.995003
1.981946 1.982957 1.992775 1.991399 1.995308
1.989628 1.992327 1.995615 1.275766 1.985821
1.977309 1.986509 1.996951 1.99861 1.999454
1.992847 1.98713 1.992573 1.991697 1.990864
1.988418 1.993131 0.3748259 1.988892 1.991554
1.908935 1.977275
0.3382063
0.1119681 0.003179941 0.01165752 0.0204753 0.01824885
-0.007682473 -0.01593801 0.2033765 0.02662684 0.01394715
-0.007749547 0.02262324 -0.004149034 0.05623979 0.07413446
0.297875 0.03017643 0.02020735 -0.01995352 -0.2881274
-0.09058718 0.1295952 0.01669641 -0.002381911 -0.002467511
-0.02379123 0.01373697 0.003288954 -0.0121329 0.03371407
-0.01322631 -0.008762305 0.02684747 -0.001583489 -0.009420036
0.005941119 -0.05170131 -0.01423985
0.09334776 0.008794632 0.002157531 0.01564091 -0.00522079
0.003549305 -0.007355196 0.02382448 0.2336096 0.01852305
0.00416509 -0.006955458 -0.001375421 0.009212369 0.14827
0.0259759 0.03347659 0.005431145 -0.006126789 -0.1333655
-0.02244783 0.01540966 -0.007177676 -0.003298165 0.003264218
-0.02661421 0.001433989 0.02277836 -0.006702186 -0.0007408278
0.00445487 0.0005722136 0.004409112 0.006228783 0.01266362
0.01424697 -0.02753877 0.007991525
1.998024 1.982556 1.9975 1.988321 1.997171
1.988811 0.1874753 1.988042 1.989319 1.995003
1.981946 1.982957 1.992775 1.991399 0.3135827
1.989628 1.992327 1.995615 0.5261783 1.985821
0.804896 1.986509 1.996951 1.99861 1.999454
1.992847 1.98713 1.992573 1.991697 1.990864
1.988418 1.993131 1.99001 1.988892 1.991554
1.908935 1.977275
1.998024 1.187398 1.9975 1.988321 0.7191496
1.988811 1.997454 0.09539716 1.989319 1.995003
1.981946 1.982957 1.992775 0.7129105 1.995308
1.989628 1.992327 1.995615 1.038649 1.985821
1.977309 1.986509 1.996951 1.99861 1.999454
1.992847 1.98713 1.992573 1.991697 1.990864
1.988418 1.993131 1.99001 1.988892 0.5138999
1.084668 1.977275
0.3359887
0.1119633 0.003179059 0.01165727 0.02047377 0.01824859
-0.007680104 -0.01593861 0.2033806 0.02662958 0.0139472
-0.00774982 0.02262311 -0.004147658 0.05624132 0.07413433
0.2978692 0.0301753 0.02020628 -0.01995354 -0.2881216
-0.09058665 0.1295982 0.01669752 -0.002382338 -0.002467602
-0.02379061 0.01373708 0.00328855 -0.01213267 0.03371212
-0.01322561 -0.008764039 0.02684857 -0.001583398 -0.009420426
0.005941458 -0.05170039 -0.01424071
0.09334837 0.008798997 0.002155764 0.01563714 -0.005213436
0.003534232 -0.007348993 0.02381216 0.2336122 0.01853014
0.004172271 -0.006942062 -0.001389583 0.009204198 0.1482682
0.02598143 0.03347891 0.005428456 -0.006135952 -0.1333646
-0.02245324 0.01541094 -0.007170943 -0.003302568 0.003253616
-0.02661706 0.001432788 0.02279078 -0.006691768 -0.0007269453
0.004463061 0.0005786077 0.004405666 0.006230061 0.01266627
0.01423872 -0.02754037 0.007995616
1.998024 1.982556 1.9975 1.988321 1.997171
1.988811 0.1874784 1.988042 1.989319 1.995003
1.981946 1.982957 1.992775 1.991399 0.3135902
1.989628 1.992327 1.995615 0.526121 1.985821
0.8051626 1.986509 1.996951 1.99861 1.999454
1.992847 1.98713 1.992573 1.991697 1.990864
1.988418 1.993131 1.99001 1.988892 1.991554
1.908935 1.977275
1.998024 1.188614 1.9975 1.988321 0.7189488
1.988811 1.997454 0.09543774 1.989319 1.995003
1.981946 1.982957 1.992775 0.7115392 1.995308
1.989628 1.992327 1.995615 1.04264 1.985821
1.977309 1.986509 1.996951 1.99861 1.999454
1.992847 1.98713 1.992573 1.991697 1.990864
1.988418 1.993131 1.99001 1.988892 0.5142948
1.077734 1.977275
0.3359907
0.111964 0.003178921 0.01165756 0.02047358 0.01824894
-0.007679714 -0.01593913 0.2033798 0.02662963 0.01394707
-0.007750068 0.02262298 -0.004147623 0.05624126 0.07413412
0.2978697 0.03017526 0.02020658 -0.01995403 -0.2881223
-0.09058666 0.129599 0.0166974 -0.002382384 -0.002467337
-0.02379055 0.01373732 0.003288375 -0.0121324 0.03371219
-0.01322564 -0.008764501 0.02684898 -0.00158323 -0.009420405
0.005942028 -0.05170057 -0.01424086
0.09332582 0.008795568 0.002155066 0.0156395 -0.005215392
0.003541051 -0.007351419 0.02381658 0.2336108 0.01853071
0.004171282 -0.006947547 -0.001382275 0.009208019 0.1482728
0.02597855 0.03347676 0.005430074 -0.00613028 -0.1333645
-0.02244992 0.01541402 -0.007173038 -0.003300103 0.003261718
-0.02661731 0.001433925 0.02278452 -0.006698301 -0.0007302595
0.004461441 0.0005796304 0.004405258 0.006228233 0.01266813
0.01424081 -0.02753695 0.007995077
1.998024 1.982556 1.9975 1.988321 1.997171
1.988811 0.187471 1.988042 1.989319 1.995003
1.981946 1.982957 1.992775 1.991399 0.3135917
1.989628 1.992327 1.995615 0.5261246 1.985821
0.8051999 1.986509 1.996951 1.99861 1.999454
1.992847 1.98713 1.992573 1.991697 1.990864
1.988418 1.993131 1.99001 1.988892 1.991554
1.908935 1.977275
1.998024 1.186458 1.9975 1.988321 0.7184558
1.988811 1.997454 0.0954236 1.989319 1.995003
1.981946 1.982957 1.992775 0.7121401 1.995308
1.989628 1.992327 1.995615 1.041081 1.985821
1.977309 1.986509 1.996951 1.99861 1.999454
1.992847 1.98713 1.992573 1.991697 1.990864
1.988418 1.993131 1.99001 1.988892 0.5144626
1.080499 1.977275
0.3359344
0.1119652 0.003180127 0.01165679 0.02047349 0.01824833
-0.007680628 -0.01593717 0.2033784 0.02662946 0.0139477
-0.007749597 0.02262334 -0.004148878 0.05624077 0.07413454
0.2978661 0.03017553 0.02020623 -0.01995325 -0.2881211
-0.09058659 0.129599 0.01669817 -0.002382923 -0.002467798
-0.02378993 0.01373674 0.003287696 -0.0121334 0.0337118
-0.01322567 -0.008763947 0.02684956 -0.001584332 -0.009420541
0.005940513 -0.05170089 -0.01424037
0.09330038 0.008793425 0.002152018 0.01564161 -0.005212195
0.003547496 -0.007355559 0.02381962 0.2336134 0.01853476
0.004169687 -0.006950525 -0.001377271 0.009208618 0.1482782
0.02597473 0.03347425 0.005433418 -0.006127134 -0.1333688
-0.02244664 0.01541419 -0.007175392 -0.003298501 0.003269774
-0.02661827 0.001440211 0.02278265 -0.006698241 -0.0007288207
0.004460721 0.0005808209 0.004401248 0.006225607 0.01267101
0.01424115 -0.02753243 0.007995025
1.998024 1.982556 1.9975 1.988321 1.997171
1.988811 0.1874788 1.988042 1.989319 1.995003
1.981946 1.982957 1.992775 1.991399 0.3135439
1.989628 1.992327 1.995615 0.5261205 1.985821
0.8051437 1.986509 1.996951 1.99861 1.999454
1.992847 1.98713 1.992573 1.991697 1.990864
1.988418 1.993131 1.99001 1.988892 1.991554
1.908935 1.977275
1.998024 1.182347 1.9975 1.988321 0.7185658
1.988811 1.997454 0.09540496 1.989319 1.995003
1.981946 1.982957 1.992775 0.7127167 1.995308
1.989628 1.992327 1.995615 1.041392 1.985821
1.977309 1.986509 1.996951 1.99861 1.999454
1.992847 1.98713 1.992573 1.991697 1.990864
1.988418 1.993131 1.99001 1.988892 0.5145846
1.081412 1.977275
0.1542276
0.1119601 0.003178875 0.0116566 0.02047368 0.01824776
-0.007679732 -0.01593798 0.203384 0.02663102 0.01394733
-0.007749448 0.02262323 -0.004146887 0.05624224 0.07413488
0.2978663 0.03017454 0.02020502 -0.01995279 -0.2881168
-0.09058652 0.129597 0.01669823 -0.002382234 -0.002468273
-0.02379077 0.01373658 0.003288962 -0.012133 0.03371103
-0.01322507 -0.008763881 0.02684787 -0.001583394 -0.009420592
0.005940729 -0.05169954 -0.01424088
0.1060964 0.01444737 0.003854713 0.01286613 -0.004328403
0.0001646266 -0.0001599138 0.01781603 0.2248861 0.02451188
0.006633345 -0.005964475 -0.01272786 0.003864242 0.149444
0.01873444 0.02907132 0.003073594 -0.006520979 -0.1219365
-0.02593012 0.02567303 0.007870251 -0.007282265 -0.00117043
-0.03386537 -0.005221886 0.01691933 -0.01696903 -0.0007870684
0.01105344 0.007063165 0.00307049 -0.003619824 0.009732236
0.01128605 -0.01910644 0.01077965
1.998024 1.982556 1.9975 1.988321 1.997171
1.988811 0.1874964 1.988042 1.989319 1.995003
1.981946 1.982957 1.992775 1.991399 0.3136053
1.989628 1.992327 1.995615 0.5260688 1.985821
0.8051831 1.986509 1.996951 1.99861 1.999454
1.992847 1.98713 1.992573 1.991697 1.990864
1.988418 1.993131 1.99001 1.988892 1.991554
1.908935 1.977275
1.998024 1.982556 1.9975 1.988321 0.5525802
0.3543591 1.997454 1.988042 1.2946 1.995003
1.981946 1.982957 0.4130925 0.0539819 1.995308
1.989628 1.992327 1.995615 1.988922 1.985821
1.977309 1.986509 1.996951 1.99861 1.999454
0.5194085 1.98713 1.992573 0.3713649 1.990864
1.988418 1.993131 1.99001 1.988892 1.516497
1.908935 1.977275
0.3359857
0.1119633 0.003179053 0.01165729 0.02047367 0.01824863
-0.007680027 -0.01593864 0.2033805 0.02662959 0.01394722
-0.007749856 0.02262311 -0.004147684 0.05624131 0.07413427
0.297869 0.03017533 0.02020633 -0.01995357 -0.2881217
-0.09058662 0.1295986 0.01669755 -0.002382394 -0.002467556
-0.02379053 0.01373713 0.003288465 -0.01213265 0.03371211
-0.01322563 -0.008764137 0.02684872 -0.001583434 -0.009420439
0.005941489 -0.05170042 -0.01424073
0.09330042 0.008793951 0.002153349 0.01564033 -0.005213869
0.00354452 -0.007353042 0.02381703 0.2336113 0.01853364
0.004170453 -0.006947625 -0.001379564 0.009209352 0.148278
0.02597762 0.03347399 0.005431221 -0.006128042 -0.133364
-0.0224467 0.01541618 -0.007172121 -0.003299409 0.003266581
-0.02661807 0.0014375 0.02278378 -0.006700989 -0.0007282018
0.004462333 0.0005820546 0.004403285 0.006226014 0.01267149
0.01424181 -0.02753439 0.007996721
1.998024 1.982556 1.9975 1.988321 1.997171
1.988811 0.1874772 1.988042 1.989319 1.995003
1.981946 1.982957 1.992775 1.991399 0.3135875
1.989628 1.992327 1.995615 0.5261232 1.985821
0.8051759 1.986509 1.996951 1.99861 1.999454
1.992847 1.98713 1.992573 1.991697 1.990864
1.988418 1.993131 1.99001 1.988892 1.991554
1.908935 1.977275
1.998024 1.183891 1.9975 1.988321 0.7182805
1.988811 1.997454 0.09542056 1.989319 1.995003
1.981946 1.982957 1.992775 0.7124694 1.995308
1.989628 1.992327 1.995615 1.040564 1.985821
1.977309 1.986509 1.996951 1.99861 1.999454
1.992847 1.98713 1.992573 1.991697 1.990864
1.988418 1.993131 1.99001 1.988892 0.514685
1.080491 1.977275
0.3359707
0.1119642 0.003178851 0.01165755 0.02047394 0.01824886
-0.007679661 -0.01593927 0.20338 0.02663005 0.01394685
-0.007750034 0.02262288 -0.00414732 0.05624146 0.07413442
0.2978705 0.03017481 0.0202063 -0.01995426 -0.2881214
-0.09058684 0.1295975 0.01669735 -0.002382085 -0.002467509
-0.02379104 0.01373716 0.003288749 -0.01213229 0.03371206
-0.01322541 -0.008764408 0.02684838 -0.001582828 -0.009420336
0.005942317 -0.05170043 -0.01424096
0.09331064 0.008793475 0.002152024 0.01564063 -0.005213281
0.003546553 -0.007355708 0.02381948 0.2336132 0.01853352
0.004170157 -0.006950853 -0.001377445 0.009208313 0.1482767
0.02597491 0.03347478 0.005432736 -0.00612726 -0.1333686
-0.02244791 0.01541405 -0.007175851 -0.003299121 0.003268512
-0.02661869 0.001438878 0.02278265 -0.006698611 -0.0007296808
0.004461543 0.000580719 0.004401372 0.006226015 0.01267033
0.0142406 -0.02753267 0.007994374
1.998024 1.982556 1.9975 1.988321 1.997171
1.988811 0.1874745 1.988042 1.989319 1.995003
1.981946 1.982957 1.992775 1.991399 0.3136123
1.989628 1.992327 1.995615 0.5260977 1.985821
0.8051588 1.986509 1.996951 1.99861 1.999454
1.992847 1.98713 1.992573 1.991697 1.990864
1.988418 1.993131 1.99001 1.988892 1.991554
1.908935 1.977275
1.998024 1.182903 1.9975 1.988321 0.7184265
1.988811 1.997454 0.09541831 1.989319 1.995003
1.981946 1.982957 1.992775 0.7125273 1.995308
1.989628 1.992327 1.995615 1.041558 1.985821
1.977309 1.986509 1.996951 1.99861 1.999454
1.992847 1.98713 1.992573 1.991697 1.990864
1.988418 1.993131 1.99001 1.988892 0.5144364
1.081405 1.977275
0.2090177
0.1901055 -0.001113871 0.01668748 0.03434639 -0.003063504
-0.00814225 -0.02458902 0.1428959 0.02477098 0.008255539
-0.01867643 0.03451215 -0.01527084 0.06482781 0.08052413
0.3189341 0.008941888 0.01231529 -0.04860062 -0.3080847
-0.08397836 0.1294905 0.01145253 -0.001804107 0.0145318
-0.02889658 0.02037419 -0.0005845889 -0.01479347 0.01625264
0.003985653 -0.009812631 0.02412436 0.01416852 0.01459066
-0.01409022 -0.05380132 -0.03701302
0.09330235 0.008793385 0.002153133 0.01564104 -0.005214294
0.00354576 -0.007352236 0.02381895 0.2336098 0.01853292
0.004170744 -0.006949203 -0.001378643 0.009210782 0.1482783
0.02597781 0.03347393 0.00543059 -0.006128315 -0.1333645
-0.02244629 0.01541514 -0.007172694 -0.00329913 0.003265871
-0.02661761 0.001436505 0.02278361 -0.006700507 -0.0007293288
0.00446174 0.0005810396 0.004403711 0.006225887 0.01267057
0.01424282 -0.02753578 0.00799578
1.998024 1.982556 1.9975 0.4876366 1.997171
1.988811 1.997454 1.988042 1.989319 1.995003
1.981946 1.982957 1.992775 1.991399 1.995308
1.989628 1.52518 1.995615 1.988922 0.2362777
1.977309 1.986509 1.996951 1.99861 1.927483
1.992847 1.98713 0.7703193 1.991697 1.990864
1.988418 0.4548287 0.07931199 1.988892 1.991554
0.2846704 1.977275
1.998024 1.18456 1.9975 1.988321 0.7182985
1.988811 1.997454 0.09543424 1.989319 1.995003
1.981946 1.982957 1.992775 0.7128304 1.995308
1.989628 1.992327 1.995615 1.040557 1.985821
1.977309 1.986509 1.996951 1.99861 1.999454
1.992847 1.98713 1.992573 1.991697 1.990864
1.988418 1.993131 1.99001 1.988892 0.514681
1.080848 1.977275
0.3359731
0.111962 0.003179108 0.01165691 0.02047395 0.01824813
-0.00768048 -0.01593805 0.203382 0.02662961 0.01394736
-0.007749517 0.02262327 -0.004147545 0.0562415 0.07413456
0.2978685 0.03017531 0.02020585 -0.01995289 -0.2881204
-0.0905866 0.1295973 0.01669769 -0.002382259 -0.002467939
-0.02379068 0.01373682 0.003288827 -0.01213296 0.03371199
-0.01322555 -0.008763501 0.02684801 -0.001583562 -0.009420466
0.005940762 -0.05170006 -0.01424057
0.09331956 0.008795257 0.002154108 0.01564005 -0.005214936
0.00354301 -0.007352784 0.02381737 0.233613 0.0185314
0.004169771 -0.00694853 -0.00138076 0.009208063 0.1482732
0.0259771 0.03347631 0.005431493 -0.006128456 -0.133366
-0.02244925 0.01541408 -0.007173499 -0.003299495 0.003264233
-0.02661716 0.001436279 0.0227831 -0.006698681 -0.0007308561
0.004460166 0.0005795122 0.004405279 0.006227662 0.01266888
0.01424096 -0.02753568 0.0079954
1.998024 1.982556 1.9975 1.988321 1.997171
1.988811 0.1874885 1.988042 1.989319 1.995003
1.981946 1.982957 1.992775 1.991399 0.3135915
1.989628 1.992327 1.995615 0.5261153 1.985821
0.8051284 1.986509 1.996951 1.99861 1.999454
1.992847 1.98713 1.992573 1.991697 1.990864
1.988418 1.993131 1.99001 1.988892 1.991554
1.908935 1.977275
1.998024 1.185143 1.9975 1.988321 0.718617
1.988811 1.997454 0.09541721 1.989319 1.995003
1.981946 1.982957 1.992775 0.7121461 1.995308
1.989628 1.992327 1.995615 1.04092 1.985821
1.977309 1.986509 1.996951 1.99861 1.999454
1.992847 1.98713 1.992573 1.991697 1.990864
1.988418 1.993131 1.99001 1.988892 0.5145209
1.081232 1.977275
0.3355333
0.1119617 0.003178677 0.01165739 0.02047366 0.01824864
-0.007680375 -0.01593885 0.2033817 0.02662869 0.01394733
-0.007749804 0.02262323 -0.004147522 0.05624124 0.07413387
0.2978701 0.03017602 0.02020665 -0.01995299 -0.2881234
-0.09058644 0.1295993 0.01669718 -0.002382364 -0.002467395
-0.02379037 0.01373737 0.00328867 -0.01213259 0.03371268
-0.01322598 -0.008763729 0.02684847 -0.001583574 -0.009420441
0.005941139 -0.05170024 -0.01424057
0.09221261 0.01358532 0.006659756 0.01153818 0.0003986605
-0.002070156 -0.003053882 0.02121279 0.2283728 0.02721167
0.003258176 -0.005206717 -0.0082868 3.377999e-05 0.1486496
0.02146311 0.02354631 0.00525389 -0.008395934 -0.1203142
-0.02639014 0.02436871 0.0002696505 0.0007612485 0.001508849
-0.03319001 0.004540366 0.0224926 -0.01613588 0.004488983
0.008970932 0.004967889 0.004854023 -0.003761983 0.01155871
0.01162859 -0.02466245 0.01580304
1.998024 1.982556 1.9975 1.988321 1.997171
1.988811 0.187478 1.988042 1.989319 1.995003
1.981946 1.982957 1.992775 1.991399 0.3135852
1.989628 1.992327 1.995615 0.5261668 1.985821
0.805186 1.986509 1.996951 1.99861 1.999454
1.992847 1.98713 1.992573 1.991697 1.990864
1.988418 1.993131 1.99001 1.988892 1.991554
1.908935 1.977275
1.998024 1.211922 1.9975 1.988321 1.997171
1.988811 1.997454 1.988042 1.989319 0.147569
1.981946 1.982957 1.992775 1.991399 1.995308
1.989628 1.992327 1.995615 1.988922 1.985821
1.977309 1.986509 1.996951 1.99861 1.999454
1.992847 0.1733638 1.992573 1.991697 1.876691
1.988418 1.993131 1.99001 1.988892 0.1412384
0.4581166 0.1576819
0.3359458
0.1119634 0.003179011 0.01165735 0.02047368 0.01824869
-0.007680057 -0.01593873 0.2033804 0.02662945 0.01394721
-0.007749879 0.0226231 -0.004147684 0.05624126 0.07413421
0.2978693 0.03017541 0.02020642 -0.01995358 -0.2881221
-0.09058662 0.1295987 0.01669747 -0.002382383 -0.002467503
-0.02379052 0.01373718 0.003288477 -0.01213261 0.03371221
-0.01322568 -0.008764121 0.02684872 -0.00158342 -0.009420428
0.005941529 -0.05170044 -0.01424072
0.09327832 0.008793274 0.002147656 0.01564234 -0.005210494
0.003553729 -0.007359302 0.0238209 0.2336226 0.01853657
0.004162401 -0.00695143 -0.001373725 0.009209179 0.148279
0.02597136 0.03347173 0.005437503 -0.006121189 -0.1333728
-0.02244367 0.01541378 -0.007173857 -0.003297422 0.003275867
-0.0266169 0.001449892 0.02277966 -0.006699729 -0.0007303192
0.004456337 0.0005801837 0.004403318 0.006223114 0.01267437
0.01424302 -0.02753029 0.00799815
1.998024 1.982556 1.9975 1.988321 1.997171
1.988811 0.1874762 1.988042 1.989319 1.995003
1.981946 1.982957 1.992775 1.991399 0.3135877
1.989628 1.992327 1.995615 0.526129 1.985821
0.8051761 1.986509 1.996951 1.99861 1.999454
1.992847 1.98713 1.992573 1.991697 1.990864
1.988418 1.993131 1.99001 1.988892 1.991554
1.908935 1.977275
1.998024 1.177957 1.9975 1.988321 0.7194563
1.988811 1.997454 0.09541177 1.989319 1.995003
1.981946 1.982957 1.992775 0.7126036 1.995308
1.989628 1.992327 1.995615 1.040407 1.985821
1.977309 1.986509 1.996951 1.99861 1.999454
1.992847 1.98713 1.992573 1.991697 1.990864
1.988418 1.993131 1.99001 1.988892 0.5148539
1.083122 1.977275
0.3359841
0.1119625 0.003178823 0.01165737 0.0204736 0.01824868
-0.007680102 -0.01593882 0.2033811 0.02662918 0.01394727
-0.007749868 0.02262315 -0.004147573 0.0562413 0.07413402
0.2978695 0.03017567 0.02020652 -0.01995333 -0.2881225
-0.09058651 0.1295991 0.01669737 -0.002382403 -0.002467436
-0.02379041 0.01373729 0.003288528 -0.01213258 0.03371237
-0.01322581 -0.00876403 0.02684869 -0.001583495 -0.009420449
0.005941381 -0.05170033 -0.01424068
0.09332166 0.008795663 0.002154699 0.01563943 -0.00521416
0.003540623 -0.007351335 0.02381584 0.2336108 0.0185319
0.004171778 -0.00694644 -0.001383007 0.009207557 0.1482739
0.02597887 0.03347635 0.005430051 -0.006131134 -0.1333645
-0.02244958 0.01541405 -0.007172544 -0.003300367 0.003261626
-0.02661769 0.001434623 0.02278589 -0.006697361 -0.0007284304
0.004462385 0.0005803838 0.004404156 0.006227892 0.01266881
0.01424048 -0.02753671 0.007995508
1.998024 1.982556 1.9975 1.988321 1.997171
1.988811 0.1874766 1.988042 1.989319 1.995003
1.981946 1.982957 1.992775 1.991399 0.313586
1.989628 1.992327 1.995615 0.5261456 1.985821
0.8051935 1.986509 1.996951 1.99861 1.999454
1.992847 1.98713 1.992573 1.991697 1.990864
1.988418 1.993131 1.99001 1.988892 1.991554
1.908935 1.977275
1.998024 1.186107 1.9975 1.988321 0.7184543
1.988811 1.997454 0.09542382 1.989319 1.995003
1.981946 1.982957 1.992775 0.7121784 1.995308
1.989628 1.992327 1.995615 1.041426 1.985821
1.977309 1.986509 1.996951 1.99861 1.999454
1.992847 1.98713 1.992573 1.991697 1.990864
1.988418 1.993131 1.99001 1.988892 0.5145022
1.07976 1.977275
0.3309903
0.1119633 0.003179036 0.01165731 0.02047361 0.01824865
-0.007679996 -0.01593866 0.2033805 0.02662956 0.01394724
-0.007749873 0.02262311 -0.004147696 0.0562413 0.07413422
0.2978689 0.03017538 0.02020637 -0.01995356 -0.2881218
-0.09058659 0.1295988 0.01669755 -0.002382432 -0.002467523
-0.02379046 0.01373716 0.003288417 -0.01213265 0.03371211
-0.01322565 -0.008764178 0.02684881 -0.001583472 -0.009420451
0.005941479 -0.05170043 -0.01424073
0.08383801 0.00873956 0.001644601 0.01619008 -0.003805256
0.002648159 -0.004588085 0.0233196 0.2361346 0.02026473
0.0034328 -0.005651545 -0.003298759 0.009448885 0.1487859
0.02518306 0.03246349 0.004138924 -0.005442196 -0.132599
-0.02202736 0.0159984 -0.003880687 -0.00314199 0.003255998
-0.02665741 0.001314348 0.02363028 -0.007435698 0.0009732341
0.0044097 0.002062834 0.005684968 0.005986916 0.01500309
0.01278322 -0.02737208 0.01099345
1.998024 1.982556 1.9975 1.988321 1.997171
1.988811 0.1874766 1.988042 1.989319 1.995003
1.981946 1.982957 1.992775 1.991399 0.3135854
1.989628 1.992327 1.995615 0.5261265 1.985821
0.8051853 1.986509 1.996951 1.99861 1.999454
1.992847 1.98713 1.992573 1.991697 1.990864
1.988418 1.993131 1.99001 1.988892 1.991554
1.908935 1.977275
1.997232 0.8809436 1.9975 1.988321 0.7407788
1.988811 1.997454 0.0946494 1.989319 1.995003
0.9963171 1.982957 1.992775 0.6087892 1.995308
1.989628 1.992327 1.995615 0.885394 1.985821
1.977309 1.986509 1.996951 1.99861 1.999454
1.992847 1.98713 1.992573 1.991697 1.990864
1.988418 1.993131 1.99001 1.988892 1.965127
0.7708235 1.977275
0.3360041
0.1119634 0.003179262 0.0116571 0.02047367 0.01824845
-0.007680105 -0.01593826 0.2033805 0.0266298 0.01394731
-0.007749749 0.02262316 -0.004147816 0.05624133 0.07413444
0.2978681 0.03017522 0.02020612 -0.01995344 -0.2881208
-0.09058662 0.1295983 0.01669777 -0.00238246 -0.002467714
-0.02379048 0.01373696 0.003288392 -0.01213285 0.03371188
-0.01322554 -0.008764066 0.02684875 -0.001583579 -0.009420473
0.005941224 -0.0517004 -0.01424068
0.09331549 0.008796827 0.002156556 0.01563808 -0.005213809
0.003537132 -0.00734806 0.02381209 0.233607 0.01853185
0.004172629 -0.006940711 -0.001387297 0.009208302 0.1482761
0.02598354 0.03347487 0.005427105 -0.006134954 -0.1333581
-0.02244789 0.01541506 -0.007167547 -0.00330187 0.003256768
-0.02661728 0.001432892 0.02279065 -0.006698354 -0.0007245683
0.004465304 0.000581803 0.004404898 0.006227789 0.01266988
0.01424238 -0.02753997 0.007998209
1.998024 1.982556 1.9975 1.988321 1.997171
1.988811 0.1874802 1.988042 1.989319 1.995003
1.981946 1.982957 1.992775 1.991399 0.3135824
1.989628 1.992327 1.995615 0.5261125 1.985821
0.805166 1.986509 1.996951 1.99861 1.999454
1.992847 1.98713 1.992573 1.991697 1.990864
1.988418 1.993131 1.99001 1.988892 1.991554
1.908935 1.977275
1.998024 1.187848 1.9975 1.988321 0.718381
1.988811 1.997454 0.09543353 1.989319 1.995003
1.981946 1.982957 1.992775 0.7122486 1.995308
1.989628 1.992327 1.995615 1.040705 1.985821
1.977309 1.986509 1.996951 1.99861 1.999454
1.992847 1.98713 1.992573 1.991697 1.990864
1.988418 1.993131 1.99001 1.988892 0.5146206
1.077144 1.977275
0.330509
0.1119623 0.003179011 0.01165712 0.02047354 0.01824844
-0.007680004 -0.01593842 0.2033814 0.02662972 0.01394734
-0.007749759 0.02262319 -0.004147592 0.05624146 0.07413428
0.2978681 0.03017536 0.02020613 -0.01995324 -0.2881209
-0.09058651 0.1295988 0.01669772 -0.002382469 -0.002467661
-0.02379038 0.01373707 0.003288459 -0.01213278 0.03371192
-0.0132256 -0.008764073 0.02684872 -0.001583595 -0.009420506
0.005941149 -0.05170023 -0.01424071
0.08381278 0.0087183 0.001632194 0.01619256 -0.00381449
0.002644794 -0.004625194 0.02330817 0.236091 0.02026419
0.003445986 -0.005677834 -0.003267886 0.009453459 0.1488207
0.02519147 0.03248185 0.004172592 -0.005431256 -0.1326281
-0.02203402 0.01601193 -0.003919936 -0.003135401 0.00328241
-0.02665795 0.001340679 0.02360698 -0.007425577 0.0009609683
0.004417885 0.002046265 0.005662494 0.005980117 0.01497698
0.01285013 -0.02736631 0.01094506
1.998024 1.982556 1.9975 1.988321 1.997171
1.988811 0.1874808 1.988042 1.989319 1.995003
1.981946 1.982957 1.992775 1.991399 0.3135836
1.989628 1.992327 1.995615 0.5261231 1.985821
0.8051943 1.986509 1.996951 1.99861 1.999454
1.992847 1.98713 1.992573 1.991697 1.990864
1.988418 1.993131 1.99001 1.988892 1.991554
1.908935 1.977275
1.998024 0.8800207 1.9975 1.988321 0.7382778
1.988811 1.997454 0.09462959 1.989319 1.995003
1.007816 1.982957 1.992775 0.6105523 1.995308
1.989628 1.992327 1.995615 0.886154 1.985821
1.977309 1.986509 1.996951 1.99861 1.999454
1.992847 1.98713 1.992573 1.991697 1.990864
1.988418 1.993131 1.99001 1.988892 1.876404
0.7756148 1.977275
0.3358042
0.1119634 0.003179066 0.0116573 0.02047369 0.01824865
-0.007680039 -0.01593864 0.2033804 0.02662957 0.01394721
-0.00774986 0.0226231 -0.004147701 0.05624129 0.07413427
0.2978691 0.03017533 0.02020635 -0.0199536 -0.2881217
-0.09058663 0.1295985 0.01669754 -0.00238239 -0.00246755
-0.02379053 0.01373713 0.003288462 -0.01213265 0.03371212
-0.01322563 -0.008764135 0.02684872 -0.001583428 -0.009420434
0.005941506 -0.05170044 -0.01424072
0.09333216 0.008792122 0.00214551 0.01564045 -0.005213721
0.003549793 -0.007367607 0.02383281 0.233595 0.01853315
0.004168841 -0.006964795 -0.001377598 0.009211344 0.1482751
0.02596972 0.0334831 0.005433183 -0.006125149 -0.133376
-0.02245302 0.01541082 -0.007178692 -0.003296092 0.003278653
-0.02662163 0.001437924 0.02278117 -0.006691642 -0.0007351809
0.004454942 0.0005746585 0.004400229 0.006219677 0.01266891
0.01423936 -0.02753362 0.007996413
1.998024 1.982556 1.9975 1.988321 1.997171
1.988811 0.1874769 1.988042 1.989319 1.995003
1.981946 1.982957 1.992775 1.991399 0.3135875
1.989628 1.992327 1.995615 0.5261232 1.985821
0.8051737 1.986509 1.996951 1.99861 1.999454
1.992847 1.98713 1.992573 1.991697 1.990864
1.988418 1.993131 1.99001 1.988892 1.991554
1.908935 1.977275
1.998024 1.182143 1.9975 1.988321 0.7189513
1.988811 1.997454 0.09539636 1.989319 1.995003
1.981946 1.982957 1.992775 0.713209 1.974413
1.989628 1.992327 1.995615 1.041134 1.985821
1.977309 1.986509 1.996951 1.99861 1.999454
1.992847 1.98713 1.992573 1.991697 1.990864
1.988418 1.993131 1.99001 1.988892 0.5145841
1.08572 1.977275
0.3253258
0.2028125 0.005891361 0.01709691 0.0179858 0.00627047
-0.00560907 -0.03289857 0.1480467 0.02569806 0.002757826
-0.03314454 0.0330721 -0.00888312 0.06122576 0.0848093
0.3053704 0.01622138 0.01694285 -0.04291332 -0.2986409
-0.1055967 0.1364747 0.03177629 -0.008862099 0.01006169
-0.03398038 0.02159874 -0.007270276 -0.01448119 0.005471217
0.009555771 -0.01898496 0.02688323 0.0187306 -0.002882934
-0.01319635 -0.02509739 -0.03622829
0.09330876 0.008795004 0.00215221 0.0156405 -0.005214839
0.003545568 -0.007354201 0.02381788 0.2336174 0.01853214
0.004166721 -0.006949374 -0.00137884 0.009208414 0.1482731
0.02597534 0.03347553 0.00543343 -0.006124863 -0.1333677
-0.02244834 0.01541479 -0.00717282 -0.003298753 0.00326744
-0.02661657 0.001440029 0.02278059 -0.006700285 -0.0007322438
0.004457866 0.0005795545 0.004406881 0.00622673 0.01267047
0.01424139 -0.02753438 0.007996866
0.4658406 1.982556 1.9975 1.988321 1.997171
0.4700293 1.997454 1.988042 1.989319 1.995003
1.981946 1.982957 1.992775 1.991399 0.6798674
1.989628 1.992327 1.995615 1.988922 1.985821
0.1731272 1.986509 1.996951 1.99861 1.999454
1.992847 1.98713 1.544171 1.991697 1.990864
0.4196573 0.2070068 1.99001 0.3166699 1.991554
1.908935 1.977275
1.998024 1.183203 1.9975 1.988321 0.7188927
1.988811 1.997454 0.09542066 1.989319 1.995003
1.981946 1.982957 1.992775 0.711973 1.995308
1.989628 1.992327 1.995615 1.040319 1.985821
1.977309 1.986509 1.996951 1.99861 1.999454
1.992847 1.98713 1.992573 1.991697 1.990864
1.988418 1.993131 1.99001 1.988892 0.514705
1.082453 1.977275
0.2588426
0.1119634 0.003179037 0.01165731 0.0204737 0.01824865
-0.007680051 -0.01593867 0.2033805 0.02662954 0.0139472
-0.007749859 0.0226231 -0.004147675 0.05624129 0.07413426
0.2978692 0.03017535 0.02020635 -0.01995358 -0.2881218
-0.09058663 0.1295985 0.01669751 -0.002382373 -0.002467545
-0.02379055 0.01373714 0.003288492 -0.01213263 0.03371215
-0.01322564 -0.008764113 0.02684868 -0.001583412 -0.00942043
0.00594151 -0.05170042 -0.01424072
0.09159776 0.0130745 0.006294927 0.01204399 -0.0003272701
-0.000629326 -0.001831817 0.01926628 0.2313738 0.02506687
0.007111361 -0.01116887 -0.01109522 0.00526143 0.1515025
0.01780574 0.02464494 0.003730401 -0.003539408 -0.121318
-0.02861523 0.02890015 0.002059232 -0.002286068 0.003390386
-0.03562146 -0.0008194575 0.01836167 -0.01637007 0.004171968
0.01258023 0.002288781 0.004836812 0.0003108794 0.01132629
0.01444749 -0.02074121 0.009320023
1.998024 1.982556 1.9975 1.988321 1.997171
1.988811 0.1874771 1.988042 1.989319 1.995003
1.981946 1.982957 1.992775 1.991399 0.3135885
1.989628 1.992327 1.995615 0.5261245 1.985821
0.8051725 1.986509 1.996951 1.99861 1.999454
1.992847 1.98713 1.992573 1.991697 1.990864
1.988418 1.993131 1.99001 1.988892 1.991554
1.908935 1.977275
1.998024 0.4710349 1.9975 0.6648502 1.997171
1.988811 1.997454 1.988042 1.989319 1.995003
1.981946 0.1610508 1.992775 1.991399 1.995308
1.989628 1.992327 1.995615 0.5406095 1.985821
1.977309 1.986509 1.996951 1.99861 1.986033
1.992847 1.98713 1.992573 1.991697 1.990864
1.988418 1.993131 1.99001 1.988892 0.09636103
0.220541 0.6729625
0.3360008
0.1119629 0.00317901 0.01165725 0.02047384 0.01824854
-0.007680398 -0.01593853 0.2033809 0.02662913 0.01394728
-0.007749746 0.02262319 -0.004147695 0.05624123 0.07413422
0.2978696 0.03017561 0.02020639 -0.01995324 -0.2881223
-0.0905866 0.1295983 0.01669739 -0.002382322 -0.002467587
-0.02379056 0.01373712 0.00328864 -0.01213272 0.03371239
-0.01322577 -0.00876375 0.02684841 -0.001583507 -0.009420418
0.0059412 -0.05170035 -0.01424059
0.09331217 0.008794346 0.002152547 0.01564046 -0.005213845
0.003545221 -0.00735399 0.02381853 0.2336136 0.01853269
0.004169478 -0.006949511 -0.001379067 0.009208554 0.1482753
0.02597615 0.03347518 0.005432122 -0.006127667 -0.1333674
-0.02244813 0.01541393 -0.007174074 -0.0032993 0.003266298
-0.02661768 0.001438235 0.02278306 -0.006698571 -0.0007301453
0.004460587 0.0005800859 0.004403712 0.006226521 0.01266993
0.01424119 -0.02753459 0.007995323
1.998024 1.982556 1.9975 1.988321 1.997171
1.988811 0.1874798 1.988042 1.989319 1.995003
1.981946 1.982957 1.992775 1.991399 0.3135874
1.989628 1.992327 1.995615 0.5261385 1.985821
0.8051496 1.986509 1.996951 1.99861 1.999454
1.992847 1.98713 1.992573 1.991697 1.990864
1.988418 1.993131 1.99001 1.988892 1.991554
1.908935 1.977275
1.998024 1.183845 1.9975 1.988321 0.7186061
1.988811 1.997454 0.095425 1.989319 1.995003
1.981946 1.982957 1.992775 0.7123927 1.995308
1.989628 1.992327 1.995615 1.041159 1.985821
1.977309 1.986509 1.996951 1.99861 1.999454
1.992847 1.98713 1.992573 1.991697 1.990864
1.988418 1.993131 1.99001 1.988892 0.5145409
1.081276 1.977275
0.3359472
0.1119636 0.003179142 0.01165728 0.02047379 0.01824862
-0.00768033 -0.01593851 0.2033802 0.02662922 0.01394727
-0.007749798 0.02262316 -0.004147849 0.05624114 0.07413425
0.2978694 0.03017554 0.02020645 -0.01995344 -0.2881223
-0.09058663 0.1295984 0.01669744 -0.002382385 -0.002467551
-0.02379052 0.01373712 0.003288489 -0.01213272 0.03371233
-0.01322574 -0.008763899 0.02684863 -0.001583527 -0.009420415
0.00594132 -0.05170049 -0.0142406
0.09335189 0.008797499 0.002155405 0.0156344 -0.005217439
0.003536622 -0.007354113 0.02381308 0.2336098 0.01852741
0.004169839 -0.006944056 -0.001386205 0.009206039 0.1482692
0.02598066 0.03347745 0.005427955 -0.006131959 -0.1333605
-0.02245251 0.01541399 -0.00717048 -0.003303059 0.003257904
-0.02661871 0.001433105 0.02278791 -0.00670002 -0.0007298128
0.004464858 0.0005797966 0.004405514 0.00622821 0.01266827
0.01424034 -0.02753787 0.007997047
1.998024 1.982556 1.9975 1.988321 1.997171
1.988811 0.1874775 1.988042 1.989319 1.995003
1.981946 1.982957 1.992775 1.991399 0.3135837
1.989628 1.992327 1.995615 0.5261342 1.985821
0.8051519 1.986509 1.996951 1.99861 1.999454
1.992847 1.98713 1.992573 1.991697 1.990864
1.988418 1.993131 1.99001 1.988892 1.991554
1.908935 1.977275
1.998024 1.187257 1.9975 1.988321 0.7184516
1.988811 1.997454 0.0954418 1.989319 1.995003
1.981946 1.982957 1.992775 0.7112637 1.992793
1.989628 1.992327 1.995615 1.040639 1.985821
1.977309 1.986509 1.996951 1.99861 1.999454
1.992847 1.98713 1.992573 1.991697 1.990864
1.988418 1.993131 1.99001 1.988892 0.5140099
1.078894 1.977275
0.1913709
0.1119622 0.003179228 0.01165693 0.02047361 0.01824824
-0.007680348 -0.01593796 0.2033814 0.02662954 0.0139475
-0.007749599 0.0226233 -0.004147815 0.05624136 0.07413437
0.2978676 0.0301755 0.02020604 -0.01995291 -0.2881208
-0.09058649 0.1295985 0.01669782 -0.002382529 -0.002467797
-0.0237903 0.01373692 0.003288431 -0.01213302 0.03371194
-0.01322565 -0.008763773 0.02684864 -0.001583836 -0.009420526
0.005940697 -0.05170023 -0.01424056
0.09731743 0.01562245 0.007352166 0.008578344 -0.001433526
-0.003337092 -0.004104944 0.02274968 0.2324083 0.02372994
0.003372845 -0.002481117 -0.01288661 0.005095657 0.1509597
0.02268525 0.02673733 0.008977604 -0.009442391 -0.1224167
-0.02847723 0.02498619 0.004141626 -0.002948853 0.002529361
-0.03231048 0.0007366959 0.02006159 -0.01922514 0.002948743
0.004789949 0.005285569 0.004057277 -0.004769244 0.009137396
0.01327838 -0.02454821 0.01283589
1.998024 1.982556 1.9975 1.988321 1.997171
1.988811 0.1874843 1.988042 1.989319 1.995003
1.981946 1.982957 1.992775 1.991399 0.3135752
1.989628 1.992327 1.995615 0.5261266 1.985821
0.8051694 1.986509 1.996951 1.99861 1.999454
1.992847 1.98713 1.992573 1.991697 1.990864
1.988418 1.993131 1.99001 1.988892 1.991554
1.908935 1.977275
1.998024 0.5293129 1.9975 1.988321 1.997171
1.988811 1.997454 1.988042 1.989319 0.07697967
1.981946 1.982957 1.992775 1.991399 1.995308
0.4627019 0.4939595 0.5255824 1.988922 1.985821
1.977309 1.986509 1.996951 1.99861 1.999454
1.992847 1.947111 1.992573 0.2670156 1.990864
1.988418 1.230091 1.99001 1.988892 1.991554
1.908935 0.1616608
0.3359322
0.1119596 0.003178587 0.01165694 0.02047391 0.01824803
-0.007680699 -0.01593829 0.203384 0.02662894 0.01394747
-0.00774943 0.02262339 -0.004147144 0.05624164 0.0741342
0.2978693 0.0301759 0.02020598 -0.01995218 -0.2881213
-0.09058639 0.1295979 0.01669739 -0.002382184 -0.002467853
-0.02379057 0.01373703 0.00328915 -0.01213288 0.03371241
-0.01322583 -0.008763098 0.0268476 -0.001583645 -0.009420493
0.00594036 -0.05169969 -0.01424047
0.09327705 0.008795505 0.002154177 0.01563763 -0.005211551
0.003542261 -0.007352027 0.02381067 0.2336099 0.01853546
0.004168316 -0.006937989 -0.001384285 0.009209749 0.1482837
0.02598292 0.03346938 0.005429037 -0.006131429 -0.1333552
-0.02244196 0.01541828 -0.007163892 -0.003301784 0.003263721
-0.02661808 0.001441069 0.02279081 -0.006704108 -0.0007207612
0.004467049 0.0005854354 0.004402621 0.006224001 0.01267617
0.01424526 -0.02753616 0.008002791
1.998024 1.982556 1.9975 1.988321 1.997171
1.988811 0.187492 1.988042 1.989319 1.995003
1.981946 1.982957 1.992775 1.991399 0.3135945
1.989628 1.992327 1.995615 0.5261526 1.985821
0.8051502 1.986509 1.996951 1.99861 1.999454
1.992847 1.98713 1.992573 1.991697 1.990864
1.988418 1.993131 1.99001 1.988892 1.991554
1.908935 1.977275
1.998024 1.183199 1.9975 1.988321 0.7184458
1.988811 1.997454 0.09542439 1.989319 1.995003
1.981946 1.982957 1.992775 0.7124471 1.995308
1.989628 1.992327 1.995615 1.039107 1.985821
1.977309 1.986509 1.996951 1.99861 1.999454
1.992847 1.98713 1.992573 1.991697 1.990864
1.988418 1.993131 1.99001 1.988892 0.5148442
1.076413 1.977275
0.3358913
0.111964 0.003179176 0.01165731 0.02047369 0.01824868
-0.007680051 -0.01593859 0.2033799 0.02662958 0.01394721
-0.007749879 0.02262309 -0.00414783 0.05624121 0.0741343
0.297869 0.03017531 0.02020638 -0.0199537 -0.2881218
-0.09058666 0.1295985 0.01669756 -0.002382425 -0.002467538
-0.02379052 0.01373711 0.003288374 -0.01213267 0.03371211
-0.01322562 -0.008764185 0.02684884 -0.001583454 -0.009420428
0.00594155 -0.05170054 -0.01424071
0.09331845 0.008794365 0.002154766 0.01564166 -0.005214041
0.003545299 -0.007354037 0.02381997 0.2336108 0.01853199
0.004170749 -0.006951122 -0.001378772 0.009208392 0.1482751
0.02597563 0.0334764 0.005432336 -0.006129063 -0.133368
-0.02244847 0.01541285 -0.007176607 -0.003298461 0.003266535
-0.02661738 0.001436202 0.02278249 -0.006697101 -0.0007310238
0.004459626 0.0005785693 0.004402834 0.006227594 0.01266789
0.01424118 -0.02753449 0.007993275
1.998024 1.982556 1.9975 1.988321 1.997171
1.988811 0.1874757 1.988042 1.989319 1.995003
1.981946 1.982957 1.992775 1.991399 0.3135847
1.989628 1.992327 1.995615 0.5261212 1.985821
0.8051692 1.986509 1.996951 1.99861 1.999454
1.992847 1.98713 1.992573 1.991697 1.990864
1.988418 1.993131 1.99001 1.988892 1.991554
1.908935 1.977275
1.998024 1.18487 1.9975 1.988321 0.7186065
1.988811 1.997454 0.09538989 1.989319 1.995003
1.981946 1.982957 1.992775 0.7126765 1.995308
1.989628 1.992327 1.995615 1.041346 1.985821
1.977309 1.986509 1.996951 1.99861 1.999454
1.992847 1.98713 1.992573 1.991697 1.990864
1.988418 1.993131 1.99001 1.988892 0.5144053
1.081761 1.977275
0.3359398
0.1119637 0.00317909 0.01165734 0.02047378 0.01824868
-0.007680193 -0.01593864 0.2033802 0.02662935 0.01394721
-0.007749851 0.02262311 -0.004147775 0.05624119 0.07413425
0.2978695 0.03017544 0.02020645 -0.01995358 -0.2881222
-0.09058665 0.1295984 0.01669744 -0.002382362 -0.002467523
-0.02379056 0.01373715 0.003288495 -0.01213265 0.03371228
-0.0132257 -0.00876402 0.02684865 -0.001583434 -0.009420409
0.005941489 -0.05170049 -0.01424067
0.09331124 0.008794673 0.002152745 0.01564019 -0.005213
0.003542801 -0.007353912 0.02381662 0.2336141 0.01853426
0.004171316 -0.006948388 -0.001380419 0.009206595 0.1482749
0.02597583 0.03347615 0.005432534 -0.006128067 -0.1333678
-0.02244961 0.01541527 -0.007174371 -0.003299443 0.003266682
-0.02661869 0.001437656 0.02278334 -0.00669772 -0.000728378
0.004461765 0.0005817005 0.004402453 0.006227046 0.01267044
0.01423872 -0.02753291 0.007995419
1.998024 1.982556 1.9975 1.988321 1.997171
1.988811 0.1874765 1.988042 1.989319 1.995003
1.981946 1.982957 1.992775 1.991399 0.313587
1.989628 1.992327 1.995615 0.5261297 1.985821
0.8051591 1.986509 1.996951 1.99861 1.999454
1.992847 1.98713 1.992573 1.991697 1.990864
1.988418 1.993131 1.99001 1.988892 1.991554
1.908935 1.977275
1.998024 1.183594 1.9975 1.988321 0.7183662
1.988811 1.997454 0.09541225 1.989319 1.995003
1.981946 1.982957 1.992775 0.7120306 1.995308
1.989628 1.992327 1.995615 1.041855 1.985821
1.977309 1.986509 1.996951 1.99861 1.999454
1.992847 1.98713 1.992573 1.991697 1.990864
1.988418 1.993131 1.99001 1.988892 0.5145958
1.080801 1.977275
0.3358723
0.1119633 0.003179053 0.01165729 0.02047366 0.01824864
-0.007680024 -0.01593864 0.2033805 0.02662958 0.01394722
-0.007749859 0.02262311 -0.00414769 0.0562413 0.07413426
0.297869 0.03017534 0.02020634 -0.01995357 -0.2881217
-0.09058661 0.1295986 0.01669755 -0.002382403 -0.00246755
-0.02379051 0.01373713 0.003288453 -0.01213265 0.03371211
-0.01322563 -0.008764144 0.02684874 -0.001583444 -0.009420442
0.005941484 -0.05170042 -0.01424073
0.09330366 0.008793999 0.002151271 0.01564231 -0.005209748
0.003548946 -0.007357098 0.02382091 0.233615 0.01853561
0.004168655 -0.006951132 -0.001377319 0.009207415 0.1482782
0.0259734 0.03347444 0.005434836 -0.006128454 -0.1333725
-0.02244644 0.01541104 -0.007177234 -0.003298335 0.003270246
-0.02661798 0.001442971 0.02278409 -0.006693833 -0.0007280202
0.004459561 0.00057904 0.004399492 0.006225463 0.01267016
0.01424107 -0.02753221 0.007993983
1.998024 1.982556 1.9975 1.988321 1.997171
1.988811 0.1874771 1.988042 1.989319 1.995003
1.981946 1.982957 1.992775 1.991399 0.3135869
1.989628 1.992327 1.995615 0.5261239 1.985821
0.8051777 1.986509 1.996951 1.99861 1.999454
1.992847 1.98713 1.992573 1.991697 1.990864
1.988418 1.993131 1.99001 1.988892 1.991554
1.908935 1.977275
1.998024 1.181554 1.9975 1.988321 0.7190996
1.988811 1.997454 0.09539095 1.989319 1.995003
1.981946 1.982957 1.992775 0.7129658 1.995308
1.989628 1.992327 1.995615 1.042328 1.985821
1.977309 1.986509 1.996951 1.99861 1.999454
1.992847 1.98713 1.992573 1.991697 1.990864
1.988418 1.993131 1.99001 1.988892 0.5144513
1.081207 1.977275
0.5081055
0.1119636 0.003179131 0.01165727 0.02047367 0.01824863
-0.00768006 -0.01593856 0.2033802 0.02662958 0.01394724
-0.00774985 0.02262311 -0.004147772 0.05624126 0.07413429
0.2978689 0.03017533 0.02020634 -0.01995359 -0.2881217
-0.09058663 0.1295986 0.01669758 -0.002382425 -0.002467562
-0.0237905 0.01373711 0.003288409 -0.01213269 0.03371209
-0.01322563 -0.008764139 0.02684879 -0.00158348 -0.009420441
0.005941459 -0.05170047 -0.01424071
0.07218007 0.006875391 0.002392308 0.01537558 -0.004420145
0.004728671 -0.005434341 0.05333365 0.2298635 0.01722574
0.003777927 -0.003656948 0.003066784 0.01052552 0.1489963
0.0205873 0.03097161 0.004806012 -4.370395e-05 -0.1354914
-0.02153724 0.0162479 -0.006403253 -7.664191e-05 0.002560226
-0.03056052 0.002730546 0.02378237 -0.007606901 0.004576143
0.002310565 0.002230687 -0.0004925383 0.009219769 0.01119932
0.01295039 -0.02365005 0.01066529
1.998024 1.982556 1.9975 1.988321 1.997171
1.988811 0.1874769 1.988042 1.989319 1.995003
1.981946 1.982957 1.992775 1.991399 0.3135849
1.989628 1.992327 1.995615 0.5261226 1.985821
0.805173 1.986509 1.996951 1.99861 1.999454
1.992847 1.98713 1.992573 1.991697 1.990864
1.988418 1.993131 1.99001 1.988892 1.991554
1.908935 1.977275
1.998024 1.013813 1.9975 1.988321 0.7395347
1.988811 0.333215 0.1873529 1.989319 1.995003
0.751523 1.982957 1.992775 1.991399 1.995308
1.989628 1.992327 1.953466 1.361841 1.300001
1.977309 1.986509 1.996951 1.99861 1.999454
1.992847 1.98713 1.992573 1.991697 1.990864
1.988418 1.993131 1.99001 1.988892 1.991554
1.908935 1.977275
0.335964
0.1119634 0.003179046 0.01165731 0.02047369 0.01824865
-0.007680063 -0.01593866 0.2033804 0.02662952 0.01394722
-0.007749859 0.02262311 -0.004147695 0.05624128 0.07413425
0.2978692 0.03017537 0.02020637 -0.01995357 -0.2881218
-0.09058662 0.1295986 0.01669751 -0.002382385 -0.00246754
-0.02379053 0.01373714 0.003288476 -0.01213264 0.03371216
-0.01322565 -0.00876411 0.02684871 -0.001583432 -0.009420432
0.005941492 -0.05170043 -0.01424071
0.09329734 0.008794763 0.002152588 0.01563767 -0.005212971
0.003538992 -0.007352836 0.02381119 0.2336135 0.01853616
0.004172819 -0.006942887 -0.001383064 0.009205973 0.1482776
0.02597865 0.03347429 0.005430763 -0.006128344 -0.1333619
-0.02244907 0.01542003 -0.007169556 -0.003301159 0.003265763
-0.02662044 0.001437275 0.02278576 -0.00670212 -0.0007238195
0.004466779 0.0005867312 0.004401704 0.006226139 0.0126743
0.01423781 -0.02753185 0.00799907
1.998024 1.982556 1.9975 1.988321 1.997171
1.988811 0.1874769 1.988042 1.989319 1.995003
1.981946 1.982957 1.992775 1.991399 0.3135875
1.989628 1.992327 1.995615 0.5261258 1.985821
0.8051733 1.986509 1.996951 1.99861 1.999454
1.992847 1.98713 1.992573 1.991697 1.990864
1.988418 1.993131 1.99001 1.988892 1.991554
1.908935 1.977275
1.998024 1.18307 1.9975 1.988321 0.7177132
1.988811 1.997454 0.09543121 1.989319 1.995003
1.981946 1.982957 1.992775 0.7114629 1.995308
1.989628 1.992327 1.995615 1.041334 1.985821
1.977309 1.986509 1.996951 1.99861 1.999454
1.992847 1.98713 1.992573 1.991697 1.990864
1.988418 1.993131 1.99001 1.988892 0.5147889
1.078579 1.977275
0.3359982
0.1119601 0.003178506 0.01165711 0.02047387 0.01824823
-0.007680404 -0.01593864 0.2033836 0.02662916 0.01394732
-0.007749581 0.02262328 -0.00414705 0.05624167 0.07413417
0.2978697 0.0301757 0.02020607 -0.01995258 -0.2881214
-0.09058645 0.129598 0.01669733 -0.002382145 -0.002467744
-0.02379066 0.01373712 0.003289116 -0.01213269 0.03371236
-0.01322576 -0.008763402 0.02684774 -0.001583432 -0.009420466
0.005940811 -0.05169977 -0.01424061
0.09335147 0.008796746 0.002154442 0.01563842 -0.005216679
0.003537761 -0.00735207 0.02381595 0.2336154 0.01852926
0.004171965 -0.006949301 -0.001383388 0.009204593 0.1482656
0.02597635 0.0334806 0.005431172 -0.006129073 -0.1333689
-0.02245542 0.01541321 -0.007175848 -0.003300462 0.003260369
-0.02661781 0.001432318 0.02278232 -0.006695698 -0.0007332318
0.004460052 0.0005785433 0.004406579 0.006230364 0.01266579
0.01423651 -0.02753585 0.007993129
1.998024 1.982556 1.9975 1.988321 1.997171
1.988811 0.1874882 1.988042 1.989319 1.995003
1.981946 1.982957 1.992775 1.991399 0.3136007
1.989628 1.992327 1.995615 0.5261447 1.985821
0.8051644 1.986509 1.996951 1.99861 1.999454
1.992847 1.98713 1.992573 1.991697 1.990864
1.988418 1.993131 1.99001 1.988892 1.991554
1.908935 1.977275
1.998024 1.186991 1.9975 1.988321 0.7184797
1.988811 1.997454 0.09543016 1.989319 1.995003
1.981946 1.982957 1.992775 0.7112015 1.995308
1.989628 1.992327 1.995615 1.042387 1.985821
1.977309 1.986509 1.996951 1.99861 1.999454
1.992847 1.98713 1.992573 1.991697 1.990864
1.988418 1.993131 1.99001 1.988892 0.5142801
1.081699 1.977275
0.3359955
0.1119641 0.003179221 0.01165727 0.02047365 0.01824866
-0.00767995 -0.01593854 0.2033798 0.02662979 0.0139472
-0.007749884 0.02262307 -0.004147825 0.05624126 0.07413436
0.2978686 0.03017517 0.02020629 -0.01995377 -0.2881214
-0.09058667 0.1295985 0.01669766 -0.002382444 -0.002467576
-0.02379052 0.01373707 0.003288332 -0.01213269 0.03371196
-0.01322555 -0.008764278 0.0268489 -0.001583442 -0.00942044
0.005941586 -0.05170054 -0.01424075
0.09331396 0.008794182 0.002153517 0.01564044 -0.005214203
0.00354446 -0.007353279 0.02381844 0.2336112 0.01853238
0.004170811 -0.006949321 -0.001379462 0.009208874 0.1482759
0.02597696 0.03347527 0.005431226 -0.006128804 -0.1333661
-0.02244813 0.01541418 -0.007174185 -0.003299426 0.003265409
-0.0266179 0.001436428 0.02278366 -0.006698795 -0.000729731
0.004461549 0.0005803136 0.004403199 0.006226793 0.0126695
0.01424131 -0.02753503 0.007994853
1.998024 1.982556 1.9975 1.988321 1.997171
1.988811 0.187476 1.988042 1.989319 1.995003
1.981946 1.982957 1.992775 1.991399 0.3135849
1.989628 1.992327 1.995615 0.5261128 1.985821
0.8051737 1.986509 1.996951 1.99861 1.999454
1.992847 1.98713 1.992573 1.991697 1.990864
1.988418 1.993131 1.99001 1.988892 1.991554
1.908935 1.977275
1.998024 1.184649 1.9975 1.988321 0.7184106
1.988811 1.997454 0.09542217 1.989319 1.995003
1.981946 1.982957 1.992775 0.712514 1.995308
1.989628 1.992327 1.995615 1.04116 1.985821
1.977309 1.986509 1.996951 1.99861 1.999454
1.992847 1.98713 1.992573 1.991697 1.990864
1.988418 1.993131 1.99001 1.988892 0.5145001
1.080914 1.977275
0.3359431
0.1119624 0.00317908 0.01165706 0.02047361 0.01824836
-0.00768001 -0.01593832 0.2033814 0.0266299 0.01394733
-0.007749719 0.02262318 -0.004147581 0.05624151 0.07413441
0.2978679 0.03017521 0.02020599 -0.01995326 -0.2881204
-0.09058655 0.1295984 0.01669779 -0.00238243 -0.002467754
-0.02379047 0.01373697 0.003288505 -0.01213283 0.03371181
-0.01322552 -0.008764043 0.02684861 -0.001583556 -0.009420502
0.005941134 -0.05170021 -0.01424072
0.09331655 0.008795194 0.002154315 0.0156391 -0.005213925
0.003543423 -0.007353734 0.02381658 0.2336112 0.01853176
0.004169627 -0.006946604 -0.001381205 0.009208297 0.148276
0.02597832 0.03347448 0.005430675 -0.006130282 -0.1333639
-0.02244748 0.01541375 -0.007172536 -0.003300426 0.003263811
-0.02661779 0.001437365 0.02278591 -0.00669909 -0.0007283222
0.004462683 0.000580277 0.004403051 0.006226741 0.01266991
0.01424225 -0.0275357 0.007996029
1.998024 1.982556 1.9975 1.988321 1.997171
1.988811 0.1874825 1.988042 1.989319 1.995003
1.981946 1.982957 1.992775 1.991399 0.3135862
1.989628 1.992327 1.995615 0.5261126 1.985821
0.8051817 1.986509 1.996951 1.99861 1.999454
1.992847 1.98713 1.992573 1.991697 1.990864
1.988418 1.993131 1.99001 1.988892 1.991554
1.908935 1.977275
1.998024 1.18476 1.9975 1.988321 0.7185999
1.988811 1.997454 0.0954172 1.989319 1.995003
1.981946 1.982957 1.992775 0.7123915 1.995308
1.989628 1.992327 1.995615 1.040818 1.985821
1.977309 1.986509 1.996951 1.99861 1.999454
1.992847 1.98713 1.992573 1.991697 1.990864
1.988418 1.993131 1.99001 1.988892 0.5143707
1.079768 1.977275
0.3359733
0.1119633 0.003179018 0.01165732 0.02047373 0.01824865
-0.007680115 -0.01593868 0.2033805 0.02662943 0.01394721
-0.007749849 0.02262311 -0.004147677 0.05624127 0.07413423
0.2978694 0.03017542 0.02020639 -0.01995353 -0.288122
-0.09058662 0.1295985 0.01669746 -0.002382361 -0.002467535
-0.02379055 0.01373715 0.00328852 -0.01213263 0.03371222
-0.01322568 -0.008764051 0.02684864 -0.001583422 -0.009420424
0.005941475 -0.05170042 -0.0142407
0.09331347 0.00879487 0.00215399 0.0156403 -0.005214922
0.003544631 -0.007353173 0.02381797 0.2336126 0.01853141
0.004168773 -0.006948617 -0.001379814 0.00920914 0.1482748
0.02597722 0.03347519 0.005431536 -0.006127999 -0.1333653
-0.02244771 0.01541414 -0.007172949 -0.003299297 0.003265136
-0.02661687 0.001437313 0.02278301 -0.006699835 -0.0007308789
0.004459982 0.0005794492 0.004405318 0.006226982 0.01266951
0.01424237 -0.0275358 0.007995913
1.998024 1.982556 1.9975 1.988321 1.997171
1.988811 0.1874772 1.988042 1.989319 1.995003
1.981946 1.982957 1.992775 1.991399 0.3135884
1.989628 1.992327 1.995615 0.5261286 1.985821
0.8051691 1.986509 1.996951 1.99861 1.999454
1.992847 1.98713 1.992573 1.991697 1.990864
1.988418 1.993131 1.99001 1.988892 1.991554
1.908935 1.977275
1.998024 1.184718 1.9975 1.988321 0.7186813
1.988811 1.997454 0.09541687 1.989319 1.995003
1.981946 1.982957 1.992775 0.712371 1.995308
1.989628 1.992327 1.995615 1.040402 1.985821
1.977309 1.986509 1.996951 1.99861 1.999454
1.992847 1.98713 1.992573 1.991697 1.990864
1.988418 1.993131 1.99001 1.988892 0.5145457
1.0813 1.977275
0.3359906
0.1119635 0.003179065 0.01165731 0.0204737 0.01824865
-0.007680049 -0.01593865 0.2033804 0.02662956 0.01394721
-0.007749861 0.0226231 -0.004147702 0.05624128 0.07413427
0.2978691 0.03017533 0.02020635 -0.0199536 -0.2881218
-0.09058664 0.1295985 0.01669752 -0.002382381 -0.002467548
-0.02379055 0.01373713 0.003288472 -0.01213264 0.03371213
-0.01322563 -0.008764127 0.02684871 -0.001583418 -0.00942043
0.005941517 -0.05170044 -0.01424072
0.09331087 0.008793307 0.00215278 0.01564208 -0.00521423
0.003545442 -0.00735358 0.02382017 0.2336126 0.01853352
0.004171858 -0.006952485 -0.001377467 0.009208531 0.1482751
0.02597451 0.03347668 0.005432823 -0.006126553 -0.1333695
-0.02244937 0.0154149 -0.007176695 -0.003298011 0.003268389
-0.02661814 0.001436099 0.02278036 -0.006698168 -0.0007314022
0.004459679 0.0005803857 0.004403147 0.006227134 0.0126691
0.01423941 -0.02753307 0.007993501
1.998024 1.982556 1.9975 1.988321 1.997171
1.988811 0.1874769 1.988042 1.989319 1.995003
1.981946 1.982957 1.992775 1.991399 0.3135879
1.989628 1.992327 1.995615 0.5261233 1.985821
0.8051717 1.986509 1.996951 1.99861 1.999454
1.992847 1.98713 1.992573 1.991697 1.990864
1.988418 1.993131 1.99001 1.988892 1.991554
1.908935 1.977275
1.998024 1.184015 1.9975 1.988321 0.7182526
1.988811 1.997454 0.09541182 1.989319 1.995003
1.981946 1.982957 1.992775 0.7124691 1.995308
1.989628 1.992327 1.995615 1.041666 1.985821
1.977309 1.986509 1.996951 1.99861 1.999454
1.992847 1.98713 1.992573 1.991697 1.990864
1.988418 1.993131 1.99001 1.988892 0.5146428
1.082522 1.977275
0.3359234
0.1119623 0.003179411 0.01165673 0.02047359 0.01824805
-0.007680304 -0.01593762 0.2033815 0.02662996 0.01394755
-0.007749504 0.02262332 -0.004147859 0.05624147 0.0741346
0.2978665 0.03017524 0.02020573 -0.01995286 -0.2881195
-0.09058651 0.1295981 0.01669809 -0.002382569 -0.00246799
-0.02379031 0.01373673 0.003288385 -0.01213319 0.03371159
-0.01322548 -0.008763784 0.02684864 -0.001583908 -0.009420563
0.005940517 -0.05170018 -0.01424057
0.0933151 0.008797103 0.002156257 0.01563637 -0.005212313
0.003536116 -0.007350276 0.02380983 0.2336075 0.01853314
0.004172904 -0.006938303 -0.001388245 0.009206418 0.1482777
0.02598365 0.03347381 0.005427262 -0.006136099 -0.1333573
-0.02244773 0.01541558 -0.00716728 -0.003303102 0.003257407
-0.02661892 0.001434723 0.02279307 -0.006698368 -0.0007213159
0.004468546 0.0005836877 0.004401646 0.006227174 0.01267148
0.01424137 -0.02753784 0.007998906
1.998024 1.982556 1.9975 1.988321 1.997171
1.988811 0.1874878 1.988042 1.989319 1.995003
1.981946 1.982957 1.992775 1.991399 0.3135736
1.989628 1.992327 1.995615 0.5261074 1.985821
0.8051633 1.986509 1.996951 1.99861 1.999454
1.992847 1.98713 1.992573 1.991697 1.990864
1.988418 1.993131 1.99001 1.988892 1.991554
1.908935 1.977275
1.998024 1.186589 1.9975 1.988321 0.7182559
1.988811 1.997454 0.09542609 1.989319 1.995003
1.981946 1.982957 1.992775 0.7120154 1.995308
1.989628 1.992327 1.995615 1.041196 1.985821
1.977309 1.986509 1.996951 1.99861 1.999454
1.992847 1.98713 1.992573 1.991697 1.990864
1.988418 1.993131 1.99001 1.988892 0.5144273
1.075629 1.977275
0.3358988
0.1119643 0.003179327 0.01165725 0.02047366 0.01824866
-0.007680108 -0.01593841 0.2033795 0.02662959 0.01394727
-0.007749856 0.02262311 -0.004147996 0.05624113 0.07413434
0.2978686 0.03017531 0.02020638 -0.0199537 -0.2881217
-0.09058666 0.1295986 0.01669765 -0.002382499 -0.002467563
-0.02379044 0.01373706 0.003288257 -0.01213276 0.03371206
-0.01322562 -0.00876419 0.02684898 -0.001583563 -0.00942044
0.005941455 -0.05170062 -0.01424068
0.0933326 0.008792405 0.002147266 0.01564079 -0.005213954
0.003547474 -0.00736299 0.02382711 0.2336077 0.01853379
0.004170928 -0.006961253 -0.001376137 0.009207584 0.1482721
0.02596905 0.03348162 0.005434728 -0.006123754 -0.1333774
-0.02245429 0.01541271 -0.007180963 -0.003297037 0.003275639
-0.02662126 0.001437726 0.02277856 -0.006693497 -0.0007347148
0.004457151 0.0005778063 0.004400353 0.006223841 0.01266857
0.01423594 -0.02753035 0.00799321
1.998024 1.982556 1.9975 1.988321 1.997171
1.988811 0.1874756 1.988042 1.989319 1.995003
1.981946 1.982957 1.992775 1.991399 0.313579
1.989628 1.992327 1.995615 0.5261198 1.985821
0.8051659 1.986509 1.996951 1.99861 1.999454
1.992847 1.98713 1.992573 1.991697 1.990864
1.988418 1.993131 1.99001 1.988892 1.991554
1.908935 1.977275
1.998024 1.18184 1.9975 1.988321 0.7184695
1.988811 1.997454 0.09540958 1.989319 1.995003
1.981946 1.982957 1.992775 0.7123297 1.984807
1.989628 1.992327 1.995615 1.042645 1.985821
1.977309 1.986509 1.996951 1.99861 1.999454
1.992847 1.98713 1.992573 1.991697 1.990864
1.988418 1.993131 1.99001 1.988892 0.5144613
1.085184 1.977275
