1
0.111962 0.003178629 0.01165751 0.02047369 0.01824877
-0.007680364 -0.01593903 0.2033814 0.02662855 0.01394727
-0.00774987 0.02262319 -0.004147528 0.05624117 0.0741338
0.2978706 0.03017608 0.0202068 -0.01995313 -0.2881239
-0.09058647 0.1295994 0.01669706 -0.002382336 -0.0024673
-0.0237904 0.01373745 0.003288674 -0.01213249 0.03371282
-0.01322603 -0.008763775 0.0268485 -0.001583501 -0.009420412
0.005941314 -0.05170031 -0.01424058
0.1119645 0.00317901 0.01165763 0.02047415 0.01824894
-0.007680751 -0.01593896 0.2033794 0.02662828 0.01394711
-0.007749893 0.02262311 -0.004147941 0.05624078 0.07413402
0.2978721 0.03017597 0.02020701 -0.01995361 -0.2881249
-0.09058675 0.1295981 0.01669685 -0.002382181 -0.002467294
-0.02379074 0.01373735 0.003288708 -0.01213248 0.03371311
-0.01322603 -0.0087636 0.02684832 -0.001583323 -0.009420276
0.005941635 -0.0517007 -0.01424047
1.998024 1.982556 1.9975 1.988321 1.997171
1.988811 0.1874757 1.988042 1.989319 1.995003
1.981946 1.982957 1.992775 1.991399 0.3135868
1.989628 1.992327 1.995615 0.5261719 1.985821
0.8051855 1.986509 1.996951 1.99861 1.999454
1.992847 1.98713 1.992573 1.991697 1.990864
1.988418 1.993131 1.99001 1.988892 1.991554
1.908935 1.977275
1.998024 1.982556 1.9975 1.988321 1.997171
1.988811 0.1874725 1.988042 1.989319 1.995003
1.981946 1.982957 1.992775 1.991399 0.3135903
1.989628 1.992327 1.995615 0.5261637 1.985821
0.8051067 1.986509 1.996951 1.99861 1.999454
1.992847 1.98713 1.992573 1.991697 1.990864
1.988418 1.993131 1.99001 1.988892 1.991554
1.908935 1.977275
0.7038414
0.2230999 0.001054591 0.01583649 0.01868359 0.009805805
-0.008207196 -0.03265917 0.1415332 0.01791431 0.001533734
-0.0204987 0.03082695 -0.01485645 0.06425691 0.0842461
0.3056725 0.012875 0.01440044 -0.05479404 -0.3038482
-0.1074904 0.1303656 0.01290212 -0.01338197 0.01228887
-0.02612037 0.02262654 -0.008334165 -0.01573683 0.005647269
0.005283771 -0.01276785 0.04097183 0.003759431 0.004887964
-0.006595658 -0.02469072 -0.0439628
0.1119625 0.003179073 0.01165713 0.02047362 0.01824845
-0.007680208 -0.01593835 0.2033811 0.02662945 0.01394737
-0.00774973 0.02262321 -0.004147714 0.05624133 0.07413425
0.2978684 0.03017551 0.02020623 -0.01995317 -0.2881214
-0.09058652 0.1295987 0.01669763 -0.002382462 -0.002467645
-0.02379038 0.01373707 0.00328847 -0.01213282 0.03371209
-0.01322569 -0.008763922 0.02684867 -0.00158365 -0.009420485
0.005941061 -0.0517003 -0.01424063
1.998024 1.982556 1.9975 1.988321 1.997171
1.988811 1.997454 1.988042 1.989319 0.1113447
1.981946 0.3490068 0.5118455 1.991399 1.995308
1.989628 1.992327 1.995615 0.5764085 0.2230945
1.977309 1.986509 1.996951 1.99861 1.999454
1.992847 1.98713 0.4406479 1.991697 0.2055533
1.988418 1.993131 1.99001 1.988892 1.991554
1.908935 1.977275
1.998024 1.982556 1.9975 1.988321 1.997171
1.988811 0.1874807 1.988042 1.989319 1.995003
1.981946 1.982957 1.992775 1.991399 0.3135811
1.989628 1.992327 1.995615 0.5261311 1.985821
0.8051775 1.986509 1.996951 1.99861 1.999454
1.992847 1.98713 1.992573 1.991697 1.990864
1.988418 1.993131 1.99001 1.988892 1.991554
1.908935 1.977275
0.573347
0.2188488 0.002484598 0.006532353 0.01832403 0.005357497
-0.008751889 -0.03821942 0.1484878 0.01920849 0.00631265
-0.02497562 0.03240307 -0.01432294 0.06527856 0.08617345
0.3232683 0.007512181 0.007807586 -0.05099159 -0.3039235
-0.1026893 0.1321244 0.0190583 -0.0008139958 0.002962705
-0.02686956 0.01232295 -0.007631925 -0.01576619 0.01339223
0.01220692 -0.02844066 0.03144576 0.01641256 0.007673927
-0.008481394 -0.03295141 -0.0425508
0.1119621 0.003178808 0.01165724 0.02047345 0.01824855
-0.007679613 -0.01593879 0.2033816 0.02663009 0.01394721
-0.007749881 0.02262309 -0.004147316 0.05624165 0.07413426
0.2978682 0.03017512 0.02020608 -0.0199535 -0.2881205
-0.09058652 0.1295989 0.01669771 -0.002382409 -0.002467602
-0.02379048 0.01373714 0.003288506 -0.01213259 0.03371177
-0.01322549 -0.008764376 0.02684875 -0.001583363 -0.009420505
0.005941529 -0.05170017 -0.01424089
1.998024 1.982556 1.9975 1.988321 1.997171
1.988811 1.997454 1.988042 1.989319 1.995003
0.6183306 0.2947098 1.992775 1.991399 1.995308
1.989628 1.296923 1.995615 1.988922 0.2181422
1.977309 1.986509 1.996951 0.9596532 1.999454
1.992847 1.98713 1.992573 1.991697 1.990864
1.988418 1.993131 0.1572734 1.988892 0.0911178
1.908935 1.977275
1.998024 1.982556 1.9975 1.988321 1.997171
1.988811 0.1874791 1.988042 1.989319 1.995003
1.981946 1.982957 1.992775 1.991399 0.3135929
1.989628 1.992327 1.995615 0.5261125 1.985821
0.8052207 1.986509 1.996951 1.99861 1.999454
1.992847 1.98713 1.992573 1.991697 1.990864
1.988418 1.993131 1.99001 1.988892 1.991554
1.908935 1.977275
1
0.1119634 0.003179056 0.0116573 0.02047369 0.01824864
-0.007680036 -0.01593865 0.2033804 0.02662958 0.01394721
-0.007749858 0.0226231 -0.00414769 0.0562413 0.07413427
0.2978691 0.03017533 0.02020634 -0.01995358 -0.2881217
-0.09058663 0.1295985 0.01669754 -0.002382388 -0.002467553
-0.02379053 0.01373713 0.003288469 -0.01213265 0.03371212
-0.01322563 -0.008764132 0.02684872 -0.001583428 -0.009420436
0.005941499 -0.05170043 -0.01424072
0.1119639 0.003179085 0.01165738 0.02047371 0.01824874
-0.007680003 -0.01593875 0.2033799 0.02662956 0.01394716
-0.007749917 0.02262306 -0.004147743 0.05624123 0.07413426
0.2978694 0.0301753 0.02020643 -0.01995377 -0.288122
-0.09058667 0.1295985 0.01669748 -0.002382375 -0.002467494
-0.02379058 0.01373716 0.003288435 -0.01213259 0.03371217
-0.01322563 -0.008764212 0.02684878 -0.001583361 -0.009420411
0.005941679 -0.05170053 -0.01424074
1.998024 1.982556 1.9975 1.988321 1.997171
1.988811 0.1874771 1.988042 1.989319 1.995003
1.981946 1.982957 1.992775 1.991399 0.3135877
1.989628 1.992327 1.995615 0.5261233 1.985821
0.8051743 1.986509 1.996951 1.99861 1.999454
1.992847 1.98713 1.992573 1.991697 1.990864
1.988418 1.993131 1.99001 1.988892 1.991554
1.908935 1.977275
1.998024 1.982556 1.9975 1.988321 1.997171
1.988811 0.187475 1.988042 1.989319 1.995003
1.981946 1.982957 1.992775 1.991399 0.3135886
1.989628 1.992327 1.995615 0.5261225 1.985821
0.8051707 1.986509 1.996951 1.99861 1.999454
1.992847 1.98713 1.992573 1.991697 1.990864
1.988418 1.993131 1.99001 1.988892 1.991554
1.908935 1.977275
1
0.1119634 0.00317905 0.01165729 0.02047368 0.01824863
-0.007680025 -0.01593865 0.2033805 0.02662959 0.01394721
-0.007749857 0.0226231 -0.004147678 0.05624131 0.07413427
0.297869 0.03017532 0.02020633 -0.01995358 -0.2881217
-0.09058662 0.1295985 0.01669754 -0.002382388 -0.002467557
-0.02379053 0.01373713 0.003288472 -0.01213265 0.03371211
-0.01322562 -0.008764136 0.02684871 -0.001583426 -0.009420438
0.005941497 -0.05170042 -0.01424073
0.1119625 0.003178837 0.01165729 0.02047375 0.01824857
-0.00768 -0.01593879 0.2033813 0.02662962 0.01394717
-0.007749826 0.0226231 -0.004147401 0.05624147 0.07413427
0.2978694 0.0301753 0.02020623 -0.01995345 -0.2881214
-0.09058661 0.1295983 0.01669747 -0.00238227 -0.002467596
-0.02379066 0.01373714 0.003288695 -0.01213258 0.03371213
-0.01322561 -0.008764031 0.02684841 -0.001583304 -0.009420433
0.005941487 -0.05170023 -0.01424076
1.998024 1.982556 1.9975 1.988321 1.997171
1.988811 0.1874772 1.988042 1.989319 1.995003
1.981946 1.982957 1.992775 1.991399 0.3135879
1.989628 1.992327 1.995615 0.5261229 1.985821
0.8051754 1.986509 1.996951 1.99861 1.999454
1.992847 1.98713 1.992573 1.991697 1.990864
1.988418 1.993131 1.99001 1.988892 1.991554
1.908935 1.977275
1.998024 1.982556 1.9975 1.988321 1.997171
1.988811 0.1874796 1.988042 1.989319 1.995003
1.981946 1.982957 1.992775 1.991399 0.3135965
1.989628 1.992327 1.995615 0.5261229 1.985821
0.8051755 1.986509 1.996951 1.99861 1.999454
1.992847 1.98713 1.992573 1.991697 1.990864
1.988418 1.993131 1.99001 1.988892 1.991554
1.908935 1.977275
1
0.1119633 0.003178991 0.01165734 0.0204736 0.01824869
-0.007679892 -0.01593876 0.2033805 0.02662966 0.01394719
-0.007749908 0.02262308 -0.004147629 0.05624134 0.07413422
0.297869 0.0301753 0.02020636 -0.01995365 -0.2881217
-0.0905866 0.1295988 0.01669755 -0.002382411 -0.002467508
-0.0237905 0.01373718 0.00328843 -0.01213259 0.03371207
-0.01322562 -0.008764263 0.02684882 -0.0015834 -0.009420447
0.005941598 -0.05170042 -0.01424078
0.1119636 0.003179091 0.01165731 0.02047371 0.01824866
-0.007680117 -0.01593863 0.2033802 0.02662945 0.01394722
-0.007749856 0.02262311 -0.004147759 0.05624123 0.07413425
0.2978692 0.0301754 0.0202064 -0.01995358 -0.288122
-0.09058664 0.1295985 0.0166975 -0.002382393 -0.002467533
-0.02379053 0.01373714 0.003288456 -0.01213266 0.0337122
-0.01322567 -0.008764085 0.02684872 -0.001583452 -0.009420425
0.005941482 -0.05170047 -0.01424069
1.998024 1.982556 1.9975 1.988321 1.997171
1.988811 0.187476 1.988042 1.989319 1.995003
1.981946 1.982957 1.992775 1.991399 0.3135882
1.989628 1.992327 1.995615 0.5261229 1.985821
0.8051906 1.986509 1.996951 1.99861 1.999454
1.992847 1.98713 1.992573 1.991697 1.990864
1.988418 1.993131 1.99001 1.988892 1.991554
1.908935 1.977275
1.998024 1.982556 1.9975 1.988321 1.997171
1.988811 0.1874766 1.988042 1.989319 1.995003
1.981946 1.982957 1.992775 1.991399 0.3135862
1.989628 1.992327 1.995615 0.5261271 1.985821
0.8051679 1.986509 1.996951 1.99861 1.999454
1.992847 1.98713 1.992573 1.991697 1.990864
1.988418 1.993131 1.99001 1.988892 1.991554
1.908935 1.977275
1
0.1119633 0.003179004 0.01165734 0.02047359 0.0182487
-0.007679901 -0.01593875 0.2033804 0.02662964 0.0139472
-0.007749912 0.02262308 -0.004147655 0.05624132 0.07413421
0.2978689 0.03017532 0.02020638 -0.01995365 -0.2881217
-0.0905866 0.1295988 0.01669755 -0.002382424 -0.002467498
-0.02379048 0.01373718 0.003288409 -0.0121326 0.03371208
-0.01322563 -0.008764267 0.02684885 -0.001583416 -0.009420447
0.005941594 -0.05170044 -0.01424077
0.1119615 0.003178672 0.01165726 0.02047364 0.01824849
-0.007680031 -0.0159388 0.2033822 0.02662946 0.01394726
-0.007749783 0.02262317 -0.004147276 0.05624155 0.07413413
0.2978692 0.03017551 0.02020623 -0.01995313 -0.2881215
-0.09058649 0.1295987 0.01669744 -0.002382305 -0.002467582
-0.02379053 0.0137372 0.003288741 -0.0121326 0.03371219
-0.01322569 -0.008763932 0.02684837 -0.001583411 -0.009420471
0.005941257 -0.05170007 -0.01424073
1.998024 1.982556 1.9975 1.988321 1.997171
1.988811 0.1874757 1.988042 1.989319 1.995003
1.981946 1.982957 1.992775 1.991399 0.3135871
1.989628 1.992327 1.995615 0.5261241 1.985821
0.8051912 1.986509 1.996951 1.99861 1.999454
1.992847 1.98713 1.992573 1.991697 1.990864
1.988418 1.993131 1.99001 1.988892 1.991554
1.908935 1.977275
1.998024 1.982556 1.9975 1.988321 1.997171
1.988811 0.1874813 1.988042 1.989319 1.995003
1.981946 1.982957 1.992775 1.991399 0.3135943
1.989628 1.992327 1.995615 0.5261356 1.985821
0.8051944 1.986509 1.996951 1.99861 1.999454
1.992847 1.98713 1.992573 1.991697 1.990864
1.988418 1.993131 1.99001 1.988892 1.991554
1.908935 1.977275
1
0.1119632 0.003178912 0.01165741 0.0204738 0.01824871
-0.007680243 -0.01593882 0.2033806 0.02662911 0.01394719
-0.007749861 0.02262312 -0.004147645 0.0562412 0.07413412
0.2978701 0.03017561 0.02020655 -0.01995347 -0.2881228
-0.09058662 0.1295985 0.01669728 -0.002382308 -0.002467458
-0.02379058 0.01373724 0.00328861 -0.01213257 0.03371247
-0.01322579 -0.008763927 0.02684852 -0.001583393 -0.009420397
0.005941487 -0.05170042 -0.01424065
0.1119613 0.003178792 0.01165709 0.02047362 0.01824833
-0.007680013 -0.01593852 0.2033824 0.02662974 0.01394732
-0.007749701 0.0226232 -0.004147299 0.05624164 0.07413428
0.2978684 0.03017535 0.020206 -0.01995303 -0.2881206
-0.09058648 0.1295985 0.01669765 -0.002382345 -0.002467728
-0.02379051 0.01373706 0.003288709 -0.01213274 0.03371194
-0.01322558 -0.008763918 0.02684836 -0.001583491 -0.009420506
0.00594107 -0.05170001 -0.01424073
1.998024 1.982556 1.9975 1.988321 1.997171
1.988811 0.1874764 1.988042 1.989319 1.995003
1.981946 1.982957 1.992775 1.991399 0.31359
1.989628 1.992327 1.995615 0.5261414 1.985821
0.8051627 1.986509 1.996951 1.99861 1.999454
1.992847 1.98713 1.992573 1.991697 1.990864
1.988418 1.993131 1.99001 1.988892 1.991554
1.908935 1.977275
1.998024 1.982556 1.9975 1.988321 1.997171
1.988811 0.1874842 1.988042 1.989319 1.995003
1.981946 1.982957 1.992775 1.991399 0.3135923
1.989628 1.992327 1.995615 0.5261233 1.985821
0.8051923 1.986509 1.996951 1.99861 1.999454
1.992847 1.98713 1.992573 1.991697 1.990864
1.988418 1.993131 1.99001 1.988892 1.991554
1.908935 1.977275
1
0.1119629 0.003178925 0.01165739 0.02047386 0.01824868
-0.007680622 -0.01593868 0.2033808 0.02662853 0.01394731
-0.00774978 0.02262322 -0.004147795 0.05624103 0.07413399
0.2978705 0.03017602 0.02020673 -0.01995314 -0.2881238
-0.09058656 0.1295987 0.01669714 -0.002382334 -0.002467419
-0.02379047 0.01373729 0.003288639 -0.01213265 0.0337128
-0.013226 -0.008763603 0.02684843 -0.00158358 -0.00942039
0.005941165 -0.05170043 -0.01424048
0.1119633 0.003179049 0.01165729 0.02047366 0.01824864
-0.007680009 -0.01593865 0.2033805 0.0266296 0.01394722
-0.007749861 0.0226231 -0.00414768 0.05624131 0.07413426
0.297869 0.03017532 0.02020633 -0.01995358 -0.2881216
-0.09058662 0.1295986 0.01669755 -0.0023824 -0.002467552
-0.02379052 0.01373713 0.003288456 -0.01213265 0.03371209
-0.01322562 -0.008764154 0.02684874 -0.001583436 -0.009420442
0.005941495 -0.05170042 -0.01424073
1.998024 1.982556 1.9975 1.988321 1.997171
1.988811 0.1874771 1.988042 1.989319 1.995003
1.981946 1.982957 1.992775 1.991399 0.3135831
1.989628 1.992327 1.995615 0.5261641 1.985821
0.8051472 1.986509 1.996951 1.99861 1.999454
1.992847 1.98713 1.992573 1.991697 1.990864
1.988418 1.993131 1.99001 1.988892 1.991554
1.908935 1.977275
1.998024 1.982556 1.9975 1.988321 1.997171
1.988811 0.1874771 1.988042 1.989319 1.995003
1.981946 1.982957 1.992775 1.991399 0.3135873
1.989628 1.992327 1.995615 0.526123 1.985821
0.8051782 1.986509 1.996951 1.99861 1.999454
1.992847 1.98713 1.992573 1.991697 1.990864
1.988418 1.993131 1.99001 1.988892 1.991554
1.908935 1.977275
1
0.1119634 0.003179069 0.0116573 0.02047372 0.01824863
-0.007680101 -0.01593862 0.2033804 0.0266295 0.01394722
-0.007749844 0.02262311 -0.004147713 0.05624127 0.07413427
0.2978692 0.03017537 0.02020636 -0.01995356 -0.2881218
-0.09058663 0.1295985 0.01669751 -0.002382378 -0.002467556
-0.02379054 0.01373712 0.003288487 -0.01213266 0.03371217
-0.01322565 -0.008764075 0.02684868 -0.001583438 -0.009420429
0.005941467 -0.05170044 -0.0142407
0.1119656 0.003179333 0.01165748 0.02047361 0.01824896
-0.007679699 -0.01593882 0.2033784 0.02662995 0.01394706
-0.00775008 0.02262294 -0.004147989 0.05624111 0.07413435
0.297869 0.03017499 0.02020651 -0.01995437 -0.2881218
-0.09058678 0.1295987 0.01669762 -0.002382475 -0.002467412
-0.02379056 0.01373715 0.003288125 -0.01213253 0.03371195
-0.0132255 -0.008764669 0.02684927 -0.001583285 -0.009420396
0.005942128 -0.05170083 -0.01424086
1.998024 1.982556 1.9975 1.988321 1.997171
1.988811 0.1874773 1.988042 1.989319 1.995003
1.981946 1.982957 1.992775 1.991399 0.3135874
1.989628 1.992327 1.995615 0.5261253 1.985821
0.8051683 1.986509 1.996951 1.99861 1.999454
1.992847 1.98713 1.992573 1.991697 1.990864
1.988418 1.993131 1.99001 1.988892 1.991554
1.908935 1.977275
1.998024 1.982556 1.9975 1.988321 1.997171
1.988811 0.1874694 1.988042 1.989319 1.995003
1.981946 1.982957 1.992775 1.991399 0.3135852
1.989628 1.992327 1.995615 0.5261048 1.985821
0.8051804 1.986509 1.996951 1.99861 1.999454
1.992847 1.98713 1.992573 1.991697 1.990864
1.988418 1.993131 1.99001 1.988892 1.991554
1.908935 1.977275
0.706132
0.1119634 0.003179066 0.0116573 0.02047369 0.01824864
-0.007680049 -0.01593863 0.2033804 0.02662957 0.01394721
-0.007749855 0.02262311 -0.0041477 0.05624129 0.07413427
0.2978691 0.03017533 0.02020634 -0.01995358 -0.2881217
-0.09058663 0.1295985 0.01669754 -0.002382388 -0.002467556
-0.02379054 0.01373712 0.003288469 -0.01213265 0.03371212
-0.01322563 -0.008764123 0.02684871 -0.001583431 -0.009420434
0.005941493 -0.05170043 -0.01424072
0.2217336 0.005290491 0.005761316 0.01785658 0.004497891
-0.004867861 -0.03676745 0.1481385 0.01720311 -7.635706e-05
-0.03019017 0.02704632 -0.009985549 0.06960169 0.07049067
0.3088412 0.01910961 0.01479192 -0.05727677 -0.3016706
-0.09865028 0.1355104 0.01421009 -0.0147637 0.01455037
-0.02600344 0.01849225 -0.00629883 -0.01464799 0.003012541
0.01715383 -0.01833146 0.0384977 0.01355366 0.005092144
-0.01084005 -0.02971883 -0.04367317
1.998024 1.982556 1.9975 1.988321 1.997171
1.988811 0.1874771 1.988042 1.989319 1.995003
1.981946 1.982957 1.992775 1.991399 0.3135875
1.989628 1.992327 1.995615 0.5261233 1.985821
0.8051728 1.986509 1.996951 1.99861 1.999454
1.992847 1.98713 1.992573 1.991697 1.990864
1.988418 1.993131 1.99001 1.988892 1.991554
1.908935 1.977275
1.998024 1.982556 1.9975 1.988321 1.997171
1.988811 1.997454 0.1738343 1.989319 1.995003
0.379757 1.982957 1.992775 1.991399 1.995308
1.989628 1.992327 0.1991633 1.988922 0.317233
1.977309 1.986509 1.996951 0.8032692 1.999454
1.992847 1.98713 1.992573 1.991697 0.1169339
1.988418 1.993131 0.8406691 1.988892 1.991554
1.908935 1.977275
1
0.1119619 0.003178821 0.01165724 0.02047372 0.01824849
-0.007680275 -0.01593862 0.2033817 0.02662919 0.01394731
-0.007749739 0.02262321 -0.004147493 0.05624138 0.07413413
0.2978694 0.03017566 0.02020633 -0.01995307 -0.288122
-0.09058651 0.1295986 0.01669741 -0.002382336 -0.002467581
-0.02379049 0.01373718 0.003288691 -0.01213269 0.03371233
-0.01322578 -0.008763777 0.02684838 -0.001583524 -0.009420455
0.005941116 -0.05170018 -0.01424063
0.1119639 0.003179157 0.01165731 0.02047371 0.01824868
-0.007680019 -0.01593862 0.2033799 0.02662965 0.01394719
-0.007749882 0.02262308 -0.004147783 0.05624124 0.07413433
0.297869 0.03017525 0.02020635 -0.01995373 -0.2881217
-0.09058667 0.1295984 0.01669756 -0.002382396 -0.002467552
-0.02379056 0.0137371 0.00328841 -0.01213265 0.03371208
-0.01322559 -0.008764196 0.02684879 -0.001583405 -0.009420423
0.005941595 -0.05170052 -0.01424073
1.998024 1.982556 1.9975 1.988321 1.997171
1.988811 0.187481 1.988042 1.989319 1.995003
1.981946 1.982957 1.992775 1.991399 0.3135887
1.989628 1.992327 1.995615 0.5261427 1.985821
0.8051745 1.986509 1.996951 1.99861 1.999454
1.992847 1.98713 1.992573 1.991697 1.990864
1.988418 1.993131 1.99001 1.988892 1.991554
1.908935 1.977275
1.998024 1.982556 1.9975 1.988321 1.997171
1.988811 0.187476 1.988042 1.989319 1.995003
1.981946 1.982957 1.992775 1.991399 0.3135871
1.989628 1.992327 1.995615 0.5261179 1.985821
0.8051676 1.986509 1.996951 1.99861 1.999454
1.992847 1.98713 1.992573 1.991697 1.990864
1.988418 1.993131 1.99001 1.988892 1.991554
1.908935 1.977275
1
0.1119623 0.003178974 0.01165715 0.02047361 0.01824844
-0.007680046 -0.01593848 0.2033814 0.02662967 0.01394731
-0.007749755 0.02262318 -0.004147546 0.05624146 0.07413428
0.2978684 0.03017536 0.02020614 -0.01995324 -0.288121
-0.09058653 0.1295986 0.01669765 -0.002382412 -0.002467663
-0.02379046 0.01373707 0.003288539 -0.01213275 0.03371199
-0.01322561 -0.008764014 0.0268486 -0.001583535 -0.009420488
0.005941185 -0.05170022 -0.01424071
0.111963 0.003179036 0.01165725 0.02047365 0.01824858
-0.007680115 -0.01593857 0.2033807 0.02662946 0.01394728
-0.007749815 0.02262315 -0.004147693 0.0562413 0.07413423
0.2978689 0.03017545 0.02020634 -0.01995341 -0.2881218
-0.09058658 0.1295987 0.01669754 -0.002382418 -0.002467566
-0.02379046 0.01373713 0.003288473 -0.0121327 0.03371215
-0.01322568 -0.008764041 0.0268487 -0.001583518 -0.009420453
0.005941329 -0.05170038 -0.01424068
1.998024 1.982556 1.9975 1.988321 1.997171
1.988811 0.1874811 1.988042 1.989319 1.995003
1.981946 1.982957 1.992775 1.991399 0.3135868
1.989628 1.992327 1.995615 0.5261236 1.985821
0.8051857 1.986509 1.996951 1.99861 1.999454
1.992847 1.98713 1.992573 1.991697 1.990864
1.988418 1.993131 1.99001 1.988892 1.991554
1.908935 1.977275
1.998024 1.982556 1.9975 1.988321 1.997171
1.988811 0.1874782 1.988042 1.989319 1.995003
1.981946 1.982957 1.992775 1.991399 0.3135849
1.989628 1.992327 1.995615 0.5261295 1.985821
0.8051773 1.986509 1.996951 1.99861 1.999454
1.992847 1.98713 1.992573 1.991697 1.990864
1.988418 1.993131 1.99001 1.988892 1.991554
1.908935 1.977275
1
0.1119626 0.003178881 0.01165733 0.02047364 0.01824864
-0.007680144 -0.01593874 0.2033811 0.02662923 0.01394727
-0.007749839 0.02262316 -0.004147606 0.05624129 0.07413408
0.2978694 0.03017563 0.02020646 -0.01995332 -0.2881223
-0.09058653 0.129599 0.01669741 -0.002382398 -0.002467481
-0.02379043 0.01373724 0.003288534 -0.01213262 0.03371233
-0.01322578 -0.008763991 0.02684865 -0.001583507 -0.009420448
0.005941335 -0.05170033 -0.01424067
0.111959 0.003178309 0.01165707 0.02047359 0.01824818
-0.007680059 -0.01593874 0.2033845 0.02662948 0.01394736
-0.007749614 0.02262329 -0.004146809 0.05624192 0.07413408
0.2978688 0.03017563 0.02020593 -0.01995247 -0.2881207
-0.09058632 0.1295987 0.01669748 -0.002382231 -0.002467736
-0.0237905 0.01373717 0.003289058 -0.01213266 0.03371211
-0.0132257 -0.008763635 0.02684791 -0.001583467 -0.009420539
0.005940782 -0.05169959 -0.01424072
1.998024 1.982556 1.9975 1.988321 1.997171
1.988811 0.1874774 1.988042 1.989319 1.995003
1.981946 1.982957 1.992775 1.991399 0.3135859
1.989628 1.992327 1.995615 0.5261421 1.985821
0.8051856 1.986509 1.996951 1.99861 1.999454
1.992847 1.98713 1.992573 1.991697 1.990864
1.988418 1.993131 1.99001 1.988892 1.991554
1.908935 1.977275
1.998024 1.982556 1.9975 1.988321 1.997171
1.988811 0.1874889 1.988042 1.989319 1.995003
1.981946 1.982957 1.992775 1.991399 0.3136004
1.989628 1.992327 1.995615 0.5261425 1.985821
0.8052133 1.986509 1.996951 1.99861 1.999454
1.992847 1.98713 1.992573 1.991697 1.990864
1.988418 1.993131 1.99001 1.988892 1.991554
1.908935 1.977275
0.8541586
0.2089964 -0.005654993 0.02221318 0.02369384 0.01072621
0.002268965 -0.04103216 0.151901 0.01932032 0.002993929
-0.0271827 0.02791662 -0.0244917 0.06001092 0.07986374
0.3055933 0.0126356 0.01823974 -0.04317842 -0.2978752
-0.100506 0.1324269 0.01000176 -0.01089162 0.01395361
-0.0309293 0.02191944 -0.01269345 -0.02156426 0.01494147
0.01773461 -0.01163535 0.030978 0.01721847 0.01079895
-0.01416743 -0.04216285 -0.04378847
0.1119629 0.003178974 0.01165728 0.02047372 0.01824859
-0.007680208 -0.01593862 0.2033809 0.0266293 0.01394726
-0.007749802 0.02262316 -0.004147652 0.05624128 0.07413419
0.2978693 0.03017554 0.02020638 -0.01995334 -0.2881221
-0.09058658 0.1295986 0.01669745 -0.002382368 -0.002467551
-0.02379051 0.01373716 0.003288561 -0.01213267 0.03371228
-0.01322573 -0.008763933 0.02684857 -0.001583491 -0.009420437
0.005941309 -0.05170035 -0.01424065
1.998024 1.982556 1.9975 1.988321 1.997171
1.988811 1.997454 1.988042 1.989319 1.995003
1.981946 0.444598 1.992775 1.099485 1.995308
0.6844507 0.1693235 1.995615 1.988922 0.3094682
1.977309 1.986509 1.996951 1.99861 1.999454
1.992847 1.98713 1.992573 1.991697 0.8095641
1.988418 1.993131 0.569555 1.988892 1.991554
0.314578 0.4576253
1.998024 1.982556 1.9975 1.988321 1.997171
1.988811 0.1874785 1.988042 1.989319 1.995003
1.981946 1.982957 1.992775 1.991399 0.3135869
1.989628 1.992327 1.995615 0.5261352 1.985821
0.8051697 1.986509 1.996951 1.99861 1.999454
1.992847 1.98713 1.992573 1.991697 1.990864
1.988418 1.993131 1.99001 1.988892 1.991554
1.908935 1.977275
1
0.1119598 0.003178253 0.01165732 0.02047275 0.01824862
-0.007678797 -0.01593931 0.2033833 0.02663053 0.01394727
-0.007750063 0.02262307 -0.004146789 0.0562421 0.07413385
0.2978667 0.03017515 0.02020606 -0.01995337 -0.2881198
-0.09058621 0.129601 0.01669787 -0.002382628 -0.002467402
-0.02379005 0.01373744 0.003288317 -0.01213238 0.03371143
-0.01322549 -0.008764997 0.02684931 -0.001583416 -0.00942065
0.005941649 -0.05169985 -0.01424116
0.1119632 0.003179117 0.01165717 0.02047378 0.01824848
-0.007680116 -0.01593844 0.2033807 0.02662973 0.01394723
-0.007749761 0.02262313 -0.004147651 0.05624138 0.07413442
0.2978688 0.03017521 0.02020613 -0.01995346 -0.288121
-0.09058665 0.129598 0.01669763 -0.002382342 -0.002467699
-0.02379062 0.01373699 0.003288565 -0.01213275 0.03371199
-0.01322555 -0.008763995 0.02684851 -0.001583433 -0.009420443
0.005941335 -0.05170033 -0.0142407
1.998024 1.982556 1.9975 1.988321 1.997171
1.988811 0.1874768 1.988042 1.989319 1.995003
1.981946 1.982957 1.992775 1.991399 0.3135907
1.989628 1.992327 1.995615 0.526122 1.985821
0.8053453 1.986509 1.996951 1.99861 1.999454
1.992847 1.98713 1.992573 1.991697 1.990864
1.988418 1.993131 1.99001 1.988892 1.991554
1.908935 1.977275
1.998024 1.982556 1.9975 1.988321 1.997171
1.988811 0.1874806 1.988042 1.989319 1.995003
1.981946 1.982957 1.992775 1.991399 0.3135901
1.989628 1.992327 1.995615 0.5261138 1.985821
0.805158 1.986509 1.996951 1.99861 1.999454
1.992847 1.98713 1.992573 1.991697 1.990864
1.988418 1.993131 1.99001 1.988892 1.991554
1.908935 1.977275
1
0.1119633 0.003179048 0.0116573 0.02047367 0.01824864
-0.007680028 -0.01593865 0.2033805 0.02662958 0.01394722
-0.007749859 0.02262311 -0.004147684 0.0562413 0.07413426
0.297869 0.03017534 0.02020634 -0.01995357 -0.2881217
-0.09058662 0.1295986 0.01669754 -0.002382394 -0.00246755
-0.02379052 0.01373713 0.003288465 -0.01213265 0.03371212
-0.01322563 -0.008764137 0.02684873 -0.001583434 -0.009420439
0.005941492 -0.05170042 -0.01424073
0.1119658 0.003179487 0.0116574 0.02047427 0.01824878
-0.007680775 -0.01593843 0.2033784 0.02662885 0.01394712
-0.007749801 0.02262309 -0.004148238 0.05624074 0.07413444
0.297871 0.0301755 0.02020667 -0.01995384 -0.2881234
-0.0905869 0.1295971 0.01669721 -0.002382218 -0.002467546
-0.02379085 0.01373703 0.003288564 -0.01213271 0.03371268
-0.01322577 -0.008763652 0.02684838 -0.001583366 -0.009420279
0.005941577 -0.05170085 -0.01424047
1.998024 1.982556 1.9975 1.988321 1.997171
1.988811 0.1874771 1.988042 1.989319 1.995003
1.981946 1.982957 1.992775 1.991399 0.3135874
1.989628 1.992327 1.995615 0.5261238 1.985821
0.8051764 1.986509 1.996951 1.99861 1.999454
1.992847 1.98713 1.992573 1.991697 1.990864
1.988418 1.993131 1.99001 1.988892 1.991554
1.908935 1.977275
1.998024 1.982556 1.9975 1.988321 1.997171
1.988811 0.1874749 1.988042 1.989319 1.995003
1.981946 1.982957 1.992775 1.991399 0.3135873
1.989628 1.992327 1.995615 0.52613 1.985821
0.8050713 1.986509 1.996951 1.99861 1.999454
1.992847 1.98713 1.992573 1.991697 1.990864
1.988418 1.993131 1.99001 1.988892 1.991554
1.908935 1.977275
1
0.1119634 0.003179063 0.01165729 0.02047368 0.01824864
-0.007680034 -0.01593864 0.2033804 0.02662958 0.01394722
-0.007749857 0.02262311 -0.004147697 0.05624129 0.07413427
0.297869 0.03017533 0.02020634 -0.01995358 -0.2881217
-0.09058662 0.1295985 0.01669754 -0.002382395 -0.002467554
-0.02379053 0.01373713 0.00328846 -0.01213265 0.03371211
-0.01322563 -0.008764136 0.02684873 -0.001583436 -0.009420438
0.005941492 -0.05170043 -0.01424072
0.1119644 0.003179223 0.01165735 0.02047373 0.01824874
-0.007680021 -0.01593864 0.2033795 0.02662963 0.01394716
-0.007749914 0.02262305 -0.00414787 0.05624117 0.07413434
0.2978692 0.03017522 0.02020641 -0.01995386 -0.2881219
-0.09058671 0.1295984 0.01669755 -0.002382403 -0.002467522
-0.02379058 0.01373711 0.003288358 -0.01213264 0.03371211
-0.01322559 -0.008764246 0.02684886 -0.001583386 -0.009420407
0.005941693 -0.05170061 -0.01424073
1.998024 1.982556 1.9975 1.988321 1.997171
1.988811 0.1874771 1.988042 1.989319 1.995003
1.981946 1.982957 1.992775 1.991399 0.3135873
1.989628 1.992327 1.995615 0.5261232 1.985821
0.8051749 1.986509 1.996951 1.99861 1.999454
1.992847 1.98713 1.992573 1.991697 1.990864
1.988418 1.993131 1.99001 1.988892 1.991554
1.908935 1.977275
1.998024 1.982556 1.9975 1.988321 1.997171
1.988811 0.1874745 1.988042 1.989319 1.995003
1.981946 1.982957 1.992775 1.991399 0.3135863
1.989628 1.992327 1.995615 0.5261167 1.985821
0.8051627 1.986509 1.996951 1.99861 1.999454
1.992847 1.98713 1.992573 1.991697 1.990864
1.988418 1.993131 1.99001 1.988892 1.991554
1.908935 1.977275
1
0.1119637 0.003179104 0.01165731 0.02047367 0.01824866
-0.007679992 -0.01593864 0.2033802 0.02662965 0.0139472
-0.007749878 0.02262309 -0.004147731 0.05624128 0.07413429
0.297869 0.03017527 0.02020634 -0.01995367 -0.2881216
-0.09058664 0.1295985 0.01669757 -0.002382405 -0.002467549
-0.02379053 0.01373712 0.00328842 -0.01213265 0.03371207
-0.0132256 -0.008764199 0.02684879 -0.00158342 -0.009420435
0.005941558 -0.05170047 -0.01424074
0.111964 0.003179588 0.01165684 0.02047358 0.01824825
-0.007679772 -0.01593784 0.2033801 0.02663079 0.01394731
-0.007749697 0.02262312 -0.004147875 0.05624154 0.07413485
0.2978662 0.03017456 0.0202056 -0.01995368 -0.2881184
-0.0905867 0.1295977 0.01669827 -0.002382537 -0.002467986
-0.02379053 0.01373665 0.00328822 -0.01213303 0.03371117
-0.01322516 -0.008764368 0.02684893 -0.001583577 -0.009420529
0.005941239 -0.0517004 -0.01424082
1.998024 1.982556 1.9975 1.988321 1.997171
1.988811 0.1874764 1.988042 1.989319 1.995003
1.981946 1.982957 1.992775 1.991399 0.3135871
1.989628 1.992327 1.995615 0.5261199 1.985821
0.8051751 1.986509 1.996951 1.99861 1.999454
1.992847 1.98713 1.992573 1.991697 1.990864
1.988418 1.993131 1.99001 1.988892 1.991554
1.908935 1.977275
1.998024 1.982556 1.9975 1.988321 1.997171
1.988811 0.1874832 1.988042 1.989319 1.995003
1.981946 1.982957 1.992775 1.991399 0.3135821
1.989628 1.992327 1.995615 0.5260692 1.985821
0.8051684 1.986509 1.996951 1.99861 1.999454
1.992847 1.98713 1.992573 1.991697 1.990864
1.988418 1.993131 1.99001 1.988892 1.991554
1.908935 1.977275
1
0.1119634 0.003179063 0.0116573 0.02047369 0.01824864
-0.007680039 -0.01593865 0.2033804 0.02662957 0.01394721
-0.00774986 0.0226231 -0.004147698 0.05624129 0.07413427
0.2978691 0.03017533 0.02020634 -0.01995359 -0.2881217
-0.09058663 0.1295985 0.01669753 -0.002382389 -0.002467551
-0.02379054 0.01373713 0.003288465 -0.01213265 0.03371212
-0.01322563 -0.008764134 0.02684872 -0.001583427 -0.009420434
0.005941505 -0.05170044 -0.01424072
0.1119635 0.003179434 0.01165698 0.02047378 0.01824833
-0.007680418 -0.01593793 0.2033803 0.02662959 0.0139474
-0.007749632 0.02262323 -0.004148002 0.05624121 0.07413452
0.297868 0.03017534 0.02020608 -0.01995324 -0.2881209
-0.09058663 0.129598 0.01669779 -0.002382473 -0.002467808
-0.02379046 0.01373685 0.003288403 -0.01213301 0.03371196
-0.01322558 -0.0087638 0.02684863 -0.001583728 -0.00942047
0.005940921 -0.05170043 -0.01424055
1.998024 1.982556 1.9975 1.988321 1.997171
1.988811 0.187477 1.988042 1.989319 1.995003
1.981946 1.982957 1.992775 1.991399 0.3135876
1.989628 1.992327 1.995615 0.5261233 1.985821
0.8051737 1.986509 1.996951 1.99861 1.999454
1.992847 1.98713 1.992573 1.991697 1.990864
1.988418 1.993131 1.99001 1.988892 1.991554
1.908935 1.977275
1.998024 1.982556 1.9975 1.988321 1.997171
1.988811 0.1874825 1.988042 1.989319 1.995003
1.981946 1.982957 1.992775 1.991399 0.3135773
1.989628 1.992327 1.995615 0.5261159 1.985821
0.8051384 1.986509 1.996951 1.99861 1.999454
1.992847 1.98713 1.992573 1.991697 1.990864
1.988418 1.993131 1.99001 1.988892 1.991554
1.908935 1.977275
0.5925537
0.2188982 0.002469915 0.006517571 0.01830828 0.005363365
-0.008747985 -0.03821192 0.1484906 0.01915079 0.006316799
-0.0249959 0.03241269 -0.01433249 0.06529026 0.0861968
0.3232364 0.007514005 0.007853901 -0.05098889 -0.3039165
-0.1026693 0.1321022 0.0190494 -0.000848649 0.00290772
-0.02685342 0.01231648 -0.007637573 -0.01576603 0.01342188
0.01219135 -0.02840501 0.03146139 0.01640252 0.007651486
-0.00845996 -0.03298296 -0.04254129
0.1119638 0.003179092 0.01165733 0.02047378 0.01824867
-0.007680073 -0.01593867 0.2033802 0.02662958 0.01394716
-0.007749866 0.02262308 -0.00414771 0.05624126 0.07413432
0.2978694 0.03017527 0.02020635 -0.01995369 -0.2881218
-0.09058668 0.1295982 0.01669749 -0.002382336 -0.00246756
-0.02379063 0.01373711 0.00328851 -0.01213263 0.03371215
-0.01322561 -0.00876411 0.02684864 -0.001583355 -0.009420409
0.005941591 -0.05170047 -0.01424072
1.998024 1.982556 1.9975 1.988321 1.997171
1.988811 1.997454 1.988042 1.989319 1.995003
0.6225081 0.2947575 1.992775 1.991399 1.995308
1.989628 1.266041 1.995615 1.988922 0.2182848
1.977309 1.986509 1.996951 0.96377 1.999454
1.992847 1.98713 1.992573 1.991697 1.990864
1.988418 1.993131 0.1571723 1.988892 0.09117861
1.908935 1.977275
1.998024 1.982556 1.9975 1.988321 1.997171
1.988811 0.1874768 1.988042 1.989319 1.995003
1.981946 1.982957 1.992775 1.991399 0.3135904
1.989628 1.992327 1.995615 0.5261198 1.985821
0.8051605 1.986509 1.996951 1.99861 1.999454
1.992847 1.98713 1.992573 1.991697 1.990864
1.988418 1.993131 1.99001 1.988892 1.991554
1.908935 1.977275
1
0.1119628 0.003178857 0.01165739 0.02047366 0.0182487
-0.00768014 -0.01593883 0.2033809 0.02662916 0.01394724
-0.007749874 0.02262314 -0.004147605 0.05624126 0.07413406
0.2978697 0.03017564 0.02020654 -0.0199534 -0.2881226
-0.09058655 0.129599 0.01669734 -0.002382374 -0.002467435
-0.02379047 0.01373728 0.003288546 -0.01213257 0.0337124
-0.0132258 -0.008764011 0.02684865 -0.001583456 -0.00942043
0.005941438 -0.05170037 -0.01424068
0.1119639 0.003179173 0.01165729 0.02047373 0.01824865
-0.007680095 -0.01593856 0.20338 0.02662958 0.01394721
-0.007749851 0.0226231 -0.004147808 0.05624122 0.07413432
0.297869 0.0301753 0.02020635 -0.01995365 -0.2881217
-0.09058666 0.1295984 0.01669756 -0.0023824 -0.002467569
-0.02379055 0.01373709 0.003288421 -0.01213269 0.03371211
-0.01322562 -0.008764123 0.02684875 -0.001583448 -0.009420425
0.005941504 -0.05170051 -0.0142407
1.998024 1.982556 1.9975 1.988321 1.997171
1.988811 0.1874763 1.988042 1.989319 1.995003
1.981946 1.982957 1.992775 1.991399 0.3135873
1.989628 1.992327 1.995615 0.526144 1.985821
0.8051836 1.986509 1.996951 1.99861 1.999454
1.992847 1.98713 1.992573 1.991697 1.990864
1.988418 1.993131 1.99001 1.988892 1.991554
1.908935 1.977275
1.998024 1.982556 1.9975 1.988321 1.997171
1.988811 0.1874767 1.988042 1.989319 1.995003
1.981946 1.982957 1.992775 1.991399 0.3135859
1.989628 1.992327 1.995615 0.5261204 1.985821
0.8051634 1.986509 1.996951 1.99861 1.999454
1.992847 1.98713 1.992573 1.991697 1.990864
1.988418 1.993131 1.99001 1.988892 1.991554
1.908935 1.977275
1
0.1119641 0.003179056 0.01165756 0.0204737 0.01824895
-0.007680382 -0.01593886 0.2033795 0.02662861 0.01394725
-0.007749961 0.02262313 -0.004148021 0.05624086 0.07413391
0.2978704 0.03017595 0.02020696 -0.0199536 -0.2881243
-0.0905866 0.1295994 0.01669715 -0.002382459 -0.00246724
-0.02379036 0.0137374 0.003288333 -0.01213255 0.03371277
-0.013226 -0.008764003 0.02684895 -0.001583562 -0.009420379
0.005941557 -0.05170072 -0.01424056
0.1119634 0.003179056 0.0116573 0.02047369 0.01824864
-0.007680037 -0.01593865 0.2033804 0.02662957 0.01394721
-0.00774986 0.0226231 -0.004147691 0.05624129 0.07413427
0.2978691 0.03017533 0.02020634 -0.01995359 -0.2881217
-0.09058663 0.1295985 0.01669753 -0.002382388 -0.00246755
-0.02379054 0.01373713 0.003288469 -0.01213265 0.03371212
-0.01322563 -0.008764132 0.02684872 -0.001583426 -0.009420435
0.005941503 -0.05170043 -0.01424072
1.998024 1.982556 1.9975 1.988321 1.997171
1.988811 0.1874705 1.988042 1.989319 1.995003
1.981946 1.982957 1.992775 1.991399 0.3135772
1.989628 1.992327 1.995615 0.5261623 1.985821
0.8051676 1.986509 1.996951 1.99861 1.999454
1.992847 1.98713 1.992573 1.991697 1.990864
1.988418 1.993131 1.99001 1.988892 1.991554
1.908935 1.977275
1.998024 1.982556 1.9975 1.988321 1.997171
1.988811 0.187477 1.988042 1.989319 1.995003
1.981946 1.982957 1.992775 1.991399 0.3135877
1.989628 1.992327 1.995615 0.5261235 1.985821
0.8051742 1.986509 1.996951 1.99861 1.999454
1.992847 1.98713 1.992573 1.991697 1.990864
1.988418 1.993131 1.99001 1.988892 1.991554
1.908935 1.977275
1
0.1119657 0.00317932 0.01165757 0.02047392 0.018249
-0.007680276 -0.01593882 0.2033783 0.0266291 0.01394708
-0.007750002 0.02262301 -0.004148133 0.05624083 0.07413423
0.2978706 0.03017545 0.02020681 -0.01995413 -0.2881235
-0.09058682 0.1295983 0.01669725 -0.002382354 -0.002467344
-0.02379066 0.01373722 0.003288329 -0.01213253 0.03371254
-0.01322576 -0.008764163 0.02684889 -0.001583323 -0.009420319
0.005941939 -0.0517009 -0.01424064
0.1119634 0.003179084 0.01165728 0.0204737 0.01824862
-0.007680083 -0.0159386 0.2033804 0.02662954 0.01394723
-0.007749842 0.02262311 -0.00414772 0.05624128 0.07413428
0.2978691 0.03017535 0.02020634 -0.01995356 -0.2881217
-0.09058663 0.1295985 0.01669754 -0.002382391 -0.002467565
-0.02379053 0.01373711 0.003288469 -0.01213267 0.03371213
-0.01322564 -0.008764093 0.0268487 -0.001583449 -0.009420435
0.005941457 -0.05170044 -0.0142407
1.998024 1.982556 1.9975 1.988321 1.997171
1.988811 0.1874696 1.988042 1.989319 1.995003
1.981946 1.982957 1.992775 1.991399 0.313585
1.989628 1.992327 1.995615 0.5261316 1.985821
0.8051323 1.986509 1.996951 1.99861 1.999454
1.992847 1.98713 1.992573 1.991697 1.990864
1.988418 1.993131 1.99001 1.988892 1.991554
1.908935 1.977275
1.998024 1.982556 1.9975 1.988321 1.997171
1.988811 0.1874774 1.988042 1.989319 1.995003
1.981946 1.982957 1.992775 1.991399 0.3135869
1.989628 1.992327 1.995615 0.5261239 1.985821
0.80517 1.986509 1.996951 1.99861 1.999454
1.992847 1.98713 1.992573 1.991697 1.990864
1.988418 1.993131 1.99001 1.988892 1.991554
1.908935 1.977275
1
0.1119631 0.003178995 0.01165729 0.02047366 0.01824862
-0.007680022 -0.01593867 0.2033807 0.02662956 0.01394722
-0.007749851 0.02262311 -0.004147628 0.05624134 0.07413424
0.297869 0.03017536 0.02020633 -0.01995351 -0.2881217
-0.0905866 0.1295986 0.01669753 -0.002382385 -0.002467551
-0.02379052 0.01373714 0.003288498 -0.01213264 0.03371212
-0.01322564 -0.008764116 0.02684869 -0.001583432 -0.009420444
0.005941463 -0.05170038 -0.01424073
0.1119631 0.00317898 0.0116573 0.02047373 0.01824862
-0.007680027 -0.01593871 0.2033807 0.0266296 0.01394718
-0.007749848 0.0226231 -0.004147582 0.05624136 0.07413428
0.2978693 0.0301753 0.0202063 -0.01995356 -0.2881216
-0.09058663 0.1295984 0.0166975 -0.002382331 -0.002467572
-0.0237906 0.01373713 0.003288565 -0.01213262 0.03371213
-0.01322561 -0.008764091 0.02684858 -0.001583362 -0.009420429
0.005941517 -0.05170036 -0.01424074
1.998024 1.982556 1.9975 1.988321 1.997171
1.988811 0.1874776 1.988042 1.989319 1.995003
1.981946 1.982957 1.992775 1.991399 0.3135882
1.989628 1.992327 1.995615 0.5261256 1.985821
0.8051799 1.986509 1.996951 1.99861 1.999454
1.992847 1.98713 1.992573 1.991697 1.990864
1.988418 1.993131 1.99001 1.988892 1.991554
1.908935 1.977275
1.998024 1.982556 1.9975 1.988321 1.997171
1.988811 0.187478 1.988042 1.989319 1.995003
1.981946 1.982957 1.992775 1.991399 0.3135918
1.989628 1.992327 1.995615 0.5261221 1.985821
0.8051718 1.986509 1.996951 1.99861 1.999454
1.992847 1.98713 1.992573 1.991697 1.990864
1.988418 1.993131 1.99001 1.988892 1.991554
1.908935 1.977275
1
0.1119639 0.003179215 0.01165724 0.02047355 0.01824863
-0.007679808 -0.01593852 0.20338 0.02663 0.01394722
-0.007749893 0.02262307 -0.004147784 0.05624134 0.07413438
0.2978681 0.03017508 0.02020621 -0.01995378 -0.2881209
-0.09058664 0.1295987 0.01669776 -0.002382491 -0.002467597
-0.02379046 0.01373705 0.003288274 -0.0121327 0.03371181
-0.01322549 -0.008764395 0.02684901 -0.001583463 -0.009420468
0.005941583 -0.0517005 -0.0142408
0.1119636 0.003179092 0.01165731 0.02047371 0.01824866
-0.007680085 -0.01593863 0.2033802 0.02662951 0.01394721
-0.007749861 0.0226231 -0.004147746 0.05624124 0.07413427
0.2978692 0.03017536 0.02020638 -0.01995361 -0.2881219
-0.09058664 0.1295985 0.01669751 -0.00238239 -0.002467539
-0.02379054 0.01373713 0.003288455 -0.01213265 0.03371217
-0.01322565 -0.008764111 0.02684873 -0.001583436 -0.009420426
0.005941507 -0.05170047 -0.0142407
1.998024 1.982556 1.9975 1.988321 1.997171
1.988811 0.1874762 1.988042 1.989319 1.995003
1.981946 1.982957 1.992775 1.991399 0.313584
1.989628 1.992327 1.995615 0.5261075 1.985821
0.8051891 1.986509 1.996951 1.99861 1.999454
1.992847 1.98713 1.992573 1.991697 1.990864
1.988418 1.993131 1.99001 1.988892 1.991554
1.908935 1.977275
1.998024 1.982556 1.9975 1.988321 1.997171
1.988811 0.1874766 1.988042 1.989319 1.995003
1.981946 1.982957 1.992775 1.991399 0.3135868
1.989628 1.992327 1.995615 0.5261249 1.985821
0.805169 1.986509 1.996951 1.99861 1.999454
1.992847 1.98713 1.992573 1.991697 1.990864
1.988418 1.993131 1.99001 1.988892 1.991554
1.908935 1.977275
1
0.1119656 0.003179699 0.01165704 0.02047389 0.01824848
-0.007679914 -0.01593807 0.2033788 0.02663059 0.01394712
-0.007749791 0.02262301 -0.004148025 0.0562413 0.07413492
0.2978678 0.03017448 0.02020584 -0.01995414 -0.2881194
-0.0905869 0.129597 0.01669802 -0.002382379 -0.002467895
-0.02379081 0.01373667 0.0032883 -0.01213288 0.03371144
-0.01322518 -0.008764345 0.02684879 -0.001583325 -0.009420417
0.005941676 -0.05170066 -0.0142408
0.1119587 0.003178192 0.01165702 0.02047364 0.01824809
-0.00767974 -0.01593887 0.203385 0.02663011 0.01394723
-0.007749621 0.02262321 -0.004146472 0.05624222 0.07413429
0.2978685 0.03017517 0.0202056 -0.01995264 -0.2881193
-0.09058638 0.129598 0.0166976 -0.002382095 -0.002467872
-0.02379074 0.01373706 0.003289236 -0.01213258 0.03371177
-0.01322545 -0.008763791 0.02684767 -0.001583202 -0.009420541
0.005941008 -0.05169941 -0.01424089
1.998024 1.982556 1.9975 1.988321 1.997171
1.988811 0.1874793 1.988042 1.989319 1.995003
1.981946 1.982957 1.992775 1.991399 0.3135896
1.989628 1.992327 1.995615 0.5260661 1.985821
0.8051242 1.986509 1.996951 1.99861 1.999454
1.992847 1.98713 1.992573 1.991697 1.990864
1.988418 1.993131 1.99001 1.988892 1.991554
1.908935 1.977275
1.998024 1.982556 1.9975 1.988321 1.997171
1.988811 0.1874915 1.988042 1.989319 1.995003
1.981946 1.982957 1.992775 1.991399 0.3136142
1.989628 1.992327 1.995615 0.5261161 1.985821
0.8052168 1.986509 1.996951 1.99861 1.999454
1.992847 1.98713 1.992573 1.991697 1.990864
1.988418 1.993131 1.99001 1.988892 1.991554
1.908935 1.977275
1
0.1119633 0.003179038 0.01165729 0.02047367 0.01824863
-0.007680053 -0.01593864 0.2033805 0.02662954 0.01394723
-0.007749849 0.02262312 -0.004147681 0.0562413 0.07413425
0.297869 0.03017537 0.02020635 -0.01995353 -0.2881218
-0.09058661 0.1295986 0.01669753 -0.002382395 -0.00246755
-0.02379051 0.01373714 0.003288474 -0.01213266 0.03371214
-0.01322565 -0.008764108 0.02684871 -0.001583449 -0.009420441
0.005941457 -0.05170041 -0.01424071
0.1119629 0.003178972 0.01165726 0.02047377 0.01824855
-0.007680102 -0.01593864 0.203381 0.02662957 0.01394721
-0.0077498 0.02262312 -0.004147554 0.05624138 0.07413431
0.2978692 0.03017532 0.02020624 -0.01995344 -0.2881215
-0.09058662 0.1295982 0.01669751 -0.002382309 -0.002467619
-0.02379062 0.01373709 0.003288625 -0.01213265 0.03371213
-0.01322562 -0.008763988 0.02684847 -0.001583381 -0.009420432
0.005941408 -0.0517003 -0.01424071
1.998024 1.982556 1.9975 1.988321 1.997171
1.988811 0.1874773 1.988042 1.989319 1.995003
1.981946 1.982957 1.992775 1.991399 0.3135871
1.989628 1.992327 1.995615 0.5261257 1.985821
0.8051762 1.986509 1.996951 1.99861 1.999454
1.992847 1.98713 1.992573 1.991697 1.990864
1.988418 1.993131 1.99001 1.988892 1.991554
1.908935 1.977275
1.998024 1.982556 1.9975 1.988321 1.997171
1.988811 0.1874796 1.988042 1.989319 1.995003
1.981946 1.982957 1.992775 1.991399 0.3135924
1.989628 1.992327 1.995615 0.5261225 1.985821
0.8051654 1.986509 1.996951 1.99861 1.999454
1.992847 1.98713 1.992573 1.991697 1.990864
1.988418 1.993131 1.99001 1.988892 1.991554
1.908935 1.977275
1
0.1119542 0.003177664 0.0116566 0.02047356 0.01824743
-0.007680058 -0.0159385 0.2033891 0.02662987 0.01394755
-0.007749226 0.0226235 -0.004145823 0.05624275 0.07413418
0.2978676 0.03017562 0.0202051 -0.0199512 -0.288118
-0.09058603 0.1295981 0.01669769 -0.002382034 -0.002468183
-0.02379058 0.01373698 0.003289749 -0.01213284 0.03371173
-0.01322557 -0.008763045 0.02684688 -0.001583514 -0.009420677
0.005939828 -0.05169857 -0.01424075
0.1119568 0.003177848 0.01165714 0.02047165 0.01824847
-0.007677677 -0.01593939 0.2033856 0.02663157 0.01394753
-0.007750178 0.02262312 -0.00414631 0.05624276 0.07413353
0.2978628 0.030175 0.02020568 -0.01995303 -0.2881174
-0.09058576 0.1296038 0.01669853 -0.002383107 -0.002467353
-0.02378929 0.0137376 0.003287825 -0.0121324 0.03371051
-0.01322533 -0.00876588 0.02685031 -0.001583766 -0.009420926
0.005941423 -0.05169942 -0.01424149
1.998024 1.982556 1.9975 1.988321 1.997171
1.988811 0.1875066 1.988042 1.989319 1.995003
1.981946 1.982957 1.992775 1.991399 0.3136167
1.989628 1.992327 1.995615 0.5261388 1.985821
0.8052392 1.986509 1.996951 1.99861 1.999454
1.992847 1.98713 1.992573 1.991697 1.990864
1.988418 1.993131 1.99001 1.988892 1.991554
1.908935 1.977275
1.998024 1.982556 1.9975 1.988321 1.997171
1.988811 0.1874773 1.988042 1.989319 1.995003
1.981946 1.982957 1.992775 1.991399 0.3135763
1.989628 1.992327 1.995615 0.5261163 1.985821
0.805517 1.986509 1.996951 1.99861 1.999454
1.992847 1.98713 1.992573 1.991697 1.990864
1.988418 1.993131 1.99001 1.988892 1.991554
1.908935 1.977275
0.6877985
0.1119639 0.003179202 0.01165724 0.02047366 0.01824861
-0.007679893 -0.01593853 0.20338 0.02662994 0.01394719
-0.007749866 0.02262307 -0.00414775 0.05624134 0.07413442
0.2978685 0.03017507 0.02020619 -0.01995376 -0.2881209
-0.09058667 0.1295983 0.01669771 -0.002382422 -0.002467626
-0.02379056 0.01373703 0.003288373 -0.0121327 0.03371187
-0.01322549 -0.00876429 0.02684884 -0.001583408 -0.009420448
0.00594158 -0.05170048 -0.01424078
0.2205244 0.004662392 0.009456171 0.02434962 0.004758184
-0.005794401 -0.03963869 0.1541333 0.02363626 0.0072328
-0.01889748 0.03214881 -0.01736253 0.06523626 0.07551158
0.3037146 0.008997852 0.01098563 -0.05332604 -0.3030716
-0.09451285 0.1354958 0.02504108 -0.01000544 -6.833929e-06
-0.02877307 0.01842747 -0.003686256 -0.01429894 0.01039932
0.01251612 -0.02957659 0.04087651 0.01305963 0.001070317
8.480224e-05 -0.03844285 -0.05175214
1.998024 1.982556 1.9975 1.988321 1.997171
1.988811 0.1874772 1.988042 1.989319 1.995003
1.981946 1.982957 1.992775 1.991399 0.3135874
1.989628 1.992327 1.995615 0.5261068 1.985821
0.8051747 1.986509 1.996951 1.99861 1.999454
1.992847 1.98713 1.992573 1.991697 1.990864
1.988418 1.993131 1.99001 1.988892 1.991554
1.908935 1.977275
1.998024 1.982556 1.9975 1.988321 1.997171
1.988811 1.997454 1.988042 1.989319 1.995003
1.981946 0.1162885 0.3434865 0.7519327 1.995308
1.989628 1.992327 1.995615 1.988922 1.985821
1.977309 1.986509 1.996951 1.99861 1.999454
1.992847 0.290331 1.992573 1.991697 1.990864
1.988418 1.993131 1.99001 1.988892 0.1410262
1.202009 0.3462419
1
0.1119653 0.003179246 0.01165752 0.02047373 0.01824896
-0.007679894 -0.01593888 0.2033787 0.02662963 0.01394706
-0.007750046 0.02262297 -0.004147948 0.05624106 0.07413428
0.2978697 0.03017517 0.0202066 -0.01995422 -0.2881224
-0.09058678 0.1295985 0.01669746 -0.002382401 -0.002467389
-0.02379062 0.0137372 0.003288264 -0.0121325 0.03371218
-0.0132256 -0.008764458 0.02684905 -0.001583268 -0.00942037
0.005942051 -0.05170079 -0.01424079
0.111963 0.003178928 0.01165735 0.02047373 0.01824866
-0.00768019 -0.01593874 0.2033808 0.02662922 0.01394723
-0.007749843 0.02262314 -0.004147639 0.05624125 0.07413414
0.2978697 0.03017557 0.02020647 -0.01995341 -0.2881224
-0.09058659 0.1295987 0.01669737 -0.002382351 -0.002467491
-0.02379052 0.01373721 0.003288568 -0.01213261 0.03371236
-0.01322576 -0.008763964 0.02684858 -0.001583445 -0.009420422
0.005941413 -0.05170038 -0.01424066
1.998024 1.982556 1.9975 1.988321 1.997171
1.988811 0.1874701 1.988042 1.989319 1.995003
1.981946 1.982957 1.992775 1.991399 0.3135875
1.989628 1.992327 1.995615 0.526116 1.985821
0.8051658 1.986509 1.996951 1.99861 1.999454
1.992847 1.98713 1.992573 1.991697 1.990864
1.988418 1.993131 1.99001 1.988892 1.991554
1.908935 1.977275
1.998024 1.982556 1.9975 1.988321 1.997171
1.988811 0.1874772 1.988042 1.989319 1.995003
1.981946 1.982957 1.992775 1.991399 0.3135881
1.989628 1.992327 1.995615 0.5261387 1.985821
0.8051714 1.986509 1.996951 1.99861 1.999454
1.992847 1.98713 1.992573 1.991697 1.990864
1.988418 1.993131 1.99001 1.988892 1.991554
1.908935 1.977275
1
0.1119629 0.003178931 0.01165733 0.02047362 0.01824866
-0.00768 -0.01593875 0.2033808 0.02662949 0.01394723
-0.007749873 0.02262312 -0.004147597 0.05624134 0.07413417
0.2978691 0.03017544 0.02020639 -0.01995349 -0.2881219
-0.09058657 0.1295988 0.01669749 -0.002382397 -0.002467505
-0.02379048 0.0137372 0.003288493 -0.01213261 0.03371218
-0.01322568 -0.008764135 0.02684872 -0.001583439 -0.009420448
0.005941476 -0.05170036 -0.01424073
0.1119635 0.003179047 0.01165715 0.02047337 0.01824854
-0.00767879 -0.01593881 0.2033807 0.02663168 0.01394696
-0.007750012 0.02262286 -0.004147159 0.05624201 0.07413478
0.2978666 0.03017396 0.02020551 -0.01995436 -0.2881175
-0.09058673 0.129598 0.01669823 -0.002382375 -0.002467822
-0.02379078 0.01373685 0.003288357 -0.01213253 0.03371081
-0.01322489 -0.008765125 0.02684899 -0.001582975 -0.009420522
0.005942214 -0.05170022 -0.01424126
1.998024 1.982556 1.9975 1.988321 1.997171
1.988811 0.1874769 1.988042 1.989319 1.995003
1.981946 1.982957 1.992775 1.991399 0.3135878
1.989628 1.992327 1.995615 0.5261308 1.985821
0.8051883 1.986509 1.996951 1.99861 1.999454
1.992847 1.98713 1.992573 1.991697 1.990864
1.988418 1.993131 1.99001 1.988892 1.991554
1.908935 1.977275
1.998024 1.982556 1.9975 1.988321 1.997171
1.988811 0.1874788 1.988042 1.989319 1.995003
1.981946 1.982957 1.992775 1.991399 0.3136063
1.989628 1.992327 1.995615 0.526044 1.985821
0.8052353 1.986509 1.996951 1.99861 1.999454
1.992847 1.98713 1.992573 1.991697 1.990864
1.988418 1.993131 1.99001 1.988892 1.991554
1.908935 1.977275
1
0.1119627 0.003179095 0.01165718 0.02047353 0.01824852
-0.007680158 -0.01593839 0.2033808 0.0266294 0.01394738
-0.007749779 0.02262321 -0.004147794 0.05624127 0.07413418
0.2978683 0.03017557 0.02020633 -0.01995324 -0.2881217
-0.09058651 0.1295991 0.01669763 -0.002382529 -0.002467573
-0.02379029 0.01373713 0.003288355 -0.0121328 0.03371212
-0.01322572 -0.008764025 0.02684886 -0.001583698 -0.009420492
0.005941115 -0.05170038 -0.01424064
0.1119624 0.00317889 0.01165725 0.02047363 0.01824855
-0.007680029 -0.01593867 0.2033813 0.02662954 0.01394726
-0.007749811 0.02262315 -0.004147508 0.05624143 0.0741342
0.2978689 0.03017542 0.02020627 -0.01995333 -0.2881215
-0.09058654 0.1295987 0.01669753 -0.002382376 -0.002467579
-0.02379049 0.01373715 0.003288571 -0.01213265 0.03371212
-0.01322566 -0.008764042 0.02684859 -0.00158346 -0.009420465
0.00594133 -0.05170025 -0.01424072
1.998024 1.982556 1.9975 1.988321 1.997171
1.988811 0.1874786 1.988042 1.989319 1.995003
1.981946 1.982957 1.992775 1.991399 0.3135771
1.989628 1.992327 1.995615 0.5261353 1.985821
0.805189 1.986509 1.996951 1.99861 1.999454
1.992847 1.98713 1.992573 1.991697 1.990864
1.988418 1.993131 1.99001 1.988892 1.991554
1.908935 1.977275
1.998024 1.982556 1.9975 1.988321 1.997171
1.988811 0.1874794 1.988042 1.989319 1.995003
1.981946 1.982957 1.992775 1.991399 0.3135892
1.989628 1.992327 1.995615 0.5261292 1.985821
0.8051873 1.986509 1.996951 1.99861 1.999454
1.992847 1.98713 1.992573 1.991697 1.990864
1.988418 1.993131 1.99001 1.988892 1.991554
1.908935 1.977275
1
0.1119635 0.003179068 0.01165731 0.02047371 0.01824865
-0.007680068 -0.01593865 0.2033804 0.02662954 0.01394721
-0.007749857 0.0226231 -0.004147709 0.05624127 0.07413427
0.2978692 0.03017534 0.02020636 -0.01995359 -0.2881218
-0.09058664 0.1295985 0.01669752 -0.002382379 -0.002467548
-0.02379055 0.01373713 0.003288476 -0.01213265 0.03371215
-0.01322564 -0.00876411 0.0268487 -0.001583422 -0.009420428
0.005941506 -0.05170044 -0.01424071
0.1119634 0.003179067 0.0116573 0.02047368 0.01824864
-0.007680032 -0.01593864 0.2033804 0.02662958 0.01394721
-0.00774986 0.0226231 -0.004147702 0.05624129 0.07413427
0.297869 0.03017533 0.02020634 -0.01995359 -0.2881217
-0.09058663 0.1295985 0.01669754 -0.002382395 -0.002467552
-0.02379053 0.01373713 0.003288457 -0.01213265 0.03371211
-0.01322563 -0.008764141 0.02684873 -0.001583432 -0.009420436
0.005941502 -0.05170044 -0.01424072
1.998024 1.982556 1.9975 1.988321 1.997171
1.988811 0.1874769 1.988042 1.989319 1.995003
1.981946 1.982957 1.992775 1.991399 0.3135878
1.989628 1.992327 1.995615 0.5261241 1.985821
0.8051701 1.986509 1.996951 1.99861 1.999454
1.992847 1.98713 1.992573 1.991697 1.990864
1.988418 1.993131 1.99001 1.988892 1.991554
1.908935 1.977275
1.998024 1.982556 1.9975 1.988321 1.997171
1.988811 0.187477 1.988042 1.989319 1.995003
1.981946 1.982957 1.992775 1.991399 0.3135873
1.989628 1.992327 1.995615 0.526123 1.985821
0.8051746 1.986509 1.996951 1.99861 1.999454
1.992847 1.98713 1.992573 1.991697 1.990864
1.988418 1.993131 1.99001 1.988892 1.991554
1.908935 1.977275
0.1433673
0.1119646 0.003179544 0.01165722 0.02047289 0.0182488
-0.007679482 -0.01593826 0.2033787 0.0266301 0.01394747
-0.007750039 0.02262311 -0.004148333 0.05624111 0.07413413
0.2978658 0.03017527 0.02020645 -0.01995391 -0.2881211
-0.09058646 0.1296009 0.01669813 -0.002383019 -0.002467394
-0.02378976 0.01373718 0.003287476 -0.01213286 0.03371153
-0.01322558 -0.008764987 0.02685026 -0.001583975 -0.009420591
0.005941483 -0.05170085 -0.01424082
0.1890395 0.009088181 0.01300234 0.01511662 0.008734891
0.0008834552 -0.03037461 0.1505262 0.0165773 0.003158623
-0.01458392 0.03127024 -0.007805591 0.07257044 0.08137917
0.3069742 0.006671635 0.01200064 -0.05654879 -0.3010166
-0.09709594 0.1254422 0.01603772 -0.002004416 0.01189637
-0.0244222 0.01726226 -0.009117043 -0.02087526 0.01292247
0.0146602 -0.01940544 0.03174549 0.02306899 0.0007194911
-0.006897086 -0.02544519 -0.03776436
1.998024 1.982556 1.9975 1.988321 1.997171
1.988811 0.1874689 1.988042 1.989319 1.995003
1.981946 1.982957 1.992775 1.991399 0.313553
1.989628 1.992327 1.995615 0.5261176 1.985821
0.8052648 1.986509 1.996951 1.99861 1.999454
1.992847 1.98713 1.992573 1.991697 1.990864
1.988418 1.993131 1.99001 1.988892 1.991554
1.908935 1.977275
1.998024 1.982556 0.03878163 0.5761376 1.997171
1.842154 1.997454 1.988042 1.989319 1.995003
1.981946 1.982957 1.992775 1.991399 1.995308
1.989628 0.6106353 1.995615 1.428283 1.871604
1.977309 1.986509 1.996951 1.99861 1.999454
0.3676428 1.98713 1.368118 1.991697 1.990864
1.988418 1.993131 0.733906 1.988892 0.1137189
1.908935 1.977275
1
0.1119633 0.003179041 0.0116573 0.02047368 0.01824864
-0.007680034 -0.01593866 0.2033805 0.02662956 0.01394721
-0.00774986 0.0226231 -0.004147679 0.0562413 0.07413426
0.2978691 0.03017535 0.02020635 -0.01995357 -0.2881217
-0.09058662 0.1295986 0.01669753 -0.002382389 -0.002467545
-0.02379053 0.01373714 0.003288472 -0.01213264 0.03371213
-0.01322564 -0.008764131 0.02684872 -0.001583428 -0.009420437
0.005941498 -0.05170042 -0.01424072
0.1119646 0.003179274 0.01165738 0.02047347 0.01824883
-0.007679786 -0.01593865 0.2033792 0.02662978 0.01394721
-0.007750002 0.02262304 -0.004147977 0.05624115 0.07413424
0.2978684 0.03017522 0.02020648 -0.01995398 -0.2881218
-0.09058665 0.1295992 0.01669768 -0.002382574 -0.002467432
-0.02379035 0.01373717 0.00328809 -0.01213264 0.03371196
-0.01322559 -0.008764547 0.02684932 -0.001583501 -0.009420452
0.005941765 -0.05170071 -0.01424079
1.998024 1.982556 1.9975 1.988321 1.997171
1.988811 0.187477 1.988042 1.989319 1.995003
1.981946 1.982957 1.992775 1.991399 0.3135877
1.989628 1.992327 1.995615 0.5261244 1.985821
0.8051758 1.986509 1.996951 1.99861 1.999454
1.992847 1.98713 1.992573 1.991697 1.990864
1.988418 1.993131 1.99001 1.988892 1.991554
1.908935 1.977275
1.998024 1.982556 1.9975 1.988321 1.997171
1.988811 0.1874715 1.988042 1.989319 1.995003
1.981946 1.982957 1.992775 1.991399 0.3135781
1.989628 1.992327 1.995615 0.5261173 1.985821
0.8051982 1.986509 1.996951 1.99861 1.999454
1.992847 1.98713 1.992573 1.991697 1.990864
1.988418 1.993131 1.99001 1.988892 1.991554
1.908935 1.977275
0.04680496
0.111963 0.003179231 0.01165704 0.02047366 0.01824837
-0.007680109 -0.01593819 0.2033808 0.02662986 0.01394734
-0.007749706 0.02262318 -0.004147747 0.0562414 0.07413447
0.2978679 0.0301752 0.02020602 -0.01995333 -0.2881205
-0.0905866 0.1295982 0.01669781 -0.002382452 -0.002467769
-0.02379048 0.01373692 0.00328844 -0.01213288 0.03371182
-0.01322552 -0.008764014 0.02684867 -0.001583599 -0.009420489
0.005941117 -0.05170032 -0.01424068
0.2178869 0.006146693 0.008672447 0.02433288 0.006433278
-0.01169152 -0.03096063 0.141961 0.01657027 0.005231508
-0.03266952 0.03245069 -0.01372496 0.06755973 0.07378918
0.3065304 0.01755156 0.02150698 -0.05447501 -0.3022593
-0.096455 0.1231327 0.02245073 -0.009509833 0.01367481
-0.03135757 0.02325439 0.002524488 -0.0255641 0.01061053
0.01556761 -0.02157353 0.04273662 0.01430177 0.001473685
-0.006115113 -0.04390326 -0.04292544
1.998024 1.982556 1.9975 1.988321 1.997171
1.988811 0.187482 1.988042 1.989319 1.995003
1.981946 1.982957 1.992775 1.991399 0.3135832
1.989628 1.992327 1.995615 0.5261108 1.985821
0.8051675 1.986509 1.996951 1.99861 1.999454
1.992847 1.98713 1.992573 1.991697 1.990864
1.988418 1.993131 1.99001 1.988892 1.991554
1.908935 1.977275
1.998024 1.698966 1.958747 1.988321 1.580645
1.988811 1.997454 1.70868 1.989319 1.995003
0.2848854 1.982957 1.992775 1.991399 1.603629
1.804337 1.992327 1.977768 1.776033 1.901866
1.86804 1.986509 1.996951 1.99861 1.999454
1.992847 1.678228 1.767939 1.991697 1.990864
1.988418 0.004612716 1.938413 1.988892 1.991554
0.630612 1.977275
1
0.111963 0.003179042 0.01165724 0.02047371 0.01824855
-0.007680197 -0.01593853 0.2033808 0.0266294 0.01394728
-0.007749786 0.02262316 -0.004147698 0.05624129 0.07413424
0.297869 0.03017548 0.02020633 -0.01995335 -0.2881218
-0.09058658 0.1295985 0.01669752 -0.002382395 -0.002467587
-0.02379049 0.01373711 0.003288518 -0.01213272 0.0337122
-0.01322569 -0.008763954 0.02684861 -0.001583525 -0.009420447
0.005941271 -0.05170036 -0.01424065
0.1119639 0.003179109 0.01165734 0.02047363 0.01824871
-0.007679864 -0.01593871 0.20338 0.02662979 0.01394717
-0.007749925 0.02262305 -0.004147722 0.0562413 0.0741343
0.2978688 0.03017518 0.02020634 -0.01995381 -0.2881215
-0.09058666 0.1295986 0.0166976 -0.002382419 -0.002467527
-0.02379054 0.01373713 0.003288369 -0.01213261 0.033712
-0.01322556 -0.008764334 0.02684889 -0.001583376 -0.009420436
0.005941687 -0.05170051 -0.01424079
1.998024 1.982556 1.9975 1.988321 1.997171
1.988811 0.1874789 1.988042 1.989319 1.995003
1.981946 1.982957 1.992775 1.991399 0.3135854
1.989628 1.992327 1.995615 0.5261309 1.985821
0.805169 1.986509 1.996951 1.99861 1.999454
1.992847 1.98713 1.992573 1.991697 1.990864
1.988418 1.993131 1.99001 1.988892 1.991554
1.908935 1.977275
1.998024 1.982556 1.9975 1.988321 1.997171
1.988811 0.1874752 1.988042 1.989319 1.995003
1.981946 1.982957 1.992775 1.991399 0.3135878
1.989628 1.992327 1.995615 0.5261151 1.985821
0.8051832 1.986509 1.996951 1.99861 1.999454
1.992847 1.98713 1.992573 1.991697 1.990864
1.988418 1.993131 1.99001 1.988892 1.991554
1.908935 1.977275
1
0.1119636 0.003179023 0.01165736 0.0204738 0.01824869
-0.007680098 -0.01593875 0.2033803 0.02662947 0.01394715
-0.007749873 0.02262308 -0.004147662 0.05624126 0.07413427
0.2978697 0.03017534 0.0202064 -0.01995366 -0.288122
-0.09058667 0.1295983 0.01669742 -0.002382309 -0.00246753
-0.02379065 0.01373715 0.00328856 -0.01213259 0.03371224
-0.01322565 -0.008764071 0.02684858 -0.00158333 -0.0094204
0.005941605 -0.05170045 -0.01424072
0.1119633 0.003179005 0.01165734 0.02047373 0.01824866
-0.007680157 -0.0159387 0.2033805 0.02662933 0.01394722
-0.00774985 0.02262312 -0.004147692 0.05624124 0.0741342
0.2978695 0.03017548 0.02020644 -0.0199535 -0.2881222
-0.09058662 0.1295986 0.01669742 -0.002382363 -0.002467512
-0.02379054 0.01373718 0.003288523 -0.01213263 0.03371229
-0.01322571 -0.008764019 0.02684864 -0.001583438 -0.009420421
0.005941457 -0.05170043 -0.01424068
1.998024 1.982556 1.9975 1.988321 1.997171
1.988811 0.1874766 1.988042 1.989319 1.995003
1.981946 1.982957 1.992775 1.991399 0.3135919
1.989628 1.992327 1.995615 0.5261245 1.985821
0.8051605 1.986509 1.996951 1.99861 1.999454
1.992847 1.98713 1.992573 1.991697 1.990864
1.988418 1.993131 1.99001 1.988892 1.991554
1.908935 1.977275
1.998024 1.982556 1.9975 1.988321 1.997171
1.988811 0.1874769 1.988042 1.989319 1.995003
1.981946 1.982957 1.992775 1.991399 0.3135876
1.989628 1.992327 1.995615 0.5261328 1.985821
0.8051684 1.986509 1.996951 1.99861 1.999454
1.992847 1.98713 1.992573 1.991697 1.990864
1.988418 1.993131 1.99001 1.988892 1.991554
1.908935 1.977275
1
0.1119527 0.003176422 0.01165771 0.02047306 0.01824852
-0.007679968 -0.01594049 0.2033896 0.02662752 0.01394744
-0.007749816 0.02262344 -0.004145488 0.05624229 0.07413256
0.297872 0.03017737 0.0202069 -0.01995119 -0.2881251
-0.09058565 0.1296022 0.01669634 -0.002382104 -0.002466966
-0.02379002 0.01373828 0.003289713 -0.01213192 0.03371351
-0.01322662 -0.008763284 0.02684747 -0.001583424 -0.009420595
0.005940596 -0.05169875 -0.01424073
0.1119624 0.003178994 0.01165714 0.0204737 0.01824843
-0.007680186 -0.01593844 0.2033814 0.02662952 0.01394731
-0.007749722 0.02262319 -0.00414758 0.05624141 0.0741343
0.2978687 0.03017543 0.02020617 -0.01995319 -0.2881213
-0.09058655 0.1295984 0.01669759 -0.002382374 -0.002467676
-0.0237905 0.01373705 0.003288598 -0.01213277 0.03371209
-0.01322564 -0.008763884 0.02684848 -0.001583538 -0.00942047
0.005941128 -0.05170023 -0.01424066
1.998024 1.982556 1.9975 1.988321 1.997171
1.988811 0.1874858 1.988042 1.989319 1.995003
1.981946 1.982957 1.992775 1.991399 0.3136118
1.989628 1.992327 1.995615 0.5262652 1.985821
0.8053574 1.986509 1.996951 1.99861 1.999454
1.992847 1.98713 1.992573 1.991697 1.990864
1.988418 1.993131 1.99001 1.988892 1.991554
1.908935 1.977275
1.998024 1.982556 1.9975 1.988321 1.997171
1.988811 0.1874817 1.988042 1.989319 1.995003
1.981946 1.982957 1.992775 1.991399 0.3135873
1.989628 1.992327 1.995615 0.5261268 1.985821
0.8051708 1.986509 1.996951 1.99861 1.999454
1.992847 1.98713 1.992573 1.991697 1.990864
1.988418 1.993131 1.99001 1.988892 1.991554
1.908935 1.977275
1
0.1119551 0.003177514 0.01165699 0.02047126 0.01824828
-0.007676765 -0.01593961 0.2033872 0.02663289 0.01394745
-0.007750238 0.02262303 -0.004145642 0.05624345 0.07413368
0.2978609 0.03017429 0.02020506 -0.01995312 -0.2881145
-0.09058565 0.1296041 0.01669897 -0.002383118 -0.002467519
-0.02378931 0.01373752 0.003287866 -0.0121323 0.03370965
-0.01322492 -0.008766469 0.0268504 -0.001583542 -0.009421044
0.005941648 -0.05169898 -0.01424187
0.111966 0.003179725 0.01165707 0.0204736 0.01824858
-0.0076793 -0.01593822 0.2033784 0.02663137 0.01394704
-0.007749948 0.02262289 -0.004147943 0.05624149 0.07413499
0.2978666 0.03017402 0.02020568 -0.01995459 -0.2881182
-0.0905869 0.1295974 0.0166983 -0.002382493 -0.00246787
-0.02379075 0.01373667 0.003288048 -0.0121328 0.03371095
-0.01322495 -0.008764947 0.02684925 -0.001583218 -0.009420465
0.005942078 -0.05170071 -0.01424104
1.998024 1.982556 1.9975 1.988321 1.997171
1.988811 0.1874811 1.988042 1.989319 1.995003
1.981946 1.982957 1.992775 1.991399 0.3135894
1.989628 1.992327 1.995615 0.5260775 1.985821
0.8055938 1.986509 1.996951 1.99861 1.999454
1.992847 1.98713 1.992573 1.991697 1.990864
1.988418 1.993131 1.99001 1.988892 1.991554
1.908935 1.977275
1.998024 1.982556 1.9975 1.988321 1.997171
1.988811 0.1874762 1.988042 1.989319 1.995003
1.981946 1.982957 1.992775 1.991399 0.3135903
1.989628 1.992327 1.995615 0.5260413 1.985821
0.8051711 1.986509 1.996951 1.99861 1.999454
1.992847 1.98713 1.992573 1.991697 1.990864
1.988418 1.993131 1.99001 1.988892 1.991554
1.908935 1.977275
1
0.1119638 0.003179195 0.01165725 0.0204738 0.0182486
-0.007680197 -0.01593849 0.2033801 0.02662951 0.01394723
-0.00774981 0.02262312 -0.004147821 0.05624121 0.07413436
0.2978691 0.03017532 0.02020632 -0.01995358 -0.2881217
-0.09058668 0.1295982 0.01669754 -0.002382373 -0.002467606
-0.02379058 0.01373705 0.003288473 -0.01213272 0.03371215
-0.01322563 -0.008764015 0.02684865 -0.001583458 -0.009420418
0.005941425 -0.05170049 -0.01424066
0.111964 0.00317921 0.01165727 0.02047362 0.01824865
-0.007679928 -0.01593854 0.2033799 0.02662981 0.01394721
-0.007749884 0.02262308 -0.004147814 0.05624127 0.07413435
0.2978685 0.03017517 0.02020629 -0.01995375 -0.2881213
-0.09058666 0.1295986 0.01669767 -0.002382457 -0.002467576
-0.0237905 0.01373707 0.003288321 -0.01213269 0.03371194
-0.01322555 -0.008764294 0.02684892 -0.001583455 -0.009420447
0.005941571 -0.05170053 -0.01424076
1.998024 1.982556 1.9975 1.988321 1.997171
1.988811 0.1874778 1.988042 1.989319 1.995003
1.981946 1.982957 1.992775 1.991399 0.3135863
1.989628 1.992327 1.995615 0.526121 1.985821
0.805152 1.986509 1.996951 1.99861 1.999454
1.992847 1.98713 1.992573 1.991697 1.990864
1.988418 1.993131 1.99001 1.988892 1.991554
1.908935 1.977275
1.998024 1.982556 1.9975 1.988321 1.997171
1.988811 0.1874761 1.988042 1.989319 1.995003
1.981946 1.982957 1.992775 1.991399 0.3135844
1.989628 1.992327 1.995615 0.526113 1.985821
0.8051779 1.986509 1.996951 1.99861 1.999454
1.992847 1.98713 1.992573 1.991697 1.990864
1.988418 1.993131 1.99001 1.988892 1.991554
1.908935 1.977275
1
0.1119673 0.0031795 0.01165769 0.02047369 0.01824924
-0.007679661 -0.01593902 0.2033768 0.02662986 0.01394693
-0.007750233 0.02262283 -0.004148241 0.05624086 0.07413434
0.2978697 0.03017492 0.02020678 -0.01995488 -0.2881227
-0.09058692 0.1295987 0.0166975 -0.002382473 -0.002467258
-0.02379064 0.01373723 0.00328797 -0.0121324 0.03371209
-0.01322552 -0.00876488 0.02684951 -0.001583157 -0.009420328
0.005942578 -0.05170116 -0.01424088
0.1119632 0.003178954 0.01165736 0.02047373 0.01824867
-0.007680126 -0.01593876 0.2033806 0.02662934 0.0139472
-0.00774986 0.02262311 -0.004147636 0.05624127 0.07413418
0.2978696 0.03017548 0.02020644 -0.01995351 -0.2881222
-0.09058661 0.1295986 0.0166974 -0.002382343 -0.002467503
-0.02379056 0.01373719 0.003288555 -0.0121326 0.03371229
-0.01322571 -0.008764029 0.0268486 -0.001583404 -0.009420419
0.005941491 -0.0517004 -0.01424069
1.998024 1.982556 1.9975 1.988321 1.997171
1.988811 0.1874633 1.988042 1.989319 1.995003
1.981946 1.982957 1.992775 1.991399 0.3135847
1.989628 1.992327 1.995615 0.5261026 1.985821
0.8051663 1.986509 1.996951 1.99861 1.999454
1.992847 1.98713 1.992573 1.991697 1.990864
1.988418 1.993131 1.99001 1.988892 1.991554
1.908935 1.977275
1.998024 1.982556 1.9975 1.988321 1.997171
1.988811 0.1874769 1.988042 1.989319 1.995003
1.981946 1.982957 1.992775 1.991399 0.3135894
1.989628 1.992327 1.995615 0.526133 1.985821
0.8051709 1.986509 1.996951 1.99861 1.999454
1.992847 1.98713 1.992573 1.991697 1.990864
1.988418 1.993131 1.99001 1.988892 1.991554
1.908935 1.977275
1
0.1119637 0.003179188 0.01165726 0.02047354 0.01824865
-0.007679892 -0.01593853 0.20338 0.0266298 0.01394725
-0.007749888 0.0226231 -0.004147816 0.05624129 0.0741343
0.2978683 0.03017523 0.0202063 -0.01995369 -0.2881213
-0.09058661 0.1295989 0.0166977 -0.002382509 -0.002467555
-0.02379041 0.0137371 0.003288267 -0.01213271 0.03371192
-0.01322557 -0.00876433 0.02684902 -0.001583519 -0.009420468
0.005941514 -0.05170051 -0.01424076
0.1119643 0.00317925 0.01165736 0.02047364 0.01824877
-0.007680094 -0.01593858 0.2033794 0.02662942 0.01394724
-0.007749915 0.02262309 -0.004147988 0.05624108 0.07413422
0.297869 0.03017542 0.02020653 -0.01995375 -0.2881223
-0.09058665 0.1295989 0.01669754 -0.002382497 -0.002467462
-0.02379042 0.01373716 0.003288248 -0.01213268 0.0337122
-0.0132257 -0.008764228 0.02684903 -0.001583533 -0.009420425
0.005941565 -0.05170066 -0.01424068
1.998024 1.982556 1.9975 1.988321 1.997171
1.988811 0.1874759 1.988042 1.989319 1.995003
1.981946 1.982957 1.992775 1.991399 0.3135816
1.989628 1.992327 1.995615 0.5261166 1.985821
0.8051903 1.986509 1.996951 1.99861 1.999454
1.992847 1.98713 1.992573 1.991697 1.990864
1.988418 1.993131 1.99001 1.988892 1.991554
1.908935 1.977275
1.998024 1.982556 1.9975 1.988321 1.997171
1.988811 0.1874735 1.988042 1.989319 1.995003
1.981946 1.982957 1.992775 1.991399 0.3135791
1.989628 1.992327 1.995615 0.5261282 1.985821
0.8051723 1.986509 1.996951 1.99861 1.999454
1.992847 1.98713 1.992573 1.991697 1.990864
1.988418 1.993131 1.99001 1.988892 1.991554
1.908935 1.977275
1
0.1119635 0.00317913 0.01165726 0.02047355 0.01824864
-0.007679882 -0.01593858 0.2033802 0.0266298 0.01394724
-0.007749884 0.02262309 -0.004147744 0.05624133 0.07413429
0.2978684 0.03017523 0.02020628 -0.01995366 -0.2881213
-0.09058661 0.1295988 0.01669768 -0.002382479 -0.00246756
-0.02379044 0.01373711 0.003288324 -0.01213268 0.03371194
-0.01322557 -0.008764307 0.02684894 -0.001583485 -0.009420466
0.005941519 -0.05170046 -0.01424077
0.1119637 0.003179048 0.01165736 0.02047363 0.01824873
-0.007679853 -0.01593878 0.2033801 0.02662976 0.01394715
-0.007749934 0.02262305 -0.004147665 0.05624132 0.07413427
0.297869 0.0301752 0.02020635 -0.0199538 -0.2881216
-0.09058665 0.1295986 0.01669756 -0.002382395 -0.00246751
-0.02379055 0.01373716 0.003288411 -0.01213257 0.03371203
-0.01322557 -0.008764325 0.02684884 -0.001583343 -0.009420432
0.005941716 -0.05170048 -0.0142408
1.998024 1.982556 1.9975 1.988321 1.997171
1.988811 0.1874764 1.988042 1.989319 1.995003
1.981946 1.982957 1.992775 1.991399 0.3135838
1.989628 1.992327 1.995615 0.5261168 1.985821
0.8051907 1.986509 1.996951 1.99861 1.999454
1.992847 1.98713 1.992573 1.991697 1.990864
1.988418 1.993131 1.99001 1.988892 1.991554
1.908935 1.977275
1.998024 1.982556 1.9975 1.988321 1.997171
1.988811 0.1874752 1.988042 1.989319 1.995003
1.981946 1.982957 1.992775 1.991399 0.3135895
1.989628 1.992327 1.995615 0.526117 1.985821
0.8051849 1.986509 1.996951 1.99861 1.999454
1.992847 1.98713 1.992573 1.991697 1.990864
1.988418 1.993131 1.99001 1.988892 1.991554
1.908935 1.977275
1
0.1119635 0.003179071 0.01165731 0.0204737 0.01824866
-0.007680023 -0.01593866 0.2033803 0.0266296 0.01394719
-0.007749869 0.02262309 -0.004147698 0.05624129 0.07413429
0.2978691 0.0301753 0.02020634 -0.01995364 -0.2881217
-0.09058664 0.1295985 0.01669753 -0.002382379 -0.00246755
-0.02379056 0.01373712 0.003288467 -0.01213264 0.03371211
-0.01322562 -0.008764152 0.02684872 -0.001583402 -0.009420429
0.005941548 -0.05170045 -0.01424073
0.111962 0.003178911 0.01165713 0.02047354 0.01824842
-0.007679905 -0.01593852 0.2033817 0.02662985 0.01394731
-0.007749767 0.02262317 -0.004147443 0.05624157 0.07413429
0.2978681 0.03017528 0.02020606 -0.01995324 -0.2881206
-0.09058651 0.1295987 0.01669771 -0.002382421 -0.002467679
-0.02379044 0.01373707 0.003288539 -0.01213273 0.03371187
-0.01322556 -0.008764106 0.02684863 -0.001583512 -0.009420508
0.00594121 -0.05170015 -0.01424076
1.998024 1.982556 1.9975 1.988321 1.997171
1.988811 0.1874767 1.988042 1.989319 1.995003
1.981946 1.982957 1.992775 1.991399 0.3135884
1.989628 1.992327 1.995615 0.5261215 1.985821
0.8051721 1.986509 1.996951 1.99861 1.999454
1.992847 1.98713 1.992573 1.991697 1.990864
1.988418 1.993131 1.99001 1.988892 1.991554
1.908935 1.977275
1.998024 1.982556 1.9975 1.988321 1.997171
1.988811 0.1874816 1.988042 1.989319 1.995003
1.981946 1.982957 1.992775 1.991399 0.3135883
1.989628 1.992327 1.995615 0.5261191 1.985821
0.8051999 1.986509 1.996951 1.99861 1.999454
1.992847 1.98713 1.992573 1.991697 1.990864
1.988418 1.993131 1.99001 1.988892 1.991554
1.908935 1.977275
1
0.1119635 0.003179147 0.01165723 0.02047363 0.01824859
-0.007679994 -0.01593851 0.2033803 0.02662973 0.01394725
-0.007749839 0.02262311 -0.004147751 0.05624131 0.07413433
0.2978685 0.03017526 0.02020626 -0.01995358 -0.2881213
-0.09058662 0.1295986 0.01669766 -0.002382444 -0.0024676
-0.02379048 0.01373707 0.003288388 -0.01213272 0.03371198
-0.01322558 -0.008764186 0.02684882 -0.001583491 -0.009420458
0.005941435 -0.05170044 -0.01424073
0.1119632 0.003179016 0.01165731 0.02047375 0.01824862
-0.007680203 -0.01593864 0.2033806 0.02662932 0.01394724
-0.007749822 0.02262314 -0.004147695 0.05624125 0.07413422
0.2978694 0.0301755 0.02020641 -0.01995344 -0.2881221
-0.09058661 0.1295985 0.01669744 -0.002382359 -0.00246754
-0.02379054 0.01373715 0.003288543 -0.01213266 0.03371228
-0.01322572 -0.008763964 0.02684859 -0.00158346 -0.009420424
0.005941388 -0.0517004 -0.01424066
1.998024 1.982556 1.9975 1.988321 1.997171
1.988811 0.1874776 1.988042 1.989319 1.995003
1.981946 1.982957 1.992775 1.991399 0.3135847
1.989628 1.992327 1.995615 0.5261175 1.985821
0.8051781 1.986509 1.996951 1.99861 1.999454
1.992847 1.98713 1.992573 1.991697 1.990864
1.988418 1.993131 1.99001 1.988892 1.991554
1.908935 1.977275
1.998024 1.982556 1.9975 1.988321 1.997171
1.988811 0.1874777 1.988042 1.989319 1.995003
1.981946 1.982957 1.992775 1.991399 0.3135874
1.989628 1.992327 1.995615 0.5261329 1.985821
0.8051646 1.986509 1.996951 1.99861 1.999454
1.992847 1.98713 1.992573 1.991697 1.990864
1.988418 1.993131 1.99001 1.988892 1.991554
1.908935 1.977275
0.2005586
0.1872035 -0.004046323 0.01816562 0.01978775 -0.005900449
0.000589044 -0.03138295 0.1481272 0.03362977 0.004305806
-0.03184341 0.03509202 -0.01179571 0.06172832 0.08159547
0.3025572 0.01791552 0.02490144 -0.04983429 -0.2981014
-0.09713544 0.1236352 0.03014333 -0.003669243 0.01548026
-0.02075658 0.02187096 -0.0002192218 -0.004394246 0.001806817
-0.002488968 -0.01912293 0.0389595 0.02214447 0.004396314
-0.01782083 -0.03927615 -0.03366514
0.1119636 0.003179142 0.01165726 0.02047361 0.01824863
-0.00767995 -0.01593857 0.2033802 0.02662974 0.01394723
-0.007749869 0.0226231 -0.004147756 0.0562413 0.07413431
0.2978686 0.03017524 0.02020629 -0.01995365 -0.2881214
-0.09058663 0.1295986 0.01669764 -0.002382448 -0.002467571
-0.02379048 0.01373709 0.003288364 -0.01213269 0.03371198
-0.01322558 -0.008764242 0.02684887 -0.001583468 -0.009420453
0.00594151 -0.05170047 -0.01424075
0.5737148 1.982556 1.9975 1.988321 1.997171
1.988811 1.997454 1.988042 1.989319 1.995003
1.981946 1.982957 1.992775 1.991399 1.995308
1.989628 1.992327 0.9543989 1.988922 1.985821
0.1161808 1.986509 1.996951 1.99861 0.6590854
1.226552 1.98713 1.992573 1.991697 1.990864
1.988418 0.04130344 1.99001 1.988892 1.991554
1.908935 1.977275
1.998024 1.982556 1.9975 1.988321 1.997171
1.988811 0.1874767 1.988042 1.989319 1.995003
1.981946 1.982957 1.992775 1.991399 0.3135849
1.989628 1.992327 1.995615 0.5261173 1.985821
0.8051812 1.986509 1.996951 1.99861 1.999454
1.992847 1.98713 1.992573 1.991697 1.990864
1.988418 1.993131 1.99001 1.988892 1.991554
1.908935 1.977275
0.2309815
0.1119639 0.003179134 0.01165735 0.02047366 0.01824873
-0.007679994 -0.01593867 0.2033799 0.02662958 0.01394719
-0.007749911 0.02262307 -0.0041478 0.05624121 0.07413426
0.2978691 0.03017531 0.02020642 -0.01995375 -0.2881219
-0.09058665 0.1295987 0.01669754 -0.002382426 -0.002467501
-0.02379051 0.01373715 0.003288366 -0.01213263 0.03371212
-0.01322563 -0.00876424 0.02684888 -0.001583426 -0.009420426
0.005941621 -0.05170055 -0.01424074
0.2085485 -0.002859699 0.01304002 0.02326512 0.01178752
-0.001286562 -0.03283135 0.1480638 0.01670082 -0.0007618566
-0.02580666 0.02891128 -0.01585797 0.05970255 0.07616109
0.3095552 0.01565056 0.01335988 -0.04972067 -0.2941436
-0.1006284 0.1401328 0.0157173 -0.01250526 0.0103708
-0.02826314 0.02137132 -0.01328035 -0.01998474 0.008884429
0.01926471 -0.02074005 0.03747457 0.01123625 0.009004821
-0.004148315 -0.03356693 -0.04462948
1.998024 1.982556 1.9975 1.988321 1.997171
1.988811 0.1874749 1.988042 1.989319 1.995003
1.981946 1.982957 1.992775 1.991399 0.3135854
1.989628 1.992327 1.995615 0.5261224 1.985821
0.8051756 1.986509 1.996951 1.99861 1.999454
1.992847 1.98713 1.992573 1.991697 1.990864
1.988418 1.993131 1.99001 1.988892 1.991554
1.908935 1.977275
1.998024 1.982556 1.9975 1.988321 0.1933989
1.988811 1.997454 1.988042 1.989319 1.995003
1.981946 1.982957 0.05776518 0.5394922 1.995308
1.989628 0.05398108 1.995615 0.935454 1.985821
1.977309 1.986509 1.996951 1.99861 1.999454
1.992847 1.98713 1.992573 1.991697 1.990864
1.988418 1.993131 1.99001 1.988892 1.991554
1.908935 1.977275
1
0.1119634 0.003179044 0.0116573 0.0204737 0.01824864
-0.007680059 -0.01593865 0.2033805 0.02662954 0.01394721
-0.007749853 0.02262311 -0.004147682 0.05624129 0.07413426
0.2978691 0.03017535 0.02020635 -0.01995357 -0.2881218
-0.09058663 0.1295985 0.01669752 -0.002382378 -0.002467551
-0.02379054 0.01373713 0.003288488 -0.01213265 0.03371214
-0.01322564 -0.008764105 0.02684869 -0.001583424 -0.009420433
0.005941489 -0.05170042 -0.01424072
0.1119641 0.003179172 0.01165735 0.02047375 0.01824872
-0.007680083 -0.01593864 0.2033798 0.02662954 0.01394717
-0.00774989 0.02262307 -0.004147828 0.05624118 0.07413431
0.2978693 0.0301753 0.02020642 -0.01995376 -0.288122
-0.09058669 0.1295984 0.01669751 -0.002382382 -0.002467526
-0.02379058 0.01373712 0.003288417 -0.01213264 0.03371217
-0.01322563 -0.00876416 0.02684877 -0.001583396 -0.009420406
0.005941622 -0.05170056 -0.01424071
1.998024 1.982556 1.9975 1.988321 1.997171
1.988811 0.1874772 1.988042 1.989319 1.995003
1.981946 1.982957 1.992775 1.991399 0.3135881
1.989628 1.992327 1.995615 0.5261246 1.985821
0.8051725 1.986509 1.996951 1.99861 1.999454
1.992847 1.98713 1.992573 1.991697 1.990864
1.988418 1.993131 1.99001 1.988892 1.991554
1.908935 1.977275
1.998024 1.982556 1.9975 1.988321 1.997171
1.988811 0.1874754 1.988042 1.989319 1.995003
1.981946 1.982957 1.992775 1.991399 0.313587
1.989628 1.992327 1.995615 0.526121 1.985821
0.8051606 1.986509 1.996951 1.99861 1.999454
1.992847 1.98713 1.992573 1.991697 1.990864
1.988418 1.993131 1.99001 1.988892 1.991554
1.908935 1.977275
