0.3259469
0.1119626 0.003179037 0.0116572 0.02047359 0.01824852
-0.007680237 -0.01593844 0.203381 0.02662926 0.01394738
-0.007749764 0.02262322 -0.00414775 0.05624126 0.07413415
0.2978687 0.03017564 0.02020637 -0.01995317 -0.288122
-0.0905865 0.129599 0.01669755 -0.002382484 -0.002467564
-0.02379033 0.01373715 0.003288437 -0.01213278 0.03371222
-0.01322577 -0.008763928 0.02684874 -0.001583674 -0.009420479
0.00594109 -0.05170034 -0.01424061
0.09331934 0.008794878 0.002153819 0.01564027 -0.005214367
0.003544122 -0.007353838 0.02381822 0.2336128 0.01853176
0.004169813 -0.006949329 -0.00137987 0.009208014 0.1482741
0.02597641 0.03347599 0.005431891 -0.006128554 -0.133367
-0.02244887 0.01541351 -0.007174594 -0.003299385 0.003265281
-0.02661751 0.001436994 0.0227832 -0.006698137 -0.000730603
0.004460429 0.0005793864 0.004403919 0.006227334 0.01266888
0.014241 -0.02753493 0.007994757
1.998024 1.982556 1.9975 1.988321 1.997171
1.988811 0.1874791 1.988042 1.989319 1.995003
1.981946 1.982957 1.992775 1.991399 0.3135791
1.989628 1.992327 1.995615 0.52614 1.985821
0.8051825 1.986509 1.996951 1.99861 1.999454
1.992847 1.98713 1.992573 1.991697 1.990864
1.988418 1.993131 1.99001 1.988892 1.991554
1.908935 1.977275
1.998024 1.184636 1.9975 1.988321 0.7186284
1.988811 1.997454 0.09541244 1.989319 1.995003
1.981946 1.982957 1.992775 0.7123097 1.995308
1.989628 1.992327 1.995615 1.041168 1.985821
1.977309 1.986509 1.996951 1.99861 1.999454
1.992847 1.98713 1.992573 1.991697 1.990864
1.988418 1.993131 1.99001 1.988892 0.5144377
1.081254 1.977275
0.07693718
0.2025513 -0.000208624 0.002108322 0.02060272 -0.002446378
-0.00159396 -0.04060367 0.1468662 0.01063193 0.01305774
-0.03312361 0.03306115 -0.01489145 0.07379223 0.08473139
0.3237853 0.01837825 0.01832859 -0.04501866 -0.2820077
-0.1016749 0.1303159 0.02212808 -0.004684349 0.002610586
-0.02008493 0.01921625 -0.01445437 -0.01864407 0.01366951
0.009783179 -0.00968518 0.03614871 0.002185599 0.00346399
-0.0006498101 -0.04135345 -0.04453351
0.09332107 0.008794189 0.002155073 0.01564013 -0.005214996
0.003544072 -0.007352913 0.02381881 0.2336081 0.01853095
0.004171611 -0.006949244 -0.001379814 0.00920951 0.1482762
0.0259781 0.0334752 0.005429954 -0.006130605 -0.1333643
-0.02244785 0.01541348 -0.007174544 -0.003299779 0.003263747
-0.02661786 0.001434387 0.02278475 -0.006699032 -0.0007298635
0.004462502 0.0005796219 0.004402715 0.006227185 0.01266838
0.01424234 -0.02753617 0.007993981
1.998024 1.982556 1.9975 1.988321 1.997171
1.988811 1.997454 1.988042 1.989319 1.995003
1.981946 1.982957 1.762158 1.991399 0.2614872
0.04338624 1.992327 1.995615 1.988922 1.985821
1.977309 1.986509 0.3905374 1.99861 1.999454
1.992847 1.98713 1.992573 1.991697 1.990864
1.988418 1.993131 1.99001 1.988892 0.3402598
1.908935 0.7420792
1.998024 1.185876 1.9975 1.988321 0.7183169
1.988811 1.997454 0.09541769 1.989319 1.995003
1.981946 1.982957 1.992775 0.7127454 1.995308
1.989628 1.992327 1.995615 1.040971 1.985821
1.977309 1.986509 1.996951 1.99861 1.999454
1.992847 1.98713 1.992573 1.991697 1.990864
1.988418 1.993131 1.99001 1.988892 0.5143224
1.080472 1.977275
0.3254376
0.1119633 0.003179112 0.01165721 0.02047366 0.01824855
-0.007679966 -0.01593852 0.2033806 0.02662982 0.01394723
-0.007749823 0.02262311 -0.00414767 0.05624138 0.07413437
0.2978685 0.03017519 0.02020618 -0.01995357 -0.288121
-0.09058663 0.1295984 0.01669767 -0.002382407 -0.002467639
-0.02379054 0.01373704 0.00328845 -0.01213271 0.03371193
-0.01322554 -0.008764171 0.02684872 -0.001583446 -0.009420458
0.005941437 -0.05170038 -0.01424075
0.09327955 0.008794657 0.002157276 0.01563943 -0.005212375
0.00354353 -0.007352647 0.02381308 0.2336051 0.01853471
0.004170202 -0.006940832 -0.001382419 0.009210437 0.1482851
0.02598201 0.0334702 0.005429307 -0.006132326 -0.1333549
-0.02244147 0.01541807 -0.007167426 -0.003300336 0.003265759
-0.02661806 0.001438221 0.02278905 -0.006704326 -0.0007221088
0.004466308 0.0005842189 0.004400902 0.006224929 0.01267418
0.01424577 -0.02753509 0.00800012
1.998024 1.982556 1.9975 1.988321 1.997171
1.988811 0.1874787 1.988042 1.989319 1.995003
1.981946 1.982957 1.992775 1.991399 0.3135876
1.989628 1.992327 1.995615 0.5261135 1.985821
0.8051766 1.986509 1.996951 1.99861 1.999454
1.992847 1.98713 1.992573 1.991697 1.990864
1.988418 1.993131 1.99001 1.988892 1.991554
1.908935 1.977275
1.998024 1.184146 1.9975 1.988321 0.718209
1.988811 1.997454 0.09537373 1.989319 1.995003
1.981946 1.982957 1.992775 0.7129551 1.995308
1.989628 1.992327 1.995615 1.038913 1.985821
1.977309 1.986509 1.996951 1.99861 1.999454
1.992847 1.98713 1.992573 1.991697 1.990864
1.988418 1.993131 1.99001 1.988892 0.5146798
1.077348 1.977275
0.1767378
0.1119616 0.003178862 0.01165713 0.02047355 0.0182484
-0.007680052 -0.0159385 0.203382 0.02662959 0.01394735
-0.007749731 0.02262321 -0.00414745 0.05624153 0.07413421
0.2978683 0.03017547 0.02020613 -0.01995306 -0.2881211
-0.09058647 0.1295988 0.01669764 -0.002382423 -0.002467657
-0.0237904 0.01373711 0.003288581 -0.01213275 0.03371202
-0.01322565 -0.008763958 0.02684856 -0.001583583 -0.009420509
0.005941061 -0.05170012 -0.0142407
0.09972095 0.01611356 -0.004314088 0.00909285 0.005985254
-0.004047995 0.002755469 0.01667414 0.2330096 0.02329884
0.009140846 -0.007159183 -0.0111142 0.001198606 0.1432988
0.02582243 0.02851011 0.0016738 -0.002594892 -0.1213038
-0.02470446 0.02537049 0.001624526 -0.002636392 0.003916509
-0.03405254 -0.001895286 0.01546285 -0.02064719 0.00186692
0.01048818 0.007030544 0.003743643 0.001051019 0.005455221
0.01045186 -0.01875082 0.01439209
1.998024 1.982556 1.9975 1.988321 1.997171
1.988811 0.1874822 1.988042 1.989319 1.995003
1.981946 1.982957 1.992775 1.991399 0.3135863
1.989628 1.992327 1.995615 0.5261305 1.985821
0.8051971 1.986509 1.996951 1.99861 1.999454
1.992847 1.98713 1.992573 1.991697 1.990864
1.988418 1.993131 1.99001 1.988892 1.991554
1.908935 1.977275
1.998024 1.982556 1.9975 1.988321 1.997171
1.988811 1.997454 1.988042 0.4448783 1.995003
0.3475144 1.982957 1.562341 0.8311811 1.995308
1.989628 1.992327 1.995615 1.988922 1.985419
1.977309 1.986509 1.996951 1.99861 1.999454
1.992847 1.98713 0.8359801 1.991697 1.990864
0.2027366 1.993131 0.05536635 1.988892 1.991554
1.908935 1.977275
0.32595
0.1119636 0.003179114 0.01165727 0.02047368 0.01824863
-0.007679994 -0.0159386 0.2033803 0.0266297 0.01394721
-0.007749859 0.02262309 -0.004147718 0.05624131 0.07413432
0.2978688 0.03017524 0.02020629 -0.01995364 -0.2881214
-0.09058664 0.1295985 0.0166976 -0.002382401 -0.00246758
-0.02379054 0.01373709 0.003288433 -0.01213267 0.03371203
-0.01322558 -0.008764182 0.02684876 -0.001583425 -0.00942044
0.005941521 -0.05170045 -0.01424074
0.09331594 0.008794962 0.002154233 0.01564021 -0.005213963
0.003544166 -0.007353003 0.02381796 0.233611 0.01853174
0.004169819 -0.006948058 -0.001380595 0.00920887 0.1482756
0.02597783 0.03347506 0.005430951 -0.006129969 -0.1333653
-0.02244757 0.01541317 -0.007173304 -0.003299712 0.003264013
-0.02661722 0.001436878 0.02278494 -0.006698142 -0.0007294117
0.004461184 0.0005793973 0.004403774 0.006226956 0.01266912
0.01424236 -0.02753626 0.007995335
1.998024 1.982556 1.9975 1.988321 1.997171
1.988811 0.1874771 1.988042 1.989319 1.995003
1.981946 1.982957 1.992775 1.991399 0.3135874
1.989628 1.992327 1.995615 0.5261176 1.985821
0.8051737 1.986509 1.996951 1.99861 1.999454
1.992847 1.98713 1.992573 1.991697 1.990864
1.988418 1.993131 1.99001 1.988892 1.991554
1.908935 1.977275
1.998024 1.185082 1.9975 1.988321 0.7186783
1.988811 1.997454 0.0954166 1.989319 1.995003
1.981946 1.982957 1.992775 0.7125696 1.995308
1.989628 1.992327 1.995615 1.040911 1.985821
1.977309 1.986509 1.996951 1.99861 1.999454
1.992847 1.98713 1.992573 1.991697 1.990864
1.988418 1.993131 1.99001 1.988892 0.5144545
1.080444 1.977275
0.3259185
0.1119634 0.003179299 0.01165704 0.02047352 0.01824842
-0.007679837 -0.01593822 0.2033805 0.02663022 0.01394731
-0.00774978 0.02262313 -0.004147773 0.05624145 0.07413451
0.2978672 0.03017498 0.02020596 -0.01995356 -0.28812
-0.09058661 0.1295985 0.01669796 -0.002382528 -0.002467759
-0.02379042 0.01373691 0.003288278 -0.01213286 0.03371158
-0.01322541 -0.008764308 0.02684894 -0.001583577 -0.009420512
0.005941297 -0.05170038 -0.01424078
0.09329179 0.0087977 0.002152414 0.01563589 -0.005212124
0.00353595 -0.007352277 0.02380604 0.2336197 0.01853648
0.004168578 -0.006936963 -0.001387392 0.009203779 0.1482748
0.02598008 0.03347407 0.00543171 -0.006127795 -0.1333599
-0.02244914 0.01542073 -0.007164329 -0.003302148 0.003263778
-0.02661899 0.001441364 0.02278733 -0.00670242 -0.0007222587
0.004465273 0.0005870119 0.0044055 0.006226385 0.01267623
0.01423794 -0.02753285 0.008003649
1.998024 1.982556 1.9975 1.988321 1.997171
1.988811 0.1874802 1.988042 1.989319 1.995003
1.981946 1.982957 1.992775 1.991399 0.3135817
1.989628 1.992327 1.995615 0.5260985 1.985821
0.8051877 1.986509 1.996951 1.99861 1.999454
1.992847 1.98713 1.992573 1.991697 1.990864
1.988418 1.993131 1.99001 1.988892 1.991554
1.908935 1.977275
1.998024 1.182308 1.9975 1.988321 0.7184074
1.988811 1.997454 0.0954264 1.989319 1.995003
1.981946 1.982957 1.992775 0.7105708 1.995308
1.989628 1.992327 1.995615 1.040497 1.985821
1.977309 1.986509 1.996951 1.99861 1.999454
1.992847 1.98713 1.992573 1.991697 1.990864
1.988418 1.993131 1.99001 1.988892 0.5150176
1.077615 1.977275
0.3259899
0.1119634 0.003179064 0.01165729 0.0204737 0.01824863
-0.007680005 -0.01593864 0.2033804 0.02662967 0.0139472
-0.007749855 0.02262309 -0.004147664 0.05624133 0.07413431
0.297869 0.03017526 0.02020629 -0.01995362 -0.2881215
-0.09058664 0.1295984 0.01669756 -0.002382371 -0.002467578
-0.02379057 0.0137371 0.003288487 -0.01213265 0.03371207
-0.01322559 -0.008764149 0.02684868 -0.001583394 -0.009420434
0.005941528 -0.05170042 -0.01424074
0.0933302 0.00879594 0.002154181 0.01563929 -0.005213343
0.003541042 -0.007351916 0.02381682 0.233611 0.01853149
0.004171624 -0.006946994 -0.001383212 0.009207103 0.1482732
0.0259786 0.03347659 0.005430031 -0.006132461 -0.1333664
-0.02244997 0.01541175 -0.007173715 -0.003300767 0.003260481
-0.02661768 0.00143514 0.02278726 -0.006694742 -0.0007283717
0.004462407 0.0005791064 0.004403199 0.006227936 0.01266775
0.0142405 -0.0275374 0.0079944
1.998024 1.982556 1.9975 1.988321 1.997171
1.988811 0.1874775 1.988042 1.989319 1.995003
1.981946 1.982957 1.992775 1.991399 0.3135893
1.989628 1.992327 1.995615 0.5261189 1.985821
0.8051723 1.986509 1.996951 1.99861 1.999454
1.992847 1.98713 1.992573 1.991697 1.990864
1.988418 1.993131 1.99001 1.988892 1.991554
1.908935 1.977275
1.998024 1.186251 1.9975 1.988321 0.7186897
1.988811 1.997454 0.09543073 1.989319 1.995003
1.981946 1.982957 1.992775 0.7123319 1.995308
1.989628 1.992327 1.995615 1.042099 1.985821
1.977309 1.986509 1.996951 1.99861 1.999454
1.992847 1.98713 1.992573 1.991697 1.990864
1.988418 1.993131 1.99001 1.988892 0.5143302
1.079453 1.977275
0.4816858
0.111964 0.003179125 0.01165735 0.02047376 0.01824872
-0.007680022 -0.0159387 0.2033799 0.02662962 0.01394715
-0.007749899 0.02262306 -0.004147751 0.05624123 0.07413432
0.2978694 0.03017523 0.02020638 -0.01995379 -0.2881218
-0.0905867 0.1295983 0.01669751 -0.002382354 -0.002467535
-0.02379062 0.01373712 0.003288457 -0.01213261 0.03371213
-0.0132256 -0.008764189 0.02684873 -0.001583341 -0.009420405
0.005941675 -0.05170053 -0.01424074
0.06923547 0.006328509 0.00217244 0.01498718 -0.004462061
0.005682518 -0.004063095 0.05194012 0.2328317 0.01805523
0.005433683 -0.003943621 0.003402601 0.009498064 0.1489526
0.02069681 0.03224687 0.004942559 0.0003955017 -0.1344071
-0.02167685 0.0174553 -0.005640008 -0.0009029061 0.001923037
-0.03057353 0.003146627 0.02455922 -0.008100294 0.004205395
0.001894211 0.002286134 -0.0003202162 0.009567244 0.01086037
0.01191646 -0.02281367 0.01139912
1.998024 1.982556 1.9975 1.988321 1.997171
1.988811 0.1874756 1.988042 1.989319 1.995003
1.981946 1.982957 1.992775 1.991399 0.3135898
1.989628 1.992327 1.995615 0.5261179 1.985821
0.8051629 1.986509 1.996951 1.99861 1.999454
1.992847 1.98713 1.992573 1.991697 1.990864
1.988418 1.993131 1.99001 1.988892 1.991554
1.908935 1.977275
1.998024 1.222573 1.9975 1.988321 0.6544007
1.988811 0.3576487 0.1966242 1.989319 1.995003
0.784148 1.982957 1.992775 1.991399 1.995308
1.989628 1.992327 1.995615 1.392861 1.88565
1.977309 1.986509 1.996951 1.99861 1.003841
1.992847 1.98713 1.992573 1.991697 1.990864
1.988418 1.993131 1.99001 1.988892 1.991554
1.908935 1.977275
0.3259967
0.1119632 0.003179057 0.01165726 0.02047369 0.0182486
-0.007680054 -0.0159386 0.2033806 0.0266296 0.01394723
-0.007749832 0.02262312 -0.004147673 0.05624132 0.07413429
0.2978689 0.03017533 0.02020629 -0.01995352 -0.2881216
-0.09058662 0.1295985 0.01669756 -0.002382388 -0.002467583
-0.02379053 0.0137371 0.003288487 -0.01213268 0.03371209
-0.01322562 -0.008764097 0.02684868 -0.001583446 -0.009420443
0.005941435 -0.05170039 -0.01424072
0.09331725 0.008795232 0.002154423 0.01563946 -0.005214626
0.003541355 -0.007351931 0.0238159 0.2336114 0.01853209
0.004171338 -0.00694688 -0.001381984 0.009207849 0.1482744
0.02597833 0.03347598 0.005430477 -0.006129692 -0.1333642
-0.02244925 0.01541513 -0.007172462 -0.003300094 0.003263179
-0.02661786 0.001435147 0.02278462 -0.006699042 -0.0007289064
0.004462251 0.0005809903 0.004404345 0.006227578 0.01266955
0.0142405 -0.02753574 0.007995904
1.998024 1.982556 1.9975 1.988321 1.997171
1.988811 0.187478 1.988042 1.989319 1.995003
1.981946 1.982957 1.992775 1.991399 0.3135876
1.989628 1.992327 1.995615 0.5261225 1.985821
0.8051735 1.986509 1.996951 1.99861 1.999454
1.992847 1.98713 1.992573 1.991697 1.990864
1.988418 1.993131 1.99001 1.988892 1.991554
1.908935 1.977275
1.998024 1.185495 1.9975 1.988321 0.7183478
1.988811 1.997454 0.0954223 1.989319 1.995003
1.981946 1.982957 1.992775 0.7121047 1.995308
1.989628 1.992327 1.995615 1.04108 1.985821
1.977309 1.986509 1.996951 1.99861 1.999454
1.992847 1.98713 1.992573 1.991697 1.990864
1.988418 1.993131 1.99001 1.988892 0.5145499
1.080216 1.977275
0.4387406
0.1119643 0.003179619 0.01165692 0.02047348 0.01824837
-0.007679767 -0.0159379 0.2033797 0.02663061 0.01394734
-0.007749761 0.02262312 -0.004148016 0.05624141 0.07413472
0.2978663 0.03017471 0.02020579 -0.01995375 -0.2881191
-0.09058667 0.1295982 0.01669823 -0.002382627 -0.002467869
-0.02379039 0.01373674 0.003288069 -0.01213301 0.03371127
-0.01322526 -0.008764461 0.02684918 -0.00158366 -0.009420532
0.005941287 -0.05170052 -0.0142408
0.09430383 0.0143727 -0.0006638256 0.007390233 0.002456979
-0.00372757 0.002771673 0.02242615 0.2342975 0.02907907
0.005965819 -0.01086443 -0.01208576 0.001912227 0.1453139
0.02264684 0.02837543 0.002741159 -0.003353416 -0.1269547
-0.02488805 0.02309232 0.0005119107 -0.001004547 0.002961418
-0.0301513 0.003051651 0.01953563 -0.01269175 0.004632211
0.009501646 0.006282946 0.002519871 -0.004528901 0.005037859
0.01283809 -0.02101613 0.01439665
1.998024 1.982556 1.9975 1.988321 1.997171
1.988811 0.1874802 1.988042 1.989319 1.995003
1.981946 1.982957 1.992775 1.991399 0.3135759
1.989628 1.992327 1.995615 0.5260791 1.985821
0.8051805 1.986509 1.996951 1.99861 1.999454
1.992847 1.98713 1.992573 1.991697 1.990864
1.988418 1.993131 1.99001 1.988892 1.991554
1.908935 1.977275
1.975915 1.982556 1.842512 1.988321 1.997171
0.4371081 0.01944259 1.988042 1.989319 1.995003
1.981946 1.982957 1.992775 1.991399 1.995308
1.516994 1.992327 1.995615 1.988922 1.985821
1.977309 1.986509 1.996951 1.99861 1.999454
1.992847 0.5934838 1.992573 1.991697 1.990864
1.988418 1.993131 1.99001 1.988892 1.991554
1.908935 0.3130567
0.3259982
0.1119616 0.003178806 0.01165729 0.0204738 0.01824852
-0.007680863 -0.01593852 0.2033818 0.02662814 0.01394747
-0.007749661 0.02262335 -0.00414775 0.05624105 0.07413384
0.2978703 0.03017639 0.02020674 -0.01995261 -0.2881241
-0.09058642 0.1295991 0.0166971 -0.002382385 -0.00246744
-0.02379029 0.01373733 0.003288708 -0.01213276 0.03371296
-0.01322616 -0.008763308 0.02684831 -0.001583804 -0.009420432
0.005940699 -0.05170026 -0.01424036
0.09331727 0.008794954 0.002153805 0.01564038 -0.005214257
0.003543774 -0.007353056 0.02381796 0.2336125 0.01853194
0.004169997 -0.006948856 -0.001380336 0.009208262 0.1482743
0.02597692 0.03347593 0.005431586 -0.00612882 -0.1333666
-0.02244871 0.01541366 -0.007173919 -0.003299404 0.003264696
-0.02661732 0.001436741 0.02278355 -0.006698034 -0.0007302759
0.004460427 0.0005795285 0.004404335 0.006227309 0.012669
0.01424116 -0.02753551 0.007995107
1.998024 1.982556 1.9975 1.988321 1.997171
1.988811 0.1874803 1.988042 1.989319 1.995003
1.981946 1.982957 1.992775 1.991399 0.3135772
1.989628 1.992327 1.995615 0.5261846 1.985821
0.8051547 1.986509 1.996951 1.99861 1.999454
1.992847 1.98713 1.992573 1.991697 1.990864
1.988418 1.993131 1.99001 1.988892 1.991554
1.908935 1.977275
1.998024 1.184874 1.9975 1.988321 0.7186299
1.988811 1.997454 0.09541678 1.989319 1.995003
1.981946 1.982957 1.992775 0.7123384 1.995308
1.989628 1.992327 1.995615 1.041122 1.985821
1.977309 1.986509 1.996951 1.99861 1.999454
1.992847 1.98713 1.992573 1.991697 1.990864
1.988418 1.993131 1.99001 1.988892 0.5145104
1.081073 1.977275
0.3260529
0.1119628 0.003178529 0.01165769 0.02047359 0.01824899
-0.007679735 -0.0159395 0.2033809 0.02662927 0.01394703
-0.007750093 0.02262299 -0.004147303 0.05624136 0.07413388
0.2978706 0.03017554 0.02020673 -0.0199538 -0.2881232
-0.09058657 0.1295993 0.01669713 -0.002382278 -0.002467218
-0.02379058 0.0137375 0.003288611 -0.01213223 0.03371249
-0.01322579 -0.008764364 0.02684872 -0.001583131 -0.009420394
0.005942041 -0.05170038 -0.01424086
0.09329822 0.008794381 0.002153884 0.0156399 -0.005213766
0.003541999 -0.007351596 0.02381497 0.2336107 0.01853433
0.004171833 -0.006945684 -0.001381438 0.009208686 0.1482779
0.02597876 0.03347438 0.005430528 -0.006128846 -0.1333624
-0.02244737 0.01541758 -0.007170728 -0.003299788 0.003265303
-0.02661839 0.001436185 0.02278465 -0.006701191 -0.0007267105
0.004463473 0.0005833993 0.004403514 0.006226407 0.012672
0.01424082 -0.02753457 0.007997579
1.998024 1.982556 1.9975 1.988321 1.997171
1.988811 0.1874712 1.988042 1.989319 1.995003
1.981946 1.982957 1.992775 1.991399 0.3135987
1.989628 1.992327 1.995615 0.5261451 1.985821
0.8052147 1.986509 1.996951 1.99861 1.999454
1.992847 1.98713 1.992573 1.991697 1.990864
1.988418 1.993131 1.99001 1.988892 1.991554
1.908935 1.977275
1.998024 1.184426 1.9975 1.988321 0.7180751
1.988811 1.997454 0.09542119 1.989319 1.995003
1.981946 1.982957 1.992775 0.7122285 1.995308
1.989628 1.992327 1.995615 1.040663 1.985821
1.977309 1.986509 1.996951 1.99861 1.999454
1.992847 1.98713 1.992573 1.991697 1.990864
1.988418 1.993131 1.99001 1.988892 0.5148022
1.079767 1.977275
0.315733
0.2027338 0.005887832 0.01711163 0.01797375 0.006276101
-0.005626038 -0.03288679 0.1480538 0.02569551 0.002786665
-0.03314249 0.03305806 -0.008894939 0.06121454 0.0848234
0.3054091 0.01622046 0.01698054 -0.04292435 -0.2986396
-0.1055778 0.1364884 0.03175632 -0.008831107 0.01005036
-0.03397232 0.0216148 -0.007266951 -0.01446545 0.005486689
0.009560428 -0.01896666 0.02686319 0.01871877 -0.002876531
-0.01321257 -0.0251095 -0.03621478
0.09334611 0.008795406 0.002153059 0.01563768 -0.005215081
0.003542938 -0.007357767 0.02382202 0.2336011 0.01852887
0.004170016 -0.006951667 -0.001383014 0.009209442 0.1482736
0.02597804 0.03347846 0.005428739 -0.00613272 -0.1333657
-0.02245065 0.01541003 -0.007174179 -0.003300537 0.003263244
-0.0266189 0.001434127 0.02278798 -0.00669468 -0.0007309244
0.004461516 0.0005761606 0.004402359 0.006225153 0.01266698
0.01424243 -0.02753871 0.007995303
0.4660487 1.982556 1.9975 1.988321 1.997171
0.4700934 1.997454 1.988042 1.989319 1.995003
1.981946 1.982957 1.992775 1.991399 0.678604
1.989628 1.992327 1.995615 1.988922 1.985821
0.1731962 1.986509 1.996951 1.99861 1.999454
1.992847 1.98713 1.522464 1.991697 1.990864
0.4206611 0.2072115 1.99001 0.3168705 1.991554
1.908935 1.977275
1.998024 1.186579 1.9975 1.988321 0.7188537
1.988811 1.997454 0.09542243 1.989319 1.995003
1.981946 1.982957 1.992775 0.7127654 1.986916
1.989628 1.992327 1.995615 1.040997 1.985821
1.977309 1.986509 1.996951 1.99861 1.999454
1.992847 1.98713 1.992573 1.991697 1.990864
1.988418 1.993131 1.99001 1.988892 0.5140784
1.080512 1.977275
0.2976227
0.11196 0.003178473 0.01165715 0.02047285 0.01824845
-0.007678997 -0.01593892 0.2033832 0.0266306 0.01394734
-0.007749938 0.02262312 -0.004146942 0.05624207 0.07413404
0.2978662 0.03017508 0.02020588 -0.01995323 -0.2881193
-0.09058625 0.1296005 0.01669801 -0.002382637 -0.002467565
-0.02379008 0.01373726 0.003288317 -0.01213257 0.03371131
-0.01322543 -0.008764815 0.0268492 -0.001583525 -0.009420657
0.005941387 -0.05169985 -0.01424108
0.09065303 0.01612077 0.007510111 0.0120333 -0.00108819
-0.001795195 0.002035656 0.02060928 0.2283577 0.02389828
0.006975377 -0.004912655 -0.01083965 0.003731127 0.146658
0.01959046 0.0262083 0.006160628 -0.007532697 -0.1224205
-0.02488729 0.02367372 0.002140762 -0.0007265629 0.001263952
-0.03042561 0.002297043 0.02005913 -0.0168958 0.004352693
0.007718603 0.003747106 0.006885339 0.0003664816 0.007949908
0.01393912 -0.02628396 0.01299875
1.998024 1.982556 1.9975 1.988321 1.997171
1.988811 0.1874801 1.988042 1.989319 1.995003
1.981946 1.982957 1.992775 1.991399 0.3135875
1.989628 1.992327 1.995615 0.5261133 1.985821
0.8053188 1.986509 1.996951 1.99861 1.999454
1.992847 1.98713 1.992573 1.991697 1.990864
1.988418 1.993131 1.99001 1.988892 1.991554
1.908935 1.977275
1.998024 1.982556 1.9975 0.3373079 1.997171
1.988811 1.997454 1.988042 0.2262764 1.995003
0.1722805 0.3614787 0.1832079 1.991399 0.3410727
1.989628 1.992327 1.995615 1.988922 1.985821
1.977309 1.986509 1.996951 1.99861 1.999454
1.992847 1.98713 0.1676815 1.991697 1.990864
1.988418 1.993131 1.99001 1.988892 1.991554
1.908935 1.977275
0.3258015
0.1119641 0.003179147 0.01165734 0.02047371 0.01824872
-0.007679921 -0.0159387 0.2033798 0.02662977 0.01394714
-0.007749918 0.02262304 -0.004147749 0.05624127 0.07413435
0.2978691 0.03017515 0.02020634 -0.01995386 -0.2881215
-0.0905867 0.1295984 0.01669757 -0.002382379 -0.002467542
-0.02379061 0.0137371 0.003288406 -0.01213261 0.03371203
-0.01322555 -0.00876429 0.02684881 -0.001583334 -0.009420416
0.005941726 -0.05170054 -0.01424078
0.09330354 0.008796088 0.002154673 0.01563706 -0.005213516
0.003540957 -0.007353138 0.02381188 0.2336116 0.01853282
0.004168708 -0.006941 -0.001383964 0.009207895 0.1482781
0.02598098 0.03347245 0.005429655 -0.0061308 -0.1333586
-0.02244593 0.01541661 -0.007167575 -0.003301794 0.003262737
-0.02661819 0.00143882 0.02278851 -0.006702395 -0.000724654
0.004465493 0.000583217 0.004403448 0.006225928 0.01267306
0.01424296 -0.02753571 0.007999935
1.998024 1.982556 1.9975 1.988321 1.997171
1.988811 0.1874753 1.988042 1.989319 1.995003
1.981946 1.982957 1.992775 1.991399 0.3135895
1.989628 1.992327 1.995615 0.5261128 1.985821
0.8051703 1.986509 1.996951 1.99861 1.999454
1.992847 1.98713 1.992573 1.991697 1.990864
1.988418 1.993131 1.99001 1.988892 1.991554
1.908935 1.977275
1.998024 1.184194 1.9975 1.988321 0.71848
1.988811 1.997454 0.09542125 1.989319 1.995003
1.981946 1.982957 1.992775 0.7119788 1.995308
1.989628 1.992327 1.995615 1.039876 1.985821
1.977309 1.986509 1.996951 1.99861 1.999454
1.992847 1.98713 1.992573 1.991697 1.990864
1.988418 1.993131 1.99001 1.988892 0.5145243
1.077841 1.977275
0.4429963
0.1119611 0.003178395 0.01165752 0.02047374 0.01824872
-0.00768039 -0.01593919 0.2033823 0.02662844 0.01394725
-0.007749839 0.02262321 -0.004147277 0.0562413 0.07413373
0.2978711 0.03017617 0.02020677 -0.01995293 -0.288124
-0.09058643 0.1295993 0.01669694 -0.002382237 -0.002467305
-0.02379047 0.0137375 0.003288884 -0.01213242 0.03371292
-0.01322607 -0.008763634 0.02684822 -0.001583423 -0.009420409
0.005941256 -0.05170012 -0.01424059
0.07152374 0.007037445 0.0008733364 0.01458311 -0.00234237
0.006154639 -0.003205839 0.03515351 0.2349084 0.0196634
0.006066778 -0.007761402 0.002044976 0.009361607 0.1503522
0.0218332 0.02962171 0.005129632 -0.002979397 -0.1347972
-0.02167395 0.01585426 -0.007281737 -0.001417695 0.002357328
-0.02779582 0.002168869 0.02622525 -0.007700463 0.0001832279
0.006668844 0.00129074 0.001615174 0.01825557 0.01519734
0.01018121 -0.02473061 0.01117841
1.998024 1.982556 1.9975 1.988321 1.997171
1.988811 0.1874777 1.988042 1.989319 1.995003
1.981946 1.982957 1.992775 1.991399 0.3135934
1.989628 1.992327 1.995615 0.5261786 1.985821
0.805188 1.986509 1.996951 1.99861 1.999454
1.992847 1.98713 1.992573 1.991697 1.990864
1.988418 1.993131 1.99001 1.988892 1.991554
1.908935 1.977275
1.998024 1.982556 1.9975 1.988321 0.6601685
1.988811 0.6272976 0.1400854 1.989319 1.995003
1.981946 1.982957 1.992775 1.991399 1.995308
1.989628 1.992327 1.995615 1.275775 1.985821
1.977309 1.986509 1.996951 1.99861 1.999454
1.992847 1.98713 1.992573 1.991697 1.990864
1.988418 1.993131 0.3748133 1.988892 1.991554
1.908935 1.977275
0.1015139
0.1119651 0.003179378 0.01165735 0.02047407 0.01824872
-0.007680566 -0.01593845 0.203379 0.02662905 0.01394718
-0.007749809 0.02262311 -0.004148105 0.0562409 0.07413438
0.2978703 0.03017548 0.02020657 -0.01995372 -0.2881229
-0.0905868 0.1295977 0.01669733 -0.0023823 -0.002467549
-0.02379071 0.01373706 0.003288501 -0.01213272 0.0337125
-0.01322574 -0.008763793 0.02684853 -0.001583433 -0.009420336
0.005941499 -0.05170073 -0.01424053
0.1050191 0.01726489 0.005967663 0.007981126 -0.001403541
-0.002723238 -0.003124474 0.01961553 0.2265106 0.0242867
0.008136595 -0.009069958 -0.01263522 0.003057758 0.1494008
0.02394132 0.02998303 0.003740351 -0.004936431 -0.1262058
-0.02856141 0.02284265 -0.001081794 -0.001582815 0.003330491
-0.03598904 -0.005393152 0.02048717 -0.01518506 0.005261208
0.007311615 0.006287392 0.001937099 -0.003239352 0.006184034
0.01395258 -0.02068918 0.01497601
1.998024 1.982556 1.9975 1.988321 1.997171
1.988811 0.1874756 1.988042 1.989319 1.995003
1.981946 1.982957 1.992775 1.991399 0.3135853
1.989628 1.992327 1.995615 0.5261295 1.985821
0.8051051 1.986509 1.996951 1.99861 1.999454
1.992847 1.98713 1.992573 1.991697 1.990864
1.988418 1.993131 1.99001 1.988892 1.991554
1.908935 1.977275
1.998024 1.982556 1.9975 1.988321 1.997171
0.437788 0.09182256 1.988042 1.989319 1.995003
1.981946 1.982957 1.992775 1.991399 1.995308
1.989628 0.03643744 1.995615 1.988922 1.985821
0.2591349 1.986509 1.996951 1.99861 1.999454
0.6469738 1.98713 1.992573 1.991697 1.990864
1.988418 1.993131 1.99001 1.988892 1.681824
1.908935 1.977275
0.3260654
0.1119619 0.003179177 0.01165684 0.02047374 0.0182481
-0.007680327 -0.01593792 0.203382 0.02662981 0.01394744
-0.007749526 0.02262329 -0.004147614 0.05624154 0.07413455
0.2978676 0.03017528 0.02020578 -0.01995286 -0.2881199
-0.09058653 0.1295978 0.01669787 -0.002382402 -0.002467949
-0.0237905 0.0137368 0.003288636 -0.01213303 0.03371178
-0.01322551 -0.008763673 0.02684831 -0.001583703 -0.00942052
0.005940671 -0.05170007 -0.0142406
0.09334662 0.0087928 0.002150903 0.0156415 -0.005217845
0.00354547 -0.007359109 0.02382799 0.2336034 0.01852979
0.004172234 -0.006962379 -0.001377012 0.009209565 0.1482691
0.02597115 0.03348357 0.005432487 -0.006124772 -0.1333743
-0.02245542 0.01541269 -0.007180892 -0.003296481 0.003271481
-0.02661943 0.001431328 0.02277681 -0.006695108 -0.0007387518
0.00445519 0.0005754885 0.004404579 0.006226088 0.01266518
0.0142374 -0.02753412 0.007991791
1.998024 1.982556 1.9975 1.988321 1.997171
1.988811 0.1874881 1.988042 1.989319 1.995003
1.981946 1.982957 1.992775 1.991399 0.3135844
1.989628 1.992327 1.995615 0.5261122 1.985821
0.8051541 1.986509 1.996951 1.99861 1.999454
1.992847 1.98713 1.992573 1.991697 1.990864
1.988418 1.993131 1.99001 1.988892 1.991554
1.908935 1.977275
1.998024 1.185582 1.9975 1.988321 0.718308
1.988811 1.997454 0.09540633 1.989319 1.995003
1.981946 1.982957 1.992775 0.7124336 1.985137
1.989628 1.992327 1.995615 1.04162 1.985821
1.977309 1.986509 1.996951 1.99861 1.999454
1.992847 1.98713 1.992573 1.991697 1.990864
1.988418 1.993131 1.99001 1.988892 0.5144561
1.086214 1.977275
0.3258945
0.1119634 0.003179054 0.01165731 0.02047365 0.01824866
-0.007680061 -0.01593864 0.2033804 0.02662949 0.01394724
-0.007749863 0.02262312 -0.004147724 0.05624126 0.07413422
0.297869 0.03017541 0.02020639 -0.01995355 -0.2881219
-0.0905866 0.1295987 0.01669752 -0.002382418 -0.002467523
-0.02379048 0.01373716 0.003288435 -0.01213265 0.03371216
-0.01322567 -0.008764126 0.02684877 -0.001583474 -0.009420441
0.005941463 -0.05170044 -0.01424071
0.09336941 0.008795771 0.002156132 0.01564022 -0.005214981
0.003541852 -0.007352053 0.02382239 0.2336063 0.01852702
0.004173962 -0.006952857 -0.001382007 0.00920744 0.1482692
0.0259776 0.03347968 0.005428793 -0.006136045 -0.1333707
-0.02245281 0.0154057 -0.007180402 -0.003300567 0.00325675
-0.02661718 0.001429828 0.02278735 -0.006689256 -0.0007329154
0.004460971 0.0005736726 0.00440199 0.006230106 0.0126612
0.01424066 -0.0275401 0.007987871
1.998024 1.982556 1.9975 1.988321 1.997171
1.988811 0.1874766 1.988042 1.989319 1.995003
1.981946 1.982957 1.992775 1.991399 0.3135854
1.989628 1.992327 1.995615 0.5261281 1.985821
0.8051782 1.986509 1.996951 1.99861 1.999454
1.992847 1.98713 1.992573 1.991697 1.990864
1.988418 1.993131 1.99001 1.988892 1.991554
1.908935 1.977275
1.998024 1.189491 1.9975 1.988321 0.7188479
1.988811 1.997454 0.09542853 1.989319 1.995003
1.981946 1.982957 1.992775 0.7129937 1.995308
1.989628 1.992327 1.995615 1.043478 1.985821
1.977309 1.986509 1.996951 1.99861 1.999454
1.992847 1.98713 1.992573 1.991697 1.990864
1.988418 1.993131 1.99001 1.988892 0.5137016
1.080529 1.977275
0.3261346
0.1119628 0.00317898 0.01165723 0.02047407 0.01824846
-0.007680609 -0.0159385 0.2033812 0.026629 0.01394724
-0.007749668 0.0226232 -0.00414762 0.05624123 0.07413431
0.2978703 0.03017562 0.02020634 -0.01995314 -0.2881223
-0.09058666 0.1295976 0.01669728 -0.00238218 -0.002467665
-0.02379075 0.01373706 0.003288862 -0.01213272 0.03371251
-0.01322577 -0.008763489 0.02684802 -0.001583418 -0.00942038
0.00594113 -0.05170027 -0.01424053
0.09330623 0.008793663 0.002153188 0.01564199 -0.005214058
0.003546555 -0.007352893 0.02382022 0.2336114 0.01853276
0.004170065 -0.006950917 -0.001378012 0.009210125 0.1482766
0.02597623 0.03347509 0.005431945 -0.006127663 -0.1333673
-0.02244705 0.01541391 -0.007174517 -0.003298328 0.0032669
-0.02661704 0.001437151 0.02278216 -0.006698724 -0.0007308739
0.004459471 0.0005795044 0.004404135 0.00622647 0.01266941
0.01424227 -0.02753532 0.007994749
1.998024 1.982556 1.9975 1.988321 1.997171
1.988811 0.1874823 1.988042 1.989319 1.995003
1.981946 1.982957 1.992775 1.991399 0.313594
1.989628 1.992327 1.995615 0.526138 1.985821
0.8051182 1.986509 1.996951 1.99861 1.999454
1.992847 1.98713 1.992573 1.991697 1.990864
1.988418 1.993131 1.99001 1.988892 1.991554
1.908935 1.977275
1.998024 1.184377 1.9975 1.988321 0.7185628
1.988811 1.997454 0.09541783 1.989319 1.995003
1.981946 1.982957 1.992775 0.7128186 1.995308
1.989628 1.992327 1.995615 1.040847 1.985821
1.977309 1.986509 1.996951 1.99861 1.999454
1.992847 1.98713 1.992573 1.991697 1.990864
1.988418 1.993131 1.99001 1.988892 0.5146597
1.081838 1.977275
0.313253
0.1119658 0.003179348 0.01165752 0.02047369 0.01824899
-0.00767974 -0.01593886 0.2033782 0.02662991 0.01394702
-0.007750089 0.02262292 -0.004148002 0.05624107 0.07413437
0.2978693 0.03017497 0.02020654 -0.01995444 -0.288122
-0.09058682 0.1295985 0.01669756 -0.00238243 -0.002467405
-0.02379063 0.01373715 0.003288165 -0.0121325 0.03371201
-0.0132255 -0.00876464 0.0268492 -0.001583226 -0.009420372
0.005942204 -0.05170087 -0.01424085
0.08380457 0.008723564 0.001640165 0.01619253 -0.003818001
0.00263162 -0.004611225 0.02331395 0.2361053 0.02026757
0.003450428 -0.005666774 -0.003280712 0.009453144 0.1488205
0.02519484 0.03247532 0.004161562 -0.005440829 -0.132614
-0.02202897 0.01601209 -0.003905891 -0.003141651 0.003267955
-0.02665942 0.001330126 0.02361446 -0.007430839 0.0009621106
0.004425599 0.002058311 0.005671304 0.005983384 0.01498711
0.01283433 -0.02736924 0.01096326
1.998024 1.982556 1.9975 1.988321 1.997171
1.988811 0.187469 1.988042 1.989319 1.995003
1.981946 1.982957 1.992775 1.991399 0.3135875
1.989628 1.992327 1.995615 0.5261038 1.985821
0.8051694 1.986509 1.996951 1.99861 1.999454
1.992847 1.98713 1.992573 1.991697 1.990864
1.988418 1.993131 1.99001 1.988892 1.991554
1.908935 1.977275
1.998024 0.8821943 1.9975 1.988321 0.7369236
1.988811 1.997454 0.09470838 1.989319 1.995003
1.006018 1.982957 1.992775 0.6099707 1.995308
1.989628 1.992327 1.995615 0.8856423 1.985821
1.977309 1.986509 1.996951 1.99861 1.999454
1.992847 1.98713 1.992573 1.991697 1.990864
1.988418 1.993131 1.99001 1.988892 1.908407
0.7731812 1.977275
0.3259982
0.1119636 0.003179122 0.01165729 0.02047363 0.01824865
-0.007679975 -0.0159386 0.2033802 0.02662968 0.01394722
-0.007749874 0.0226231 -0.004147752 0.05624128 0.07413429
0.2978687 0.03017528 0.02020632 -0.01995365 -0.2881215
-0.09058663 0.1295986 0.01669761 -0.002382437 -0.002467554
-0.02379049 0.01373711 0.003288381 -0.01213267 0.03371204
-0.0132256 -0.008764221 0.02684885 -0.001583459 -0.009420447
0.005941521 -0.05170047 -0.01424074
0.0933102 0.008792844 0.002152337 0.01564247 -0.0052142
0.003549484 -0.007356594 0.02382251 0.2336139 0.01853274
0.004168918 -0.006954516 -0.001374651 0.009209283 0.1482759
0.02597274 0.03347551 0.005434304 -0.006125036 -0.133371
-0.02244764 0.01541334 -0.007178254 -0.003297457 0.003271287
-0.02661768 0.001439229 0.02277909 -0.00669886 -0.0007330929
0.004458107 0.0005787387 0.004402555 0.006226314 0.0126691
0.01424126 -0.02753204 0.007992989
1.998024 1.982556 1.9975 1.988321 1.997171
1.988811 0.1874764 1.988042 1.989319 1.995003
1.981946 1.982957 1.992775 1.991399 0.3135853
1.989628 1.992327 1.995615 0.5261198 1.985821
0.8051797 1.986509 1.996951 1.99861 1.999454
1.992847 1.98713 1.992573 1.991697 1.990864
1.988418 1.993131 1.99001 1.988892 1.991554
1.908935 1.977275
1.998024 1.182634 1.9975 1.988321 0.7186116
1.988811 1.997454 0.09539786 1.989319 1.995003
1.981946 1.982957 1.992775 0.7127617 1.995308
1.989628 1.992327 1.995615 1.041151 1.985821
1.977309 1.986509 1.996951 1.99861 1.999454
1.992847 1.98713 1.992573 1.991697 1.990864
1.988418 1.993131 1.99001 1.988892 0.5144577
1.083467 1.977275
0.325985
0.1119639 0.003179163 0.01165731 0.02047367 0.01824869
-0.007679991 -0.01593862 0.2033799 0.02662966 0.0139472
-0.007749893 0.02262308 -0.004147803 0.05624123 0.0741343
0.2978689 0.03017526 0.02020637 -0.01995374 -0.2881217
-0.09058666 0.1295986 0.01669758 -0.002382426 -0.002467537
-0.02379052 0.01373711 0.003288367 -0.01213266 0.03371207
-0.0132256 -0.008764235 0.02684886 -0.001583432 -0.009420431
0.005941592 -0.05170053 -0.01424074
0.09331945 0.00879491 0.002154094 0.01564004 -0.00521438
0.003544029 -0.007353153 0.02381815 0.2336113 0.01853137
0.004169935 -0.006948585 -0.001380385 0.009208719 0.1482749
0.02597755 0.03347541 0.005430957 -0.00612965 -0.1333657
-0.02244817 0.01541313 -0.007173754 -0.003299761 0.003263935
-0.02661734 0.0014365 0.02278449 -0.006698203 -0.000730038
0.004461125 0.0005792758 0.004403927 0.006227138 0.01266882
0.01424198 -0.02753614 0.007994971
1.998024 1.982556 1.9975 1.988321 1.997171
1.988811 0.1874756 1.988042 1.989319 1.995003
1.981946 1.982957 1.992775 1.991399 0.3135855
1.989628 1.992327 1.995615 0.5261188 1.985821
0.8051735 1.986509 1.996951 1.99861 1.999454
1.992847 1.98713 1.992573 1.991697 1.990864
1.988418 1.993131 1.99001 1.988892 1.991554
1.908935 1.977275
1.998024 1.185171 1.9975 1.988321 0.7186361
1.988811 1.997454 0.09542048 1.989319 1.995003
1.981946 1.982957 1.992775 0.7124868 1.995308
1.989628 1.992327 1.995615 1.041008 1.985821
1.977309 1.986509 1.996951 1.99861 1.999454
1.992847 1.98713 1.992573 1.991697 1.990864
1.988418 1.993131 1.99001 1.988892 0.5144165
1.080681 1.977275
0.3260918
0.1119664 0.003179263 0.01165785 0.02047462 0.01824919
-0.007681518 -0.01593896 0.2033777 0.02662715 0.01394706
-0.007749893 0.02262312 -0.004148463 0.05624015 0.07413392
0.2978745 0.03017648 0.02020759 -0.01995374 -0.2881277
-0.09058692 0.1295975 0.01669636 -0.002382064 -0.002467118
-0.0237909 0.01373744 0.003288769 -0.01213246 0.03371393
-0.01322636 -0.008763114 0.02684811 -0.001583335 -0.009420126
0.005941693 -0.05170113 -0.01424019
0.09329375 0.008793344 0.002153128 0.01564196 -0.005216769
0.003548497 -0.00735463 0.02381956 0.2336157 0.01853204
0.004166234 -0.006951701 -0.001375343 0.009210859 0.1482756
0.02597443 0.03347453 0.005434035 -0.006121605 -0.1333657
-0.02244631 0.01541759 -0.007173087 -0.003297116 0.003271685
-0.02661626 0.001439541 0.02277651 -0.006705333 -0.0007344251
0.004456538 0.0005802739 0.004407864 0.006226161 0.0126715
0.01424293 -0.02753281 0.00799717
1.998024 1.982556 1.9975 1.988321 1.997171
1.988811 0.1874679 1.988042 1.989319 1.995003
1.981946 1.982957 1.992775 1.991399 0.313586
1.989628 1.992327 1.995615 0.526193 1.985821
0.805026 1.986509 1.996951 1.99861 1.999454
1.992847 1.98713 1.992573 1.991697 1.990864
1.988418 1.993131 1.99001 1.988892 1.991554
1.908935 1.977275
1.998024 1.182616 1.9975 1.988321 0.718546
1.988811 1.997454 0.0954007 1.989319 1.995003
1.981946 1.982957 1.992775 0.7122318 1.995308
1.989628 1.992327 1.995615 1.038854 1.985821
1.977309 1.986509 1.996951 1.99861 1.999454
1.992847 1.98713 1.992573 1.991697 1.990864
1.988418 1.993131 1.99001 1.988892 0.5148826
1.084141 1.977275
0.326025
0.1119635 0.003179051 0.0116573 0.02047366 0.01824865
-0.007679912 -0.01593869 0.2033804 0.02662977 0.01394718
-0.007749882 0.02262307 -0.004147638 0.05624136 0.07413431
0.2978689 0.0301752 0.02020627 -0.01995368 -0.2881214
-0.09058664 0.1295985 0.01669759 -0.002382381 -0.002467569
-0.02379057 0.01373711 0.003288461 -0.01213262 0.03371201
-0.01322556 -0.008764235 0.02684874 -0.001583369 -0.00942044
0.005941596 -0.05170042 -0.01424078
0.09332929 0.008794625 0.002154166 0.01564169 -0.005215942
0.003545636 -0.007353454 0.02382132 0.233613 0.01852982
0.004169356 -0.006953108 -0.001378143 0.009208914 0.1482714
0.02597499 0.03347767 0.00543244 -0.006127346 -0.1333696
-0.02244997 0.01541187 -0.007177043 -0.003298222 0.003265377
-0.02661632 0.001435482 0.02278031 -0.006697184 -0.0007347507
0.004457096 0.0005766601 0.00440599 0.006228291 0.01266637
0.01424129 -0.02753595 0.007992667
1.998024 1.982556 1.9975 1.988321 1.997171
1.988811 0.187477 1.988042 1.989319 1.995003
1.981946 1.982957 1.992775 1.991399 0.3135899
1.989628 1.992327 1.995615 0.5261158 1.985821
0.8051796 1.986509 1.996951 1.99861 1.999454
1.992847 1.98713 1.992573 1.991697 1.990864
1.988418 1.993131 1.99001 1.988892 1.991554
1.908935 1.977275
1.998024 1.18559 1.9975 1.988321 0.7188116
1.988811 1.997454 0.09541045 1.989319 1.995003
1.981946 1.982957 1.992775 0.7124735 1.995308
1.989628 1.992327 1.995615 1.041117 1.985821
1.977309 1.986509 1.996951 1.99861 1.999454
1.992847 1.98713 1.992573 1.991697 1.990864
1.988418 1.993131 1.99001 1.988892 0.5144003
1.083163 1.977275
0.3258235
0.1119631 0.003179285 0.0116571 0.02047352 0.01824848
-0.007680267 -0.01593815 0.2033804 0.02662938 0.01394746
-0.007749736 0.02262324 -0.004148001 0.05624117 0.07413424
0.2978679 0.03017559 0.02020632 -0.0199532 -0.2881217
-0.09058651 0.1295991 0.01669773 -0.002382608 -0.002467617
-0.02379021 0.01373706 0.003288233 -0.01213292 0.03371207
-0.01322573 -0.008763989 0.02684899 -0.001583835 -0.009420504
0.005940967 -0.05170047 -0.01424058
0.09334854 0.008800613 0.00215966 0.01563245 -0.005216355
0.003524223 -0.007343552 0.02380282 0.2336058 0.01852882
0.004176218 -0.006931986 -0.001397187 0.009204028 0.1482691
0.02598946 0.03347784 0.005422422 -0.006140307 -0.1333508
-0.02245383 0.01541714 -0.007162383 -0.003306033 0.003245287
-0.02661834 0.00142573 0.02279632 -0.0066985 -0.0007216364
0.004470876 0.0005840935 0.00440752 0.006231008 0.01266868
0.01423873 -0.0275435 0.008000285
1.998024 1.982556 1.9975 1.988321 1.997171
1.988811 0.1874789 1.988042 1.989319 1.995003
1.981946 1.982957 1.992775 1.991399 0.3135703
1.989628 1.992327 1.995615 0.526134 1.985821
0.8051807 1.986509 1.996951 1.99861 1.999454
1.992847 1.98713 1.992573 1.991697 1.990864
1.988418 1.993131 1.99001 1.988892 1.991554
1.908935 1.977275
1.998024 1.192163 1.9975 1.988321 0.7178966
1.988811 1.997454 0.09546506 1.989319 1.995003
1.981946 1.982957 1.992775 0.7106832 1.995308
1.989628 1.992327 1.995615 1.041196 1.985821
1.977309 1.986509 1.996951 1.99861 1.999454
1.992847 1.98713 1.992573 1.991697 1.990864
1.988418 1.993131 1.99001 1.988892 0.5144104
1.073686 1.977275
0.3257277
0.1119608 0.003178592 0.01165734 0.02047321 0.01824863
-0.007680057 -0.01593882 0.2033823 0.02662886 0.01394748
-0.007749853 0.02262327 -0.004147499 0.05624136 0.07413367
0.2978686 0.03017613 0.02020664 -0.01995282 -0.288123
-0.09058625 0.1296007 0.0166974 -0.002382617 -0.002467318
-0.02378997 0.01373747 0.00328838 -0.01213263 0.03371244
-0.01322602 -0.008764035 0.026849 -0.001583823 -0.009420547
0.005940977 -0.05170017 -0.01424064
0.09327775 0.00879679 0.00215413 0.01563789 -0.005207709
0.003540213 -0.007350855 0.02380944 0.233609 0.01853763
0.004169854 -0.0069352 -0.001387817 0.009207915 0.1482848
0.02598416 0.03346964 0.005428701 -0.006136099 -0.1333568
-0.02244198 0.01541557 -0.007163585 -0.003302551 0.003260752
-0.02661819 0.001441923 0.02279589 -0.006697828 -0.0007163313
0.004468319 0.0005851039 0.004400067 0.006224135 0.01267565
0.01424448 -0.02753755 0.008002616
1.998024 1.982556 1.9975 1.988321 1.997171
1.988811 0.1874768 1.988042 1.989319 1.995003
1.981946 1.982957 1.992775 1.991399 0.3135733
1.989628 1.992327 1.995615 0.5261742 1.985821
0.8052516 1.986509 1.996951 1.99861 1.999454
1.992847 1.98713 1.992573 1.991697 1.990864
1.988418 1.993131 1.99001 1.988892 1.991554
1.908935 1.977275
1.998024 1.18362 1.9975 1.988321 0.7188109
1.988811 1.997454 0.09541828 1.989319 1.995003
1.981946 1.982957 1.992775 0.7127053 1.995308
1.989628 1.992327 1.995615 1.040618 1.985821
1.977309 1.986509 1.996951 1.99861 1.999454
1.992847 1.98713 1.992573 1.991697 1.990864
1.988418 1.993131 1.99001 1.988892 0.5148322
1.074253 1.977275
0.3264122
0.1119616 0.003178847 0.01165714 0.02047371 0.01824838
-0.007680327 -0.01593847 0.2033821 0.02662923 0.01394737
-0.007749673 0.02262325 -0.004147486 0.05624143 0.07413418
0.297869 0.03017567 0.02020622 -0.01995291 -0.2881217
-0.09058648 0.1295986 0.01669749 -0.002382354 -0.002467657
-0.02379046 0.01373711 0.003288706 -0.01213277 0.03371226
-0.01322576 -0.008763694 0.02684833 -0.0015836 -0.009420478
0.005940932 -0.05170011 -0.0142406
0.09331387 0.008792333 0.002149063 0.01564214 -0.005216437
0.003549679 -0.007358168 0.0238227 0.233622 0.01853275
0.004167389 -0.006958015 -0.00137202 0.009207745 0.1482704
0.02596873 0.03347769 0.005436975 -0.006118084 -0.1333757
-0.02245148 0.01541592 -0.007179648 -0.003296653 0.003275064
-0.02661817 0.001440608 0.02277251 -0.00670126 -0.0007377989
0.004455176 0.0005796305 0.004405778 0.006226726 0.01266988
0.01423746 -0.02752871 0.007993142
1.998024 1.982556 1.9975 1.988321 1.997171
1.988811 0.1874832 1.988042 1.989319 1.995003
1.981946 1.982957 1.992775 1.991399 0.3135871
1.989628 1.992327 1.995615 0.5261412 1.985821
0.8051733 1.986509 1.996951 1.99861 1.999454
1.992847 1.98713 1.992573 1.991697 1.990864
1.988418 1.993131 1.99001 1.988892 1.991554
1.908935 1.977275
1.998024 1.180752 1.9975 1.988321 0.718442
1.988811 1.997454 0.09542315 1.989319 1.995003
1.981946 1.982957 1.992775 0.7116914 1.995308
1.989628 1.992327 1.995615 1.041319 1.985821
1.977309 1.986509 1.996951 1.99861 1.999454
1.992847 1.98713 1.992573 1.991697 1.990864
1.988418 1.993131 1.99001 1.988892 0.5146517
1.08644 1.977275
0.3124368
0.111963 0.003179238 0.01165699 0.0204735 0.01824835
-0.007679664 -0.01593823 0.2033809 0.02663056 0.01394728
-0.007749768 0.02262311 -0.0041476 0.05624163 0.07413461
0.2978669 0.03017477 0.02020576 -0.01995358 -0.2881191
-0.09058661 0.1295982 0.01669807 -0.00238249 -0.00246784
-0.0237905 0.01373685 0.003288344 -0.01213285 0.03371137
-0.01322528 -0.00876439 0.02684886 -0.001583492 -0.00942053
0.005941339 -0.05170026 -0.01424086
0.08383128 0.008745694 0.001649335 0.01619055 -0.003801503
0.002644055 -0.004578079 0.02332074 0.2361512 0.02026748
0.003432091 -0.005641407 -0.003307254 0.009446031 0.1487846
0.02518543 0.03246121 0.004131696 -0.005448515 -0.1325922
-0.02202134 0.01599382 -0.003870688 -0.003145815 0.003250128
-0.02665837 0.001309731 0.02363887 -0.007435266 0.0009774243
0.00440719 0.002068192 0.005689878 0.005989609 0.01500775
0.01276549 -0.02737395 0.01100638
1.998024 1.982556 1.9975 1.988321 1.997171
1.988811 0.187482 1.988042 1.989319 1.995003
1.981946 1.982957 1.992775 1.991399 0.3135869
1.989628 1.992327 1.995615 0.5260859 1.985821
0.8051955 1.986509 1.996951 1.99861 1.999454
1.992847 1.98713 1.992573 1.991697 1.990864
1.988418 1.993131 1.99001 1.988892 1.991554
1.908935 1.977275
1.994628 0.8810841 1.9975 1.988321 0.7412574
1.988811 1.997454 0.09461921 1.989319 1.995003
0.9955007 1.982957 1.992775 0.6084952 1.995308
1.989628 1.992327 1.995615 0.8851617 1.985821
1.977309 1.986509 1.996951 1.99861 1.999454
1.992847 1.98713 1.992573 1.991697 1.990864
1.988418 1.993131 1.99001 1.988892 1.991354
0.769124 1.977275
0.1291758
0.2107682 0.007694864 0.01038281 0.0223532 0.008920483
-0.003667144 -0.03608526 0.1447016 0.02067586 0.006088573
-0.0184735 0.02541209 -0.02122653 0.05839438 0.08421449
0.3061356 0.01438424 0.02201655 -0.06081008 -0.2997359
-0.100445 0.1374164 0.01362761 -0.007411171 0.002819952
-0.02283122 0.03860539 -0.006807946 -0.03091409 0.01350664
0.02002873 -0.02292643 0.03523653 0.00967009 0.00183018
-0.001078836 -0.04764002 -0.03912564
0.09332216 0.008794996 0.002153712 0.01563966 -0.005214466
0.003542432 -0.007353388 0.02381713 0.2336128 0.01853202
0.004171014 -0.006948679 -0.00138076 0.009207247 0.1482734
0.02597672 0.03347651 0.005431462 -0.006128878 -0.1333667
-0.02244999 0.01541424 -0.007174413 -0.003299834 0.00326448
-0.02661813 0.001435964 0.0227836 -0.00669805 -0.0007299513
0.004461558 0.0005803153 0.004403619 0.006227631 0.01266901
0.01423974 -0.02753465 0.00799477
0.05590055 1.982556 1.9975 1.949827 0.7738947
1.988811 1.997454 1.988042 1.989319 1.995003
1.981946 0.7264282 1.992775 1.991399 1.995308
1.989628 1.992327 1.995615 0.6027594 1.985821
1.977309 1.986509 0.5986298 1.99861 1.999454
0.4379778 1.98713 0.3934595 0.3307056 1.990864
1.988418 1.993131 1.99001 1.988892 1.991554
1.908935 1.977275
1.998024 1.184883 1.9975 1.988321 0.7184255
1.988811 1.997454 0.09541966 1.989319 1.995003
1.981946 1.982957 1.992775 0.7120774 1.995308
1.989628 1.992327 1.995615 1.04153 1.985821
1.977309 1.986509 1.996951 1.99861 1.999454
1.992847 1.98713 1.992573 1.991697 1.990864
1.988418 1.993131 1.99001 1.988892 0.5144398
1.08088 1.977275
0.3260419
0.1119611 0.00317922 0.01165664 0.0204734 0.01824793
-0.00767998 -0.01593768 0.2033825 0.02663039 0.01394757
-0.007749498 0.02262332 -0.004147552 0.05624178 0.07413461
0.2978656 0.03017506 0.02020548 -0.01995273 -0.2881184
-0.09058641 0.1295984 0.01669826 -0.002382592 -0.002468059
-0.02379025 0.01373671 0.003288422 -0.01213317 0.03371128
-0.01322536 -0.008763951 0.02684865 -0.001583882 -0.009420628
0.005940472 -0.05169994 -0.0142407
0.09333722 0.008795684 0.002155677 0.01563958 -0.005215634
0.003538509 -0.007349746 0.02381662 0.2336089 0.01853041
0.004174345 -0.006948173 -0.001383613 0.009207212 0.1482711
0.02597898 0.03347863 0.005429027 -0.006132121 -0.1333654
-0.02245223 0.01541354 -0.007174436 -0.003300337 0.003259292
-0.02661781 0.00143038 0.02278516 -0.006695991 -0.0007302354
0.004462259 0.0005795088 0.004404757 0.00622941 0.01266636
0.01423895 -0.02753773 0.007993303
1.998024 1.982556 1.9975 1.988321 1.997171
1.988811 0.1874903 1.988042 1.989319 1.995003
1.981946 1.982957 1.992775 1.991399 0.3135773
1.989628 1.992327 1.995615 0.5260979 1.985821
0.8052003 1.986509 1.996951 1.99861 1.999454
1.992847 1.98713 1.992573 1.991697 1.990864
1.988418 1.993131 1.99001 1.988892 1.991554
1.908935 1.977275
1.998024 1.188049 1.9975 1.988321 0.7181955
1.988811 1.997454 0.09543034 1.989319 1.995003
1.981946 1.982957 1.992775 0.7120876 1.995308
1.989628 1.992327 1.995615 1.042068 1.985821
1.977309 1.986509 1.996951 1.99861 1.999454
1.992847 1.98713 1.992573 1.991697 1.990864
1.988418 1.993131 1.99001 1.988892 0.5144071
1.080247 1.977275
0.3260166
0.1119649 0.00317937 0.01165747 0.02047295 0.01824905
-0.007679522 -0.01593867 0.2033784 0.02662966 0.01394737
-0.007750164 0.02262306 -0.004148304 0.05624097 0.07413391
0.2978672 0.0301755 0.02020681 -0.01995408 -0.2881226
-0.09058648 0.1296011 0.01669781 -0.002382947 -0.002467176
-0.02378981 0.01373739 0.003287534 -0.01213265 0.03371192
-0.01322575 -0.008765 0.02685025 -0.00158384 -0.009420532
0.00594178 -0.05170096 -0.01424081
0.0933177 0.008794329 0.002153369 0.0156406 -0.005214698
0.003545401 -0.007354292 0.02381924 0.233613 0.01853166
0.004169491 -0.006950536 -0.001378577 0.009208635 0.1482744
0.0259758 0.03347574 0.005432168 -0.006127571 -0.1333675
-0.02244854 0.01541359 -0.007175126 -0.003299051 0.003266366
-0.0266175 0.001437299 0.02278219 -0.006698814 -0.0007314555
0.004459991 0.0005792643 0.004403972 0.006227027 0.01266898
0.01424131 -0.02753458 0.007994472
1.998024 1.982556 1.9975 1.988321 1.997171
1.988811 0.1874645 1.988042 1.989319 1.995003
1.981946 1.982957 1.992775 1.991399 0.3135565
1.989628 1.992327 1.995615 0.5261356 1.985821
0.8052648 1.986509 1.996951 1.99861 1.999454
1.992847 1.98713 1.992573 1.991697 1.990864
1.988418 1.993131 1.99001 1.988892 1.991554
1.908935 1.977275
1.998024 1.184296 1.9975 1.988321 0.7185963
1.988811 1.997454 0.09541578 1.989319 1.995003
1.981946 1.982957 1.992775 0.7124089 1.995308
1.989628 1.992327 1.995615 1.041028 1.985821
1.977309 1.986509 1.996951 1.99861 1.999454
1.992847 1.98713 1.992573 1.991697 1.990864
1.988418 1.993131 1.99001 1.988892 0.5144444
1.081789 1.977275
0.3259476
0.1119635 0.003179073 0.01165731 0.02047371 0.01824865
-0.00768006 -0.01593864 0.2033803 0.02662955 0.01394721
-0.007749859 0.0226231 -0.004147711 0.05624127 0.07413428
0.2978691 0.03017533 0.02020635 -0.0199536 -0.2881218
-0.09058664 0.1295985 0.01669752 -0.002382381 -0.002467551
-0.02379055 0.01373712 0.003288472 -0.01213265 0.03371214
-0.01322563 -0.008764119 0.02684871 -0.001583421 -0.009420429
0.005941512 -0.05170045 -0.01424072
0.09332636 0.008796288 0.002155159 0.01563974 -0.005214994
0.003541636 -0.007351279 0.02381681 0.2336119 0.0185302
0.004169569 -0.006947061 -0.001382822 0.009208173 0.1482722
0.02597876 0.03347665 0.005430397 -0.006130631 -0.1333649
-0.02244932 0.01541261 -0.00717241 -0.00330002 0.003260955
-0.02661626 0.001435231 0.02278504 -0.006697222 -0.0007306674
0.004459929 0.000578211 0.004406411 0.006228274 0.0126677
0.01424193 -0.02753818 0.007995532
1.998024 1.982556 1.9975 1.988321 1.997171
1.988811 0.1874769 1.988042 1.989319 1.995003
1.981946 1.982957 1.992775 1.991399 0.3135878
1.989628 1.992327 1.995615 0.5261233 1.985821
0.8051704 1.986509 1.996951 1.99861 1.999454
1.992847 1.98713 1.992573 1.991697 1.990864
1.988418 1.993131 1.99001 1.988892 1.991554
1.908935 1.977275
1.998024 1.186549 1.9975 1.988321 0.7188642
1.988811 1.997454 0.09542029 1.989319 1.995003
1.981946 1.982957 1.992775 0.7122205 1.995308
1.989628 1.992327 1.995615 1.040844 1.985821
1.977309 1.986509 1.996951 1.99861 1.999454
1.992847 1.98713 1.992573 1.991697 1.990864
1.988418 1.993131 1.99001 1.988892 0.5144721
1.080528 1.977275
0.481344
0.1119636 0.003179123 0.01165727 0.02047374 0.01824862
-0.007680072 -0.01593858 0.2033803 0.02662962 0.01394721
-0.00774984 0.0226231 -0.004147732 0.05624128 0.07413434
0.297869 0.03017527 0.0202063 -0.01995362 -0.2881216
-0.09058666 0.1295983 0.01669756 -0.002382375 -0.00246759
-0.02379058 0.01373708 0.003288473 -0.01213268 0.03371209
-0.0132256 -0.008764107 0.02684868 -0.00158342 -0.009420428
0.005941494 -0.05170045 -0.01424071
0.07221626 0.006880488 0.002372049 0.01537908 -0.004418781
0.004727586 -0.005441528 0.05332681 0.2298168 0.0172243
0.003780538 -0.003660175 0.003070078 0.01052854 0.1489753
0.02057379 0.03098384 0.004802112 -5.021727e-05 -0.1354811
-0.02152852 0.01625041 -0.006403483 -7.530695e-05 0.002566178
-0.03055893 0.002722381 0.02379119 -0.007593672 0.004572111
0.002303783 0.002225085 -0.0004962829 0.009222017 0.01119807
0.01296146 -0.02365277 0.0106647
1.998024 1.982556 1.9975 1.988321 1.997171
1.988811 0.1874775 1.988042 1.989319 1.995003
1.981946 1.982957 1.992775 1.991399 0.313588
1.989628 1.992327 1.995615 0.526119 1.985821
0.8051646 1.986509 1.996951 1.99861 1.999454
1.992847 1.98713 1.992573 1.991697 1.990864
1.988418 1.993131 1.99001 1.988892 1.991554
1.908935 1.977275
1.998024 1.01701 1.9975 1.988321 0.7400448
1.988811 0.3331608 0.1871685 1.989319 1.995003
0.7510401 1.982957 1.992775 1.991399 1.995308
1.989628 1.992327 1.962002 1.363254 1.290983
1.977309 1.986509 1.996951 1.99861 1.999454
1.992847 1.98713 1.992573 1.991697 1.990864
1.988418 1.993131 1.99001 1.988892 1.991554
1.908935 1.977275
0.3257762
0.1119647 0.003179235 0.01165742 0.02047376 0.01824882
-0.007680131 -0.01593869 0.2033792 0.02662938 0.01394717
-0.007749937 0.02262306 -0.004147965 0.05624105 0.07413425
0.2978696 0.03017538 0.02020657 -0.01995387 -0.2881225
-0.09058671 0.1295985 0.01669744 -0.002382413 -0.002467446
-0.02379055 0.01373717 0.003288332 -0.01213261 0.03371229
-0.01322569 -0.008764196 0.0268489 -0.001583416 -0.009420387
0.005941708 -0.0517007 -0.01424069
0.09334815 0.008797227 0.002156116 0.01563709 -0.005214601
0.003536899 -0.00735142 0.02381547 0.233605 0.01852919
0.004173051 -0.006944966 -0.001387259 0.009206867 0.1482718
0.02598153 0.03347806 0.005427162 -0.006136267 -0.1333625
-0.0224516 0.01541115 -0.007172043 -0.003302212 0.003256043
-0.02661815 0.001431166 0.0227908 -0.006694057 -0.0007275328
0.004464486 0.0005783885 0.004403379 0.006228402 0.01266636
0.01424077 -0.02754019 0.00799497
1.998024 1.982556 1.9975 1.988321 1.997171
1.988811 0.1874729 1.988042 1.989319 1.995003
1.981946 1.982957 1.992775 1.991399 0.3135839
1.989628 1.992327 1.995615 0.5261265 1.985821
0.8051575 1.986509 1.996951 1.99861 1.999454
1.992847 1.98713 1.992573 1.991697 1.990864
1.988418 1.993131 1.99001 1.988892 1.991554
1.908935 1.977275
1.998024 1.188758 1.9975 1.988321 0.7185939
1.988811 1.997454 0.0954314 1.989319 1.995003
1.981946 1.982957 1.992775 0.7122104 1.992677
1.989628 1.992327 1.995615 1.041874 1.985821
1.977309 1.986509 1.996951 1.99861 1.999454
1.992847 1.98713 1.992573 1.991697 1.990864
1.988418 1.993131 1.99001 1.988892 0.51412
1.078034 1.977275
0.3260837
0.1119649 0.003179483 0.01165715 0.02047364 0.01824859
-0.007679771 -0.01593831 0.2033792 0.02663037 0.01394718
-0.007749877 0.02262303 -0.004147942 0.05624131 0.07413463
0.2978677 0.03017475 0.02020604 -0.01995404 -0.2881201
-0.09058676 0.129598 0.01669794 -0.002382484 -0.002467718
-0.02379058 0.01373688 0.003288198 -0.01213279 0.03371156
-0.01322532 -0.008764484 0.02684904 -0.001583414 -0.009420454
0.005941685 -0.05170062 -0.01424083
0.09329705 0.008793569 0.002152739 0.01564069 -0.005212934
0.00354529 -0.007353522 0.02381755 0.2336112 0.0185346
0.004170818 -0.006948021 -0.001379034 0.009209295 0.1482791
0.02597714 0.03347365 0.005431551 -0.006128185 -0.133365
-0.0224463 0.01541593 -0.007172701 -0.00329929 0.003267476
-0.02661844 0.001438255 0.02278413 -0.006700195 -0.0007273877
0.004462706 0.0005823655 0.004402031 0.006225576 0.01267184
0.01424161 -0.02753377 0.007996437
1.998024 1.982556 1.9975 1.988321 1.997171
1.988811 0.1874766 1.988042 1.989319 1.995003
1.981946 1.982957 1.992775 1.991399 0.3135846
1.989628 1.992327 1.995615 0.5260853 1.985821
0.805167 1.986509 1.996951 1.99861 1.999454
1.992847 1.98713 1.992573 1.991697 1.990864
1.988418 1.993131 1.99001 1.988892 1.991554
1.908935 1.977275
1.998024 1.183343 1.9975 1.988321 0.7182668
1.988811 1.997454 0.09542021 1.989319 1.995003
1.981946 1.982957 1.992775 0.7126214 1.995308
1.989628 1.992327 1.995615 1.040914 1.985821
1.977309 1.986509 1.996951 1.99861 1.999454
1.992847 1.98713 1.992573 1.991697 1.990864
1.988418 1.993131 1.99001 1.988892 0.5146905
1.080345 1.977275
0.4813958
0.1119636 0.003178982 0.0116574 0.02047378 0.01824873
-0.007680096 -0.01593882 0.2033803 0.02662938 0.01394715
-0.007749895 0.02262308 -0.004147659 0.05624124 0.07413421
0.2978698 0.03017541 0.02020647 -0.01995365 -0.2881223
-0.09058666 0.1295984 0.01669738 -0.002382317 -0.002467483
-0.02379062 0.0137372 0.00328855 -0.01213256 0.0337123
-0.01322569 -0.008764082 0.02684861 -0.001583334 -0.009420398
0.005941629 -0.05170046 -0.01424071
0.07216847 0.006873033 0.002393345 0.01537681 -0.004418886
0.004721512 -0.005433728 0.05333559 0.2298724 0.01722506
0.003774932 -0.003659818 0.0030689 0.01052431 0.1489968
0.02058861 0.03097466 0.004804774 -2.617257e-05 -0.1354874
-0.02153508 0.01624387 -0.006399244 -7.921254e-05 0.002553963
-0.03056394 0.002728979 0.0237878 -0.007607798 0.004577661
0.002313075 0.002230306 -0.0004935573 0.009221842 0.01119885
0.01295373 -0.02365492 0.01067097
1.998024 1.982556 1.9975 1.988321 1.997171
1.988811 0.1874758 1.988042 1.989319 1.995003
1.981946 1.982957 1.992775 1.991399 0.3135913
1.989628 1.992327 1.995615 0.5261294 1.985821
0.8051653 1.986509 1.996951 1.99861 1.999454
1.992847 1.98713 1.992573 1.991697 1.990864
1.988418 1.993131 1.99001 1.988892 1.991554
1.908935 1.977275
1.998024 1.014456 1.9975 1.988321 0.7394892
1.988811 0.3332485 0.1874324 1.989319 1.995003
0.7517303 1.982957 1.992775 1.991399 1.995308
1.989628 1.992327 1.942798 1.36097 1.299161
1.977309 1.986509 1.996951 1.99861 1.999454
1.992847 1.98713 1.992573 1.991697 1.990864
1.988418 1.993131 1.99001 1.988892 1.991554
1.908935 1.977275
0.3259179
0.1119634 0.00317864 0.01165772 0.02047366 0.01824905
-0.007679804 -0.01593947 0.2033803 0.02662921 0.01394701
-0.00775011 0.02262298 -0.004147435 0.05624125 0.07413392
0.2978708 0.03017552 0.0202068 -0.01995393 -0.2881234
-0.09058663 0.1295992 0.0166971 -0.002382273 -0.002467203
-0.02379062 0.01373749 0.003288569 -0.01213223 0.03371254
-0.0132258 -0.008764363 0.02684875 -0.001583117 -0.009420368
0.005942118 -0.0517005 -0.01424084
0.09331535 0.008794982 0.002153902 0.0156403 -0.00521394
0.003543851 -0.007353575 0.02381763 0.2336127 0.01853231
0.004169867 -0.006948509 -0.001380318 0.009207966 0.1482748
0.02597676 0.0334757 0.005431863 -0.006128805 -0.1333664
-0.02244847 0.01541388 -0.007173926 -0.003299413 0.003265312
-0.02661751 0.001437299 0.02278368 -0.006698205 -0.0007297561
0.004460697 0.0005798356 0.004403796 0.006227185 0.01266938
0.01424108 -0.02753491 0.007995313
1.998024 1.982556 1.9975 1.988321 1.997171
1.988811 0.18747 1.988042 1.989319 1.995003
1.981946 1.982957 1.992775 1.991399 0.3135977
1.989628 1.992327 1.995615 0.5261436 1.985821
0.8052006 1.986509 1.996951 1.99861 1.999454
1.992847 1.98713 1.992573 1.991697 1.990864
1.988418 1.993131 1.99001 1.988892 1.991554
1.908935 1.977275
1.998024 1.184515 1.9975 1.988321 0.7186279
1.988811 1.997454 0.09540954 1.989319 1.995003
1.981946 1.982957 1.992775 0.7123148 1.995308
1.989628 1.992327 1.995615 1.041104 1.985821
1.977309 1.986509 1.996951 1.99861 1.999454
1.992847 1.98713 1.992573 1.991697 1.990864
1.988418 1.993131 1.99001 1.988892 0.5144973
1.080937 1.977275
0.433912
0.111965 0.003179131 0.01165776 0.02047309 0.01824931
-0.007679701 -0.01593914 0.2033782 0.02662898 0.01394727
-0.007750266 0.02262302 -0.00414825 0.05624078 0.07413364
0.297869 0.03017587 0.02020724 -0.01995415 -0.2881245
-0.0905865 0.1296013 0.01669737 -0.002382828 -0.002466935
-0.0237899 0.01373763 0.003287685 -0.01213242 0.03371248
-0.01322599 -0.008764866 0.0268501 -0.001583698 -0.009420455
0.005942022 -0.05170104 -0.01424076
0.09471179 0.01431429 -0.000752643 0.00727041 0.002241034
-0.003809937 0.002724642 0.02269738 0.234244 0.02868479
0.006174502 -0.01071341 -0.01206031 0.001975864 0.1453224
0.02274914 0.0282482 0.002790699 -0.003164953 -0.1270606
-0.02515577 0.02324353 0.000382621 -0.001007112 0.002838346
-0.03027724 0.003002897 0.01961801 -0.0125666 0.004755904
0.00960752 0.006200461 0.002490523 -0.004549669 0.005032142
0.01266256 -0.02117058 0.01424675
1.998024 1.982556 1.9975 1.988321 1.997171
1.988811 0.1874604 1.988042 1.989319 1.995003
1.981946 1.982957 1.992775 1.991399 0.3135613
1.989628 1.992327 1.995615 0.5261622 1.985821
0.8052553 1.986509 1.996951 1.99861 1.999454
1.992847 1.98713 1.992573 1.991697 1.990864
1.988418 1.993131 1.99001 1.988892 1.991554
1.908935 1.977275
1.482124 1.982556 1.9975 1.988321 1.997171
0.4324676 0.01984587 1.988042 1.989319 1.995003
1.981946 1.982957 1.992775 1.991399 1.995308
1.651975 1.992327 1.995615 1.988922 1.985821
1.977309 1.986509 1.996951 1.99861 1.999454
1.992847 0.5791404 1.992573 1.991697 1.990864
1.988418 1.993131 1.99001 1.988892 1.991554
1.908935 0.3182846
0.3260936
0.111965 0.003179595 0.0116571 0.02047377 0.01824853
-0.00768016 -0.01593808 0.2033791 0.02662992 0.01394727
-0.007749777 0.02262311 -0.004148138 0.05624113 0.07413461
0.297868 0.03017503 0.02020614 -0.01995378 -0.2881208
-0.09058675 0.1295979 0.01669785 -0.002382492 -0.002467741
-0.02379054 0.01373685 0.003288226 -0.01213291 0.03371181
-0.01322546 -0.00876416 0.02684892 -0.001583574 -0.009420438
0.005941383 -0.05170067 -0.01424066
0.0933007 0.008793389 0.002151704 0.01564227 -0.005213873
0.003548889 -0.007355679 0.02382082 0.2336159 0.01853353
0.004167602 -0.006952499 -0.001375716 0.009209329 0.148276
0.02597343 0.03347495 0.005434512 -0.006124119 -0.1333699
-0.02244704 0.01541449 -0.007175617 -0.00329754 0.003271137
-0.02661712 0.00144075 0.02277921 -0.006699823 -0.0007323426
0.004457543 0.0005795524 0.004404318 0.006225937 0.01267056
0.01424156 -0.02753248 0.007995195
1.998024 1.982556 1.9975 1.988321 1.997171
1.988811 0.1874779 1.988042 1.989319 1.995003
1.981946 1.982957 1.992775 1.991399 0.3135788
1.989628 1.992327 1.995615 0.5260992 1.985821
0.8051396 1.986509 1.996951 1.99861 1.999454
1.992847 1.98713 1.992573 1.991697 1.990864
1.988418 1.993131 1.99001 1.988892 1.991554
1.908935 1.977275
1.998024 1.182153 1.9975 1.988321 0.7187535
1.988811 1.997454 0.09540515 1.989319 1.995003
1.981946 1.982957 1.992775 0.7125297 1.995308
1.989628 1.992327 1.995615 1.040656 1.985821
1.977309 1.986509 1.996951 1.99861 1.999454
1.992847 1.98713 1.992573 1.991697 1.990864
1.988418 1.993131 1.99001 1.988892 0.5146943
1.083236 1.977275
0.3261648
0.1119646 0.003179552 0.01165703 0.02047373 0.01824844
-0.007680004 -0.01593806 0.2033795 0.02663024 0.01394726
-0.007749759 0.0226231 -0.004147995 0.0562413 0.0741347
0.2978676 0.03017484 0.02020595 -0.01995378 -0.28812
-0.09058675 0.1295977 0.01669797 -0.002382476 -0.002467822
-0.02379058 0.01373679 0.003288267 -0.01213292 0.0337116
-0.01322535 -0.008764235 0.02684887 -0.001583525 -0.009420462
0.005941384 -0.05170056 -0.01424073
0.0933152 0.008793941 0.002153127 0.01564115 -0.005216495
0.003545868 -0.007353817 0.02381977 0.2336146 0.01853105
0.00416879 -0.006952141 -0.001377243 0.009209331 0.1482728
0.02597488 0.03347645 0.005432783 -0.006124624 -0.1333678
-0.02244919 0.01541517 -0.007175043 -0.003298187 0.003267765
-0.02661695 0.001436729 0.02277878 -0.006701145 -0.0007341816
0.004457969 0.0005792515 0.004406558 0.006227335 0.01266904
0.01424102 -0.02753419 0.007994782
1.998024 1.982556 1.9975 1.988321 1.997171
1.988811 0.1874798 1.988042 1.989319 1.995003
1.981946 1.982957 1.992775 1.991399 0.3135823
1.989628 1.992327 1.995615 0.526088 1.985821
0.8051487 1.986509 1.996951 1.99861 1.999454
1.992847 1.98713 1.992573 1.991697 1.990864
1.988418 1.993131 1.99001 1.988892 1.991554
1.908935 1.977275
1.998024 1.184229 1.9975 1.988321 0.7184932
1.988811 1.997454 0.09541938 1.989319 1.995003
1.981946 1.982957 1.992775 0.7121633 1.995308
1.989628 1.992327 1.995615 1.040388 1.985821
1.977309 1.986509 1.996951 1.99861 1.999454
1.992847 1.98713 1.992573 1.991697 1.990864
1.988418 1.993131 1.99001 1.988892 0.5146181
1.083345 1.977275
0.3863142
0.1119538 0.003177641 0.01165661 0.02047369 0.0182474
-0.007680624 -0.01593837 0.2033893 0.02662898 0.01394769
-0.007749118 0.02262363 -0.004146002 0.0562425 0.07413397
0.2978685 0.03017622 0.02020539 -0.01995075 -0.2881196
-0.09058596 0.1295983 0.01669742 -0.002382035 -0.00246811
-0.02379046 0.01373707 0.003289841 -0.01213293 0.03371227
-0.01322588 -0.008762551 0.02684668 -0.001583737 -0.009420653
0.005939408 -0.05169859 -0.0142405
0.1184608 0.014772 0.006057723 0.009330198 -0.0007363166
-0.004960695 -0.001552715 0.01774605 0.2299571 0.02141697
0.005927566 -0.002671571 -0.01709671 0.00156932 0.1495073
0.02306862 0.02655417 0.00318812 -0.006323475 -0.1227617
-0.02641943 0.02548748 0.0009857214 -0.001328859 -0.002579086
-0.03059661 0.0005723385 0.01706715 -0.02171522 1.145811e-06
0.01006439 0.002773974 0.007400733 -0.008075557 -0.002527933
0.0211092 -0.02932711 0.01231293
1.998024 1.982556 1.9975 1.988321 1.997171
1.988811 0.1875074 1.988042 1.989319 1.995003
1.981946 1.982957 1.992775 1.991399 0.3136089
1.989628 1.992327 1.995615 0.5261731 1.985821
0.8052131 1.986509 1.996951 1.99861 1.999454
1.992847 1.98713 1.992573 1.991697 1.990864
1.988418 1.993131 1.99001 1.988892 1.991554
1.908935 1.977275
1.998024 1.982556 1.9975 1.988321 1.997171
0.4199729 1.997454 1.988042 1.989319 1.995003
1.981946 1.982957 0.684106 0.1335585 1.995308
1.989628 1.992327 1.995615 0.811521 1.985821
1.977309 0.2047365 0.3894456 1.99861 1.999454
1.992847 1.98713 1.992573 1.991697 1.990864
1.988418 1.993131 1.182083 1.988892 0.4205721
1.908935 1.977275
0.2650287
0.2205229 0.004667867 0.009461389 0.02434742 0.004761638
-0.005796854 -0.03964141 0.1541376 0.02364061 0.007233365
-0.01889638 0.03214721 -0.01736525 0.06524363 0.07551153
0.3037077 0.008994455 0.01098236 -0.0533248 -0.3030667
-0.09451004 0.1355028 0.02504506 -0.01001834 -3.531573e-06
-0.02877852 0.0184283 -0.003677235 -0.01429495 0.01039209
0.01251315 -0.02959054 0.04087534 0.01306741 0.001070578
8.149357e-05 -0.03844591 -0.05175408
0.09329557 0.008794037 0.002153873 0.01564126 -0.005214859
0.003546473 -0.007353936 0.02381807 0.2336128 0.01853291
0.004167925 -0.006948931 -0.001378083 0.009210064 0.1482773
0.0259764 0.03347411 0.005432671 -0.00612561 -0.1333643
-0.02244591 0.0154165 -0.007172206 -0.003298209 0.003269006
-0.02661686 0.001438931 0.02278091 -0.006702718 -0.0007307144
0.004459213 0.0005807794 0.004405453 0.006226061 0.01267147
0.01424297 -0.02753393 0.00799732
1.998024 1.982556 1.9975 1.988321 1.997171
1.988811 1.997454 1.988042 1.989319 1.995003
1.981946 0.1162192 0.3432964 0.7545708 1.995308
1.989628 1.992327 1.995615 1.988922 1.985821
1.977309 1.986509 1.996951 1.99861 1.999454
1.992847 0.2902416 1.992573 1.991697 1.990864
1.988418 1.993131 1.99001 1.988892 0.1410101
1.201886 0.3463089
1.998024 1.183338 1.9975 1.988321 0.7185563
1.988811 1.997454 0.09539795 1.989319 1.995003
1.981946 1.982957 1.992775 0.7124406 1.995062
1.989628 1.992327 1.995615 1.039535 1.985821
1.977309 1.986509 1.996951 1.99861 1.999454
1.992847 1.98713 1.992573 1.991697 1.990864
1.988418 1.993131 1.99001 1.988892 0.5147792
1.082018 1.977275
0.325981
0.1119623 0.003179235 0.0116569 0.02047345 0.01824824
-0.007679997 -0.015938 0.2033814 0.02663005 0.01394746
-0.007749656 0.02262324 -0.004147722 0.05624152 0.07413445
0.2978668 0.0301752 0.02020586 -0.01995311 -0.2881198
-0.09058649 0.1295987 0.01669802 -0.002382579 -0.002467834
-0.02379028 0.01373688 0.003288328 -0.012133 0.0337116
-0.01322548 -0.008764082 0.02684884 -0.001583774 -0.009420561
0.005940867 -0.05170021 -0.0142407
0.09332219 0.008794308 0.00215823 0.01563934 -0.00521949
0.003543078 -0.007349942 0.02381795 0.2336037 0.01852694
0.004170683 -0.006947774 -0.001380399 0.009212943 0.148276
0.0259817 0.03347437 0.005426993 -0.006130414 -0.1333567
-0.02244635 0.01541561 -0.007170834 -0.0033 0.003260531
-0.02661622 0.001430165 0.02278379 -0.006705405 -0.0007325982
0.004462284 0.0005791424 0.004407429 0.006227773 0.0126679
0.0142461 -0.02753981 0.007995616
1.998024 1.982556 1.9975 1.988321 1.997171
1.988811 0.1874839 1.988042 1.989319 1.995003
1.981946 1.982957 1.992775 1.991399 0.3135769
1.989628 1.992327 1.995615 0.5261092 1.985821
0.8051946 1.986509 1.996951 1.99861 1.999454
1.992847 1.98713 1.992573 1.991697 1.990864
1.988418 1.993131 1.99001 1.988892 1.991554
1.908935 1.977275
1.998024 1.188546 1.9975 1.988321 0.718072
1.988811 1.997454 0.09542671 1.989319 1.995003
1.981946 1.982957 1.992775 0.7127973 1.995308
1.989628 1.992327 1.995615 1.038513 1.985821
1.977309 1.986509 1.996951 1.99861 1.999454
1.992847 1.98713 1.992573 1.991697 1.990864
1.988418 1.993131 1.99001 1.988892 0.514384
1.080721 1.977275
0.325965
0.1119615 0.003178138 0.01165799 0.02047366 0.01824922
-0.007680636 -0.01593981 0.2033815 0.02662718 0.01394724
-0.00775006 0.0226232 -0.00414748 0.05624084 0.0741331
0.2978732 0.03017702 0.02020767 -0.01995299 -0.2881276
-0.09058634 0.1296008 0.01669634 -0.002382303 -0.002466785
-0.02379023 0.013738 0.003288762 -0.01213213 0.03371383
-0.01322659 -0.008763602 0.02684854 -0.001583491 -0.00942034
0.005941511 -0.05170042 -0.01424046
0.09334657 0.008796694 0.002155982 0.01563814 -0.005221102
0.003540371 -0.007352869 0.02381632 0.233617 0.01852568
0.00416702 -0.006950068 -0.001380848 0.009207287 0.1482643
0.02597631 0.03347951 0.005431667 -0.006124291 -0.1333648
-0.02245353 0.01541548 -0.00717359 -0.00329953 0.003262538
-0.0266158 0.001433115 0.0227774 -0.006703438 -0.0007384906
0.004456585 0.0005773042 0.004412047 0.006230318 0.01266642
0.01424008 -0.02753628 0.007995309
1.998024 1.982556 1.9975 1.988321 1.997171
1.988811 0.1874676 1.988042 1.989319 1.995003
1.981946 1.982957 1.992775 1.991399 0.3135844
1.989628 1.992327 1.995615 0.5262359 1.985821
0.8052066 1.986509 1.996951 1.99861 1.999454
1.992847 1.98713 1.992573 1.991697 1.990864
1.988418 1.993131 1.99001 1.988892 1.991554
1.908935 1.977275
1.998024 1.186862 1.9975 1.988321 0.7186369
1.988811 1.997454 0.09541871 1.989319 1.995003
1.981946 1.982957 1.992775 0.7109517 1.995308
1.989628 1.992327 1.995615 1.039445 1.985821
1.977309 1.986509 1.996951 1.99861 1.999454
1.992847 1.98713 1.992573 1.991697 1.990864
1.988418 1.993131 1.99001 1.988892 0.5143565
1.083957 1.977275
0.3259145
0.111963 0.003178976 0.01165726 0.02047368 0.01824858
-0.007679966 -0.01593867 0.2033809 0.02662971 0.0139472
-0.007749838 0.0226231 -0.00414755 0.05624141 0.0741343
0.2978689 0.03017526 0.02020623 -0.01995352 -0.2881213
-0.09058661 0.1295984 0.01669757 -0.002382353 -0.0024676
-0.02379057 0.0137371 0.003288547 -0.01213264 0.03371203
-0.01322558 -0.008764129 0.02684861 -0.001583383 -0.009420447
0.00594148 -0.05170032 -0.01424076
0.09332077 0.008795723 0.002154448 0.01564005 -0.00521488
0.003543509 -0.007353025 0.0238175 0.2336134 0.0185308
0.004168493 -0.006948181 -0.001380987 0.009208194 0.1482729
0.02597726 0.0334761 0.005431668 -0.006128716 -0.1333659
-0.02244871 0.01541319 -0.007173175 -0.003299498 0.003263855
-0.02661652 0.001437118 0.02278343 -0.006698393 -0.000731214
0.004459341 0.0005785329 0.004405884 0.006227694 0.01266858
0.01424191 -0.02753635 0.007995659
1.998024 1.982556 1.9975 1.988321 1.997171
1.988811 0.1874787 1.988042 1.989319 1.995003
1.981946 1.982957 1.992775 1.991399 0.3135913
1.989628 1.992327 1.995615 0.5261191 1.985821
0.8051791 1.986509 1.996951 1.99861 1.999454
1.992847 1.98713 1.992573 1.991697 1.990864
1.988418 1.993131 1.99001 1.988892 1.991554
1.908935 1.977275
1.998024 1.185199 1.9975 1.988321 0.7188728
1.988811 1.997454 0.09541156 1.989319 1.995003
1.981946 1.982957 1.992775 0.7122023 1.995308
1.989628 1.992327 1.995615 1.040639 1.985821
1.977309 1.986509 1.996951 1.99861 1.999454
1.992847 1.98713 1.992573 1.991697 1.990864
1.988418 1.993131 1.99001 1.988892 0.51448
1.081239 1.977275
0.3260702
0.1119634 0.003179058 0.0116573 0.02047368 0.01824864
-0.007680032 -0.01593864 0.2033804 0.02662958 0.01394722
-0.007749858 0.0226231 -0.004147691 0.0562413 0.07413427
0.297869 0.03017533 0.02020634 -0.01995358 -0.2881217
-0.09058662 0.1295985 0.01669754 -0.002382393 -0.002467553
-0.02379053 0.01373713 0.003288463 -0.01213265 0.03371211
-0.01322563 -0.008764136 0.02684872 -0.001583432 -0.009420437
0.005941496 -0.05170043 -0.01424072
0.09330507 0.00879381 0.002152954 0.0156411 -0.005215213
0.003546001 -0.007354319 0.02381871 0.2336144 0.01853269
0.004168906 -0.006950679 -0.001377477 0.009209055 0.1482751
0.02597509 0.03347538 0.005433065 -0.006124905 -0.1333669
-0.02244801 0.01541609 -0.007174178 -0.003298282 0.003268995
-0.02661748 0.001438149 0.0227798 -0.00670154 -0.0007319125
0.004459164 0.0005806506 0.004405103 0.006226627 0.01267057
0.01424104 -0.0275331 0.007995809
1.998024 1.982556 1.9975 1.988321 1.997171
1.988811 0.1874771 1.988042 1.989319 1.995003
1.981946 1.982957 1.992775 1.991399 0.3135875
1.989628 1.992327 1.995615 0.5261233 1.985821
0.8051751 1.986509 1.996951 1.99861 1.999454
1.992847 1.98713 1.992573 1.991697 1.990864
1.988418 1.993131 1.99001 1.988892 1.991554
1.908935 1.977275
1.998024 1.18332 1.9975 1.988321 0.7184312
1.988811 1.997454 0.09541017 1.989319 1.995003
1.981946 1.982957 1.992775 0.7122126 1.995308
1.989628 1.992327 1.995615 1.040369 1.985821
1.977309 1.986509 1.996951 1.99861 1.999454
1.992847 1.98713 1.992573 1.991697 1.990864
1.988418 1.993131 1.99001 1.988892 0.5146888
1.082604 1.977275
0.3252071
0.1119632 0.003178995 0.01165733 0.02047369 0.01824866
-0.007680117 -0.01593869 0.2033806 0.02662938 0.01394723
-0.007749853 0.02262313 -0.00414768 0.05624126 0.07413419
0.2978693 0.03017548 0.02020642 -0.01995349 -0.2881221
-0.0905866 0.1295987 0.01669745 -0.002382384 -0.002467512
-0.0237905 0.01373718 0.0032885 -0.01213263 0.03371225
-0.01322571 -0.008764052 0.02684868 -0.001583456 -0.009420432
0.005941443 -0.05170041 -0.01424069
0.09338851 0.008792672 0.002139911 0.01563422 -0.005212672
0.003541733 -0.007381677 0.0238439 0.2335553 0.01853245
0.004175279 -0.006974275 -0.001389412 0.009212652 0.1482752
0.02597107 0.03349555 0.005426085 -0.006135114 -0.1333761
-0.02246297 0.01540656 -0.007177818 -0.003297048 0.00328115
-0.02662974 0.001428086 0.02279312 -0.006678061 -0.0007320464
0.004457947 0.0005699929 0.004392451 0.00621115 0.01266672
0.01423558 -0.02753916 0.008000757
1.998024 1.982556 1.9975 1.988321 1.997171
1.988811 0.1874769 1.988042 1.989319 1.995003
1.981946 1.982957 1.992775 1.991399 0.3135869
1.989628 1.992327 1.995615 0.5261325 1.985821
0.8051748 1.986509 1.996951 1.99861 1.999454
1.992847 1.98713 1.992573 1.991697 1.990864
1.988418 1.993131 1.99001 1.988892 1.991554
1.908935 1.977275
1.998024 1.18568 1.9975 1.988321 0.7188111
1.988811 1.997454 0.09538327 1.989319 1.995003
1.981946 1.982957 1.992775 0.7139439 1.942734
1.989628 1.992327 1.995615 1.042106 1.985821
1.977309 1.986509 1.996951 1.99861 1.999454
1.992847 1.98713 1.992573 1.991697 1.990864
1.988418 1.993131 1.99001 1.988892 0.514324
1.084552 1.977275
0.04598815
0.1119631 0.003179033 0.01165726 0.02047362 0.0182486
-0.007679984 -0.01593861 0.2033807 0.02662965 0.01394725
-0.007749845 0.02262312 -0.004147652 0.05624135 0.07413426
0.2978687 0.03017533 0.02020628 -0.01995351 -0.2881215
-0.09058659 0.1295987 0.0166976 -0.00238242 -0.002467572
-0.02379048 0.01373712 0.003288449 -0.01213267 0.03371204
-0.01322562 -0.008764157 0.02684875 -0.001583469 -0.009420459
0.005941431 -0.05170038 -0.01424074
0.09328151 0.01359354 0.006543391 0.009745874 -0.0009747241
0.002752071 -0.003028211 0.02062781 0.2288068 0.0234934
0.009371666 -0.006105705 -0.01010047 0.004035701 0.1493297
0.02385887 0.0245301 0.002783481 -0.004941854 -0.1196414
-0.02517893 0.02171061 0.00131188 -0.003582625 0.006282663
-0.03274669 -0.004479918 0.02069428 -0.01513396 0.004973604
0.004266852 0.008084315 0.001122022 -0.007493298 0.009787823
0.01238399 -0.01550359 0.01274156
1.998024 1.982556 1.9975 1.988321 1.997171
1.988811 0.1874778 1.988042 1.989319 1.995003
1.981946 1.982957 1.992775 1.991399 0.3135865
1.989628 1.992327 1.995615 0.5261227 1.985821
0.8051844 1.986509 1.996951 1.99861 1.999454
1.992847 1.98713 1.992573 1.991697 1.990864
1.988418 1.993131 1.99001 1.988892 1.991554
1.908935 1.977275
1.998024 1.982556 1.9975 1.988321 1.997171
1.988811 1.997454 1.988042 1.989319 1.995003
1.981946 1.982957 1.992775 1.991399 1.995308
0.6111572 1.992327 1.995615 1.836802 1.985821
1.977309 1.986509 1.996951 1.99861 0.02955986
1.992847 1.98713 1.992573 1.991697 0.7059713
1.988418 1.993131 1.99001 1.988892 0.1608285
0.2570311 1.977275
0.3260984
0.1119648 0.003179176 0.01165749 0.02047363 0.01824892
-0.007679862 -0.01593887 0.2033791 0.0266296 0.01394711
-0.007750033 0.022623 -0.004147896 0.05624111 0.07413421
0.2978694 0.03017525 0.02020659 -0.01995408 -0.2881224
-0.09058671 0.1295989 0.01669748 -0.002382448 -0.002467381
-0.02379052 0.01373723 0.003288244 -0.01213252 0.03371216
-0.01322563 -0.008764459 0.0268491 -0.001583343 -0.009420399
0.005941936 -0.05170072 -0.01424079
0.09331807 0.008793802 0.002153559 0.01564178 -0.005215197
0.003545867 -0.00735335 0.02382077 0.233612 0.01853153
0.004170494 -0.006952471 -0.001377709 0.009209332 0.1482741
0.02597529 0.03347658 0.005432197 -0.006127173 -0.1333686
-0.02244897 0.0154135 -0.007176306 -0.003298246 0.003266661
-0.02661718 0.001435754 0.02278076 -0.00669833 -0.0007328092
0.004458815 0.0005786701 0.004404542 0.006227418 0.012668
0.01424108 -0.02753491 0.007993371
1.998024 1.982556 1.9975 1.988321 1.997171
1.988811 0.1874707 1.988042 1.989319 1.995003
1.981946 1.982957 1.992775 1.991399 0.3135851
1.989628 1.992327 1.995615 0.5261212 1.985821
0.8051814 1.986509 1.996951 1.99861 1.999454
1.992847 1.98713 1.992573 1.991697 1.990864
1.988418 1.993131 1.99001 1.988892 1.991554
1.908935 1.977275
1.998024 1.184884 1.9975 1.988321 0.7185039
1.988811 1.997454 0.09541503 1.989319 1.995003
1.981946 1.982957 1.992775 0.7125849 1.995308
1.989628 1.992327 1.995615 1.04115 1.985821
1.977309 1.986509 1.996951 1.99861 1.999454
1.992847 1.98713 1.992573 1.991697 1.990864
1.988418 1.993131 1.99001 1.988892 0.5145229
1.082613 1.977275
