0.9945386
0.1119632 0.003179044 0.01165728 0.02047368 0.01824862
-0.007680053 -0.01593863 0.2033806 0.02662956 0.01394723
-0.007749844 0.02262312 -0.004147678 0.05624131 0.07413426
0.297869 0.03017536 0.02020633 -0.01995353 -0.2881217
-0.09058661 0.1295986 0.01669754 -0.002382392 -0.002467562
-0.02379052 0.01373713 0.003288479 -0.01213266 0.03371212
-0.01322564 -0.008764105 0.0268487 -0.001583448 -0.009420441
0.00594145 -0.0517004 -0.01424072
0.1223866 0.005110238 0.01330481 0.02493632 0.01590245
-0.008823562 -0.01705022 0.1827885 0.02768355 0.01273297
-0.01118268 0.02106439 -0.006926779 0.05438585 0.06512254
0.3029977 0.02942022 0.01890208 -0.01706493 -0.2861825
-0.08632867 0.1310837 0.01968535 -0.003293165 -0.003256775
-0.02355493 0.01035192 0.0002052519 -0.01493727 0.03632289
-0.01514008 -0.01040915 0.03019797 -0.001809141 -0.01081945
0.008657337 -0.06103076 -0.0169328
1.998024 1.982556 1.9975 1.988321 1.997171
1.988811 0.1874775 1.988042 1.989319 1.995003
1.981946 1.982957 1.992775 1.991399 0.3135873
1.989628 1.992327 1.995615 0.5261246 1.985821
0.8051753 1.986509 1.996951 1.99861 1.999454
1.992847 1.98713 1.992573 1.991697 1.990864
1.988418 1.993131 1.99001 1.988892 1.991554
1.908935 1.977275
1.998024 1.982556 1.9975 1.988321 1.997171
1.988811 0.1804005 1.988042 1.989319 1.995003
1.981946 1.982957 1.992775 1.991399 0.2968458
1.989628 1.992327 1.995615 0.554343 1.985821
0.7815591 1.986509 1.996951 1.99861 1.999454
1.992847 1.98713 1.992573 1.991697 1.990864
1.988418 1.878849 1.99001 1.988892 1.991554
1.908935 1.977275
