0.9944691
0.9945374
0.9944702
0.1389323
0.9944688
0.9944687
0.9944687
0.03578522
0.9944685
0.1328858
0.9944687
0.5868837
0.9944696
0.1311673
0.9944688
0.9944676
0.9944688
0.9944687
0.9944692
0.9944687
0.9943759
0.9943772
0.9943772
0.9943759
0.9943767
0.9943764
0.9943792
0.9943764
0.9943773
0.04266425
0.9943767
0.9943769
0.9943786
0.9943898
0.9943933
0.9943898
0.9943907
0.994389
0.08894187
0.9943901
0.4857438
0.9943907
0.9943874
0.9943906
0.994388
0.9943905
0.9943905
0.9943892
0.9943914
0.9943886
