0.9945076
0.1119574 0.003177814 0.01165723 0.02047274 0.01824838
-0.007678841 -0.01593941 0.2033855 0.02663041 0.01394734
-0.007749932 0.02262316 -0.004146283 0.05624243 0.07413374
0.2978668 0.03017534 0.02020586 -0.01995276 -0.2881194
-0.09058605 0.129601 0.01669779 -0.002382507 -0.002467491
-0.02379007 0.01373748 0.003288687 -0.01213236 0.03371148
-0.01322554 -0.008764687 0.0268488 -0.001583402 -0.009420694
0.005941284 -0.05169938 -0.01424115
0.1223886 0.005110169 0.01330509 0.02493521 0.01590261
-0.008821187 -0.01705077 0.1827862 0.02768591 0.01273256
-0.01118351 0.021064 -0.006926492 0.05438646 0.06512255
0.3029951 0.0294185 0.01890155 -0.01706651 -0.2861797
-0.08632886 0.1310862 0.01968597 -0.003293967 -0.00325635
-0.02355476 0.01035248 0.0002044123 -0.0149373 0.03632113
-0.01513915 -0.01041126 0.03019964 -0.001808609 -0.01081987
0.00865847 -0.06103055 -0.01693359
1.998024 1.982556 1.9975 1.988321 1.997171
1.988811 0.1874832 1.988042 1.989319 1.995003
1.981946 1.982957 1.992775 1.991399 0.3135994
1.989628 1.992327 1.995615 0.5261341 1.985821
0.8053619 1.986509 1.996951 1.99861 1.999454
1.992847 1.98713 1.992573 1.991697 1.990864
1.988418 1.993131 1.99001 1.988892 1.991554
1.908935 1.977275
1.998024 1.982556 1.9975 1.988321 1.997171
1.988811 0.1803879 1.988042 1.989319 1.995003
1.981946 1.982957 1.992775 1.991399 0.2968512
1.989628 1.992327 1.995615 0.5542525 1.985821
0.7817223 1.986509 1.996951 1.99861 1.999454
1.992847 1.98713 1.992573 1.991697 1.990864
1.988418 1.878482 1.99001 1.988892 1.991554
1.908935 1.977275
0.6227889
0.1900795 0.008640644 0.01730046 0.01939426 0.008142727
0.003541929 -0.01683773 0.1391408 0.01829669 0.003212896
-0.02572543 0.0354516 -0.01139783 0.06072192 0.07323205
0.3055764 0.01511118 0.01689275 -0.05101059 -0.2913842
-0.09575034 0.1393973 0.01391207 -0.00890575 0.01118838
-0.01763064 0.03130344 -0.007759275 -0.01691318 -0.001057143
0.004977059 -0.01621826 0.04316053 0.004192164 0.005773249
-0.005786024 -0.04393298 -0.0349425
0.1223954 0.005111802 0.01330569 0.02493165 0.01589282
-0.008818215 -0.01704552 0.1827923 0.02768005 0.01272923
-0.01118463 0.02106264 -0.006927192 0.05438626 0.06512162
0.3030114 0.02941638 0.01890438 -0.017067 -0.2861898
-0.08632999 0.1310959 0.0196834 -0.003298937 -0.003254267
-0.02355543 0.01035837 0.0002004422 -0.0149424 0.03631798
-0.01513592 -0.01041139 0.03019808 -0.001806065 -0.01082386
0.008651706 -0.06102491 -0.01693677
1.998024 0.08601033 1.9975 0.146797 1.997171
1.988811 1.997454 1.988042 1.989319 1.995003
1.981946 1.982957 0.2440095 1.991399 0.1431416
1.989628 1.992327 1.995615 1.988922 1.985821
1.977309 1.986509 1.996951 1.99861 1.999454
1.992847 1.98713 1.992573 1.991697 1.990864
1.988418 1.993131 1.99001 1.988892 1.991554
1.908935 1.977275
1.998024 1.982556 1.9975 1.988321 1.997171
1.988811 0.1804178 1.988042 1.989319 1.995003
1.981946 1.982957 1.992775 1.991399 0.29682
1.989628 1.992327 1.995615 0.5543148 1.985821
0.7816123 1.986509 1.996951 1.99861 1.999454
1.992847 1.98713 1.992573 1.991697 1.990864
1.988418 1.872464 1.99001 1.988892 1.991554
1.908935 1.977275
0.9945091
0.1119637 0.003179166 0.01165724 0.02047371 0.0182486
-0.007680033 -0.01593852 0.2033802 0.02662973 0.01394721
-0.007749835 0.0226231 -0.004147751 0.0562413 0.07413438
0.2978688 0.03017521 0.02020625 -0.01995364 -0.2881213
-0.09058666 0.1295983 0.01669763 -0.002382396 -0.002467617
-0.02379056 0.01373705 0.003288438 -0.0121327 0.033712
-0.01322556 -0.008764148 0.02684873 -0.001583434 -0.009420438
0.005941485 -0.05170046 -0.01424073
0.1223904 0.005111054 0.01330449 0.0249359 0.01590265
-0.008822422 -0.01704969 0.1827847 0.02768591 0.01273308
-0.01118296 0.02106411 -0.006927387 0.05438595 0.06512323
0.3029931 0.02941855 0.01890121 -0.01706627 -0.2861784
-0.08632898 0.1310834 0.0196864 -0.003293715 -0.003257063
-0.02355484 0.01035154 0.0002045753 -0.01493754 0.03632129
-0.0151392 -0.01041052 0.03019938 -0.001809129 -0.01081965
0.008658032 -0.06103112 -0.01693314
1.998024 1.982556 1.9975 1.988321 1.997171
1.988811 0.1874778 1.988042 1.989319 1.995003
1.981946 1.982957 1.992775 1.991399 0.3135872
1.989628 1.992327 1.995615 0.5261147 1.985821
0.8051665 1.986509 1.996951 1.99861 1.999454
1.992847 1.98713 1.992573 1.991697 1.990864
1.988418 1.993131 1.99001 1.988892 1.991554
1.908935 1.977275
1.998024 1.982556 1.9975 1.988321 1.997171
1.988811 0.1803951 1.988042 1.989319 1.995003
1.981946 1.982957 1.992775 1.991399 0.2968367
1.989628 1.992327 1.995615 0.5542315 1.985821
0.7815999 1.986509 1.996951 1.99861 1.999454
1.992847 1.98713 1.992573 1.991697 1.990864
1.988418 1.878813 1.99001 1.988892 1.991554
1.908935 1.977275
0.9945085
0.1119641 0.003179068 0.01165742 0.02047378 0.01824878
-0.007680007 -0.01593883 0.2033798 0.02662955 0.01394711
-0.007749935 0.02262304 -0.004147717 0.05624122 0.07413428
0.2978697 0.03017526 0.02020646 -0.01995385 -0.2881221
-0.09058671 0.1295983 0.01669743 -0.002382323 -0.002467484
-0.02379066 0.01373717 0.003288486 -0.01213254 0.03371221
-0.01322562 -0.008764207 0.02684871 -0.001583282 -0.009420389
0.005941778 -0.05170054 -0.01424075
0.12239 0.005110716 0.01330491 0.0249361 0.01590307
-0.00882281 -0.01705038 0.1827849 0.02768465 0.01273299
-0.01118304 0.02106418 -0.006927276 0.05438567 0.06512274
0.3029957 0.02941944 0.01890198 -0.01706615 -0.2861813
-0.08632888 0.131084 0.01968576 -0.003293442 -0.003256652
-0.02355476 0.01035187 0.0002046867 -0.01493725 0.03632226
-0.0151398 -0.01041019 0.03019918 -0.001809137 -0.01081944
0.008658188 -0.06103139 -0.01693299
1.998024 1.982556 1.9975 1.988321 1.997171
1.988811 0.1874746 1.988042 1.989319 1.995003
1.981946 1.982957 1.992775 1.991399 0.3135919
1.989628 1.992327 1.995615 0.5261209 1.985821
0.8051632 1.986509 1.996951 1.99861 1.999454
1.992847 1.98713 1.992573 1.991697 1.990864
1.988418 1.993131 1.99001 1.988892 1.991554
1.908935 1.977275
1.998024 1.982556 1.9975 1.988321 1.997171
1.988811 0.1803893 1.988042 1.989319 1.995003
1.981946 1.982957 1.992775 1.991399 0.2968371
1.989628 1.992327 1.995615 0.5542926 1.985821
0.7815923 1.986509 1.996951 1.99861 1.999454
1.992847 1.98713 1.992573 1.991697 1.990864
1.988418 1.878888 1.99001 1.988892 1.991554
1.908935 1.977275
0.9945115
0.1119663 0.003179601 0.01165738 0.02047347 0.01824893
-0.007679483 -0.01593858 0.2033777 0.02663044 0.01394709
-0.007750102 0.02262291 -0.004148177 0.05624112 0.07413452
0.2978678 0.03017468 0.02020634 -0.0199546 -0.2881208
-0.09058682 0.1295988 0.01669792 -0.002382608 -0.00246749
-0.02379048 0.01373703 0.003287868 -0.01213264 0.03371157
-0.01322533 -0.008764952 0.02684962 -0.001583358 -0.009420433
0.005942188 -0.05170096 -0.01424093
0.1224092 0.005114494 0.01330774 0.02492071 0.01586842
-0.008807021 -0.01703401 0.182809 0.02766861 0.01272022
-0.01118862 0.0210589 -0.006927207 0.05438746 0.06511865
0.3030491 0.02940934 0.0189106 -0.01706931 -0.2862114
-0.08633259 0.1311257 0.01967766 -0.003312314 -0.003248207
-0.02355669 0.01037428 0.0001898801 -0.01495477 0.03630781
-0.01512683 -0.01041456 0.03019604 -0.001798873 -0.01083451
0.008636151 -0.06100968 -0.01694592
1.998024 1.982556 1.9975 1.988321 1.997171
1.988811 0.1874686 1.988042 1.989319 1.995003
1.981946 1.982957 1.992775 1.991399 0.3135793
1.989628 1.992327 1.995615 0.5260843 1.985821
0.8051904 1.986509 1.996951 1.99861 1.999454
1.992847 1.98713 1.992573 1.991697 1.990864
1.988418 1.993131 1.99001 1.988892 1.991554
1.908935 1.977275
1.998024 1.982556 1.9975 1.988321 1.997171
1.988811 0.1804802 1.988042 1.989319 1.995003
1.981946 1.982957 1.992775 1.991399 0.2967653
1.989628 1.992327 1.995615 0.5543909 1.985821
0.7816864 1.986509 1.996951 1.99861 1.999454
1.992847 1.98713 1.992573 1.991697 1.990864
1.988418 1.857163 1.99001 1.988892 1.991554
1.908935 1.977275
0.9945078
0.1119634 0.003179009 0.01165736 0.0204739 0.01824867
-0.007680374 -0.01593869 0.2033804 0.02662908 0.0139472
-0.007749814 0.02262313 -0.004147722 0.05624115 0.07413421
0.2978702 0.03017559 0.02020651 -0.01995345 -0.2881227
-0.09058666 0.1295982 0.01669729 -0.002382279 -0.002467515
-0.02379064 0.01373717 0.003288643 -0.01213262 0.03371249
-0.01322578 -0.008763815 0.02684842 -0.001583402 -0.009420382
0.005941423 -0.05170044 -0.01424061
0.1223987 0.005112852 0.01330468 0.0249377 0.01590307
-0.008824648 -0.01704869 0.1827775 0.02768387 0.01273311
-0.01118254 0.02106397 -0.00692945 0.05438395 0.06512411
0.3029974 0.02941884 0.01890238 -0.01706754 -0.2861824
-0.08632977 0.1310786 0.01968567 -0.003293186 -0.003257349
-0.0235555 0.0103509 0.0002045655 -0.01493791 0.03632288
-0.01513962 -0.01040916 0.03019871 -0.001809072 -0.01081911
0.008658199 -0.06103272 -0.01693246
1.998024 1.982556 1.9975 1.988321 1.997171
1.988811 0.1874774 1.988042 1.989319 1.995003
1.981946 1.982957 1.992775 1.991399 0.3135901
1.989628 1.992327 1.995615 0.5261386 1.985821
0.8051432 1.986509 1.996951 1.99861 1.999454
1.992847 1.98713 1.992573 1.991697 1.990864
1.988418 1.993131 1.99001 1.988892 1.991554
1.908935 1.977275
1.998024 1.982556 1.9975 1.988321 1.997171
1.988811 0.1803885 1.988042 1.989319 1.995003
1.981946 1.982957 1.992775 1.991399 0.2968238
1.989628 1.992327 1.995615 0.5542396 1.985821
0.7812729 1.986509 1.996951 1.99861 1.999454
1.992847 1.98713 1.992573 1.991697 1.990864
1.988418 1.878887 1.99001 1.988892 1.991554
1.908935 1.977275
0.9945094
0.1119632 0.003179063 0.01165724 0.02047366 0.01824858
-0.007679987 -0.01593858 0.2033806 0.02662972 0.01394723
-0.007749834 0.02262311 -0.004147649 0.05624137 0.07413432
0.2978687 0.03017525 0.02020624 -0.01995355 -0.2881213
-0.09058662 0.1295985 0.01669761 -0.002382396 -0.002467606
-0.02379053 0.01373708 0.003288473 -0.01213268 0.033712
-0.01322558 -0.008764148 0.0268487 -0.001583438 -0.009420453
0.005941448 -0.05170038 -0.01424074
0.1223882 0.005110542 0.01330472 0.02493576 0.01590194
-0.008822512 -0.0170498 0.1827875 0.02768471 0.01273276
-0.01118295 0.02106416 -0.006926869 0.05438611 0.0651228
0.3029962 0.0294191 0.01890166 -0.01706562 -0.2861805
-0.08632886 0.1310845 0.01968577 -0.003293765 -0.00325677
-0.02355495 0.01035215 0.0002047294 -0.01493765 0.03632171
-0.01513934 -0.01041001 0.0301986 -0.001808867 -0.01081984
0.008657391 -0.06103042 -0.01693325
1.998024 1.982556 1.9975 1.988321 1.997171
1.988811 0.1874783 1.988042 1.989319 1.995003
1.981946 1.982957 1.992775 1.991399 0.3135881
1.989628 1.992327 1.995615 0.5261181 1.985821
0.8051778 1.986509 1.996951 1.99861 1.999454
1.992847 1.98713 1.992573 1.991697 1.990864
1.988418 1.993131 1.99001 1.988892 1.991554
1.908935 1.977275
1.998024 1.982556 1.9975 1.988321 1.997171
1.988811 0.1803999 1.988042 1.989319 1.995003
1.981946 1.982957 1.992775 1.991399 0.296845
1.989628 1.992327 1.995615 0.5542826 1.985821
0.7816025 1.986509 1.996951 1.99861 1.999454
1.992847 1.98713 1.992573 1.991697 1.990864
1.988418 1.878453 1.99001 1.988892 1.991554
1.908935 1.977275
0.9945064
0.1119654 0.003179389 0.01165742 0.02047385 0.01824885
-0.007680178 -0.0159386 0.2033786 0.02662944 0.01394713
-0.007749941 0.02262303 -0.004148101 0.05624096 0.07413436
0.2978697 0.03017527 0.02020657 -0.01995404 -0.2881225
-0.09058679 0.1295982 0.01669746 -0.0023824 -0.002467473
-0.02379062 0.01373711 0.003288292 -0.01213264 0.03371226
-0.01322564 -0.008764209 0.02684892 -0.001583386 -0.009420363
0.005941791 -0.05170081 -0.01424067
0.1223932 0.005111084 0.01330503 0.02493751 0.01590605
-0.008823622 -0.01705165 0.1827786 0.02768629 0.01273366
-0.01118293 0.02106429 -0.006927924 0.054385 0.06512344
0.3029926 0.02941934 0.01890158 -0.01706743 -0.2861794
-0.08632908 0.13108 0.01968631 -0.003292147 -0.003257142
-0.02355491 0.01035023 0.0002054402 -0.01493602 0.03632316
-0.01514046 -0.01041043 0.03019996 -0.001809465 -0.01081826
0.008660724 -0.06103361 -0.01693215
1.998024 1.982556 1.9975 1.988321 1.997171
1.988811 0.1874722 1.988042 1.989319 1.995003
1.981946 1.982957 1.992775 1.991399 0.3135837
1.989628 1.992327 1.995615 0.526119 1.985821
0.8051396 1.986509 1.996951 1.99861 1.999454
1.992847 1.98713 1.992573 1.991697 1.990864
1.988418 1.993131 1.99001 1.988892 1.991554
1.908935 1.977275
1.998024 1.982556 1.9975 1.988321 1.997171
1.988811 0.1803716 1.988042 1.989319 1.995003
1.981946 1.982957 1.992775 1.991399 0.2968451
1.989628 1.992327 1.995615 0.554238 1.985821
0.7815304 1.986509 1.996951 1.99861 1.999454
1.992847 1.98713 1.992573 1.991697 1.990864
1.988418 1.8804 1.99001 1.988892 1.991554
1.908935 1.977275
0.9945059
0.1119612 0.003178881 0.01165699 0.02047395 0.01824817
-0.007680604 -0.01593824 0.2033826 0.02662919 0.01394739
-0.007749517 0.02262331 -0.004147423 0.05624148 0.07413435
0.2978692 0.03017564 0.02020602 -0.01995266 -0.2881212
-0.09058652 0.1295977 0.01669748 -0.002382226 -0.002467837
-0.02379063 0.01373696 0.003288944 -0.01213288 0.03371228
-0.01322572 -0.00876334 0.02684788 -0.001583583 -0.00942046
0.00594067 -0.05169997 -0.01424052
0.1223956 0.005111429 0.01330539 0.02493578 0.01590342
-0.008821909 -0.01705054 0.1827799 0.02768481 0.01273265
-0.01118367 0.02106379 -0.006928085 0.05438509 0.06512272
0.3029963 0.02941869 0.01890261 -0.01706793 -0.2861826
-0.08632929 0.1310852 0.01968567 -0.003294008 -0.003256086
-0.02355463 0.01035243 0.0002036761 -0.01493749 0.03632183
-0.01513953 -0.01041134 0.03020052 -0.001808877 -0.01081958
0.008658972 -0.06103206 -0.01693337
1.998024 1.982556 1.9975 1.988321 1.997171
1.988811 0.1874883 1.988042 1.989319 1.995003
1.981946 1.982957 1.992775 1.991399 0.3135922
1.989628 1.992327 1.995615 0.5261364 1.985821
0.805136 1.986509 1.996951 1.99861 1.999454
1.992847 1.98713 1.992573 1.991697 1.990864
1.988418 1.993131 1.99001 1.988892 1.991554
1.908935 1.977275
1.998024 1.982556 1.9975 1.988321 1.997171
1.988811 0.180372 1.988042 1.989319 1.995003
1.981946 1.982957 1.992775 1.991399 0.2968235
1.989628 1.992327 1.995615 0.5542633 1.985821
0.7815981 1.986509 1.996951 1.99861 1.999454
1.992847 1.98713 1.992573 1.991697 1.990864
1.988418 1.878499 1.99001 1.988892 1.991554
1.908935 1.977275
0.9945088
0.111962 0.003179014 0.01165703 0.02047363 0.01824831
-0.007680135 -0.01593829 0.2033818 0.02662971 0.01394737
-0.007749669 0.02262323 -0.004147542 0.05624151 0.07413435
0.297868 0.03017536 0.02020601 -0.01995306 -0.2881206
-0.09058651 0.1295984 0.01669773 -0.002382417 -0.002467762
-0.02379045 0.01373699 0.003288578 -0.01213285 0.03371191
-0.01322558 -0.008763889 0.0268485 -0.001583611 -0.009420507
0.00594097 -0.05170014 -0.01424067
0.1223911 0.005111194 0.01330454 0.02493558 0.01590237
-0.008822289 -0.01704951 0.1827846 0.02768541 0.01273304
-0.01118308 0.02106406 -0.006927586 0.05438584 0.065123
0.3029934 0.02941871 0.01890154 -0.0170663 -0.2861794
-0.08632896 0.1310846 0.0196863 -0.003294037 -0.003256832
-0.0235546 0.0103519 0.0002041509 -0.01493778 0.0363212
-0.01513923 -0.01041067 0.0301997 -0.001809262 -0.01081982
0.008657675 -0.06103109 -0.01693328
1.998024 1.982556 1.9975 1.988321 1.997171
1.988811 0.1874839 1.988042 1.989319 1.995003
1.981946 1.982957 1.992775 1.991399 0.3135856
1.989628 1.992327 1.995615 0.5261212 1.985821
0.8051793 1.986509 1.996951 1.99861 1.999454
1.992847 1.98713 1.992573 1.991697 1.990864
1.988418 1.993131 1.99001 1.988892 1.991554
1.908935 1.977275
1.998024 1.982556 1.9975 1.988321 1.997171
1.988811 0.1803935 1.988042 1.989319 1.995003
1.981946 1.982957 1.992775 1.991399 0.2968242
1.989628 1.992327 1.995615 0.5542501 1.985821
0.7816146 1.986509 1.996951 1.99861 1.999454
1.992847 1.98713 1.992573 1.991697 1.990864
1.988418 1.878562 1.99001 1.988892 1.991554
1.908935 1.977275
0.994509
0.1119636 0.003178967 0.01165741 0.02047368 0.01824876
-0.007679911 -0.01593888 0.2033803 0.0266296 0.01394713
-0.00774994 0.02262305 -0.004147615 0.0562413 0.07413422
0.2978694 0.03017529 0.02020643 -0.01995376 -0.288122
-0.09058665 0.1295986 0.01669746 -0.002382353 -0.002467472
-0.02379058 0.0137372 0.003288482 -0.01213253 0.03371216
-0.01322563 -0.008764256 0.02684875 -0.001583309 -0.009420417
0.005941731 -0.05170046 -0.01424078
0.1223876 0.005110398 0.01330453 0.0249369 0.01590436
-0.008823371 -0.0170509 0.1827849 0.02768639 0.01273355
-0.01118261 0.02106445 -0.0069269 0.05438601 0.06512334
0.3029923 0.0294193 0.01890085 -0.0170658 -0.2861776
-0.08632875 0.131081 0.01968646 -0.003292467 -0.003257449
-0.02355501 0.01035049 0.000205794 -0.01493644 0.03632245
-0.01513998 -0.01040991 0.03019885 -0.001809348 -0.0108188
0.00865922 -0.06103192 -0.01693242
1.998024 1.982556 1.9975 1.988321 1.997171
1.988811 0.187475 1.988042 1.989319 1.995003
1.981946 1.982957 1.992775 1.991399 0.3135915
1.989628 1.992327 1.995615 0.5261234 1.985821
0.8051818 1.986509 1.996951 1.99861 1.999454
1.992847 1.98713 1.992573 1.991697 1.990864
1.988418 1.993131 1.99001 1.988892 1.991554
1.908935 1.977275
1.998024 1.982556 1.9975 1.988321 1.997171
1.988811 0.1803929 1.988042 1.989319 1.995003
1.981946 1.982957 1.992775 1.991399 0.2968569
1.989628 1.992327 1.995615 0.5542443 1.985821
0.7815859 1.986509 1.996951 1.99861 1.999454
1.992847 1.98713 1.992573 1.991697 1.990864
1.988418 1.879962 1.99001 1.988892 1.991554
1.908935 1.977275
0.9945091
0.1119637 0.003179098 0.01165733 0.02047367 0.01824869
-0.007680028 -0.01593866 0.2033801 0.02662956 0.01394721
-0.007749883 0.02262309 -0.004147755 0.05624125 0.07413426
0.2978691 0.03017534 0.02020639 -0.01995366 -0.2881219
-0.09058664 0.1295986 0.01669753 -0.002382411 -0.002467523
-0.02379052 0.01373714 0.003288414 -0.01213264 0.03371213
-0.01322564 -0.008764178 0.0268488 -0.001583435 -0.009420431
0.005941551 -0.05170049 -0.01424072
0.1223913 0.005111292 0.01330433 0.02493577 0.01590297
-0.008822196 -0.01704961 0.1827835 0.02768667 0.01273329
-0.01118301 0.02106408 -0.006927624 0.05438597 0.06512339
0.3029909 0.02941825 0.01890092 -0.01706656 -0.286177
-0.08632899 0.1310834 0.01968683 -0.003293808 -0.003257183
-0.02355465 0.01035129 0.0002043702 -0.01493752 0.03632087
-0.0151391 -0.01041095 0.0302 -0.001809354 -0.01081961
0.008658291 -0.06103143 -0.01693314
1.998024 1.982556 1.9975 1.988321 1.997171
1.988811 0.1874759 1.988042 1.989319 1.995003
1.981946 1.982957 1.992775 1.991399 0.3135861
1.989628 1.992327 1.995615 0.5261237 1.985821
0.8051747 1.986509 1.996951 1.99861 1.999454
1.992847 1.98713 1.992573 1.991697 1.990864
1.988418 1.993131 1.99001 1.988892 1.991554
1.908935 1.977275
1.998024 1.982556 1.9975 1.988321 1.997171
1.988811 0.1803927 1.988042 1.989319 1.995003
1.981946 1.982957 1.992775 1.991399 0.2968285
1.989628 1.992327 1.995615 0.554204 1.985821
0.7816247 1.986509 1.996951 1.99861 1.999454
1.992847 1.98713 1.992573 1.991697 1.990864
1.988418 1.878972 1.99001 1.988892 1.991554
1.908935 1.977275
0.9945082
0.111964 0.003179213 0.01165726 0.02047376 0.01824862
-0.007680114 -0.0159385 0.20338 0.02662962 0.01394721
-0.007749836 0.0226231 -0.004147827 0.05624122 0.07413437
0.297869 0.03017526 0.02020631 -0.01995366 -0.2881216
-0.09058668 0.1295982 0.01669758 -0.002382392 -0.002467599
-0.02379057 0.01373705 0.003288427 -0.01213271 0.03371208
-0.01322559 -0.008764106 0.02684873 -0.001583444 -0.009420422
0.005941493 -0.05170051 -0.0142407
0.1223929 0.005111463 0.01330482 0.02493665 0.01590294
-0.008823441 -0.01704971 0.1827825 0.02768435 0.01273299
-0.01118286 0.0210641 -0.006928009 0.05438509 0.06512324
0.3029965 0.02941918 0.0189021 -0.0170666 -0.2861817
-0.08632921 0.1310821 0.01968571 -0.003293381 -0.00325691
-0.02355507 0.01035156 0.0002046566 -0.01493753 0.03632244
-0.01513968 -0.01040979 0.03019892 -0.00180906 -0.01081937
0.008658112 -0.06103175 -0.01693283
1.998024 1.982556 1.9975 1.988321 1.997171
1.988811 0.1874771 1.988042 1.989319 1.995003
1.981946 1.982957 1.992775 1.991399 0.3135862
1.989628 1.992327 1.995615 0.5261173 1.985821
0.8051576 1.986509 1.996951 1.99861 1.999454
1.992847 1.98713 1.992573 1.991697 1.990864
1.988418 1.993131 1.99001 1.988892 1.991554
1.908935 1.977275
1.998024 1.982556 1.9975 1.988321 1.997171
1.988811 0.1803901 1.988042 1.989319 1.995003
1.981946 1.982957 1.992775 1.991399 0.2968339
1.989628 1.992327 1.995615 0.5542725 1.985821
0.7814762 1.986509 1.996951 1.99861 1.999454
1.992847 1.98713 1.992573 1.991697 1.990864
1.988418 1.87883 1.99001 1.988892 1.991554
1.908935 1.977275
0.9945091
0.1119634 0.003179049 0.01165729 0.02047363 0.01824864
-0.007679919 -0.01593866 0.2033805 0.02662975 0.0139472
-0.007749875 0.02262309 -0.004147647 0.05624136 0.0741343
0.2978688 0.03017523 0.02020628 -0.01995364 -0.2881214
-0.09058662 0.1295986 0.0166976 -0.002382401 -0.002467566
-0.02379053 0.01373711 0.003288443 -0.01213264 0.03371201
-0.01322558 -0.00876423 0.02684877 -0.001583404 -0.009420448
0.005941552 -0.05170041 -0.01424077
0.1223913 0.005111324 0.01330432 0.02493618 0.0159027
-0.008822374 -0.01704942 0.1827835 0.02768687 0.0127331
-0.01118285 0.02106406 -0.006927506 0.05438598 0.06512378
0.3029921 0.02941785 0.01890069 -0.01706665 -0.2861765
-0.08632918 0.1310818 0.01968674 -0.00329361 -0.003257431
-0.02355515 0.01035109 0.0002047773 -0.01493756 0.03632091
-0.01513884 -0.01041059 0.03019928 -0.001808926 -0.01081959
0.008658372 -0.06103118 -0.0169331
1.998024 1.982556 1.9975 1.988321 1.997171
1.988811 0.1874771 1.988042 1.989319 1.995003
1.981946 1.982957 1.992775 1.991399 0.3135885
1.989628 1.992327 1.995615 0.5261177 1.985821
0.805183 1.986509 1.996951 1.99861 1.999454
1.992847 1.98713 1.992573 1.991697 1.990864
1.988418 1.993131 1.99001 1.988892 1.991554
1.908935 1.977275
1.998024 1.982556 1.9975 1.988321 1.997171
1.988811 0.1803972 1.988042 1.989319 1.995003
1.981946 1.982957 1.992775 1.991399 0.2968461
1.989628 1.992327 1.995615 0.5541789 1.985821
0.7815646 1.986509 1.996951 1.99861 1.999454
1.992847 1.98713 1.992573 1.991697 1.990864
1.988418 1.878928 1.99001 1.988892 1.991554
1.908935 1.977275
0.9945095
0.1119655 0.003179419 0.01165742 0.02047353 0.01824891
-0.007679811 -0.01593863 0.2033784 0.0266298 0.01394717
-0.007750035 0.022623 -0.004148129 0.05624104 0.07413431
0.2978686 0.03017514 0.02020654 -0.0199542 -0.288122
-0.09058672 0.129599 0.01669767 -0.002382573 -0.002467418
-0.02379041 0.01373715 0.003288021 -0.01213263 0.03371197
-0.01322557 -0.008764602 0.02684939 -0.001583465 -0.009420423
0.005941905 -0.05170086 -0.01424079
0.1223873 0.005110467 0.01330459 0.0249366 0.01590286
-0.00882355 -0.01705012 0.1827872 0.02768472 0.01273316
-0.01118256 0.02106439 -0.006926912 0.0543859 0.06512304
0.3029957 0.02941964 0.01890147 -0.01706526 -0.2861802
-0.08632878 0.1310822 0.01968583 -0.003292968 -0.003257177
-0.02355509 0.01035131 0.0002054722 -0.01493713 0.03632255
-0.01513985 -0.01040932 0.03019811 -0.001809138 -0.01081929
0.008657848 -0.06103105 -0.01693268
1.998024 1.982556 1.9975 1.988321 1.997171
1.988811 0.1874698 1.988042 1.989319 1.995003
1.981946 1.982957 1.992775 1.991399 0.3135773
1.989628 1.992327 1.995615 0.5261121 1.985821
0.8051841 1.986509 1.996951 1.99861 1.999454
1.992847 1.98713 1.992573 1.991697 1.990864
1.988418 1.993131 1.99001 1.988892 1.991554
1.908935 1.977275
1.998024 1.982556 1.9975 1.988321 1.997171
1.988811 0.1804009 1.988042 1.989319 1.995003
1.981946 1.982957 1.992775 1.991399 0.2968515
1.989628 1.992327 1.995615 0.5542915 1.985821
0.7815433 1.986509 1.996951 1.99861 1.999454
1.992847 1.98713 1.992573 1.991697 1.990864
1.988418 1.879166 1.99001 1.988892 1.991554
1.908935 1.977275
0.9945082
0.1119557 0.003178073 0.01165655 0.02047374 0.01824744
-0.007680447 -0.01593813 0.2033877 0.02662959 0.0139476
-0.007749168 0.02262353 -0.004146305 0.05624241 0.07413431
0.2978677 0.0301757 0.02020522 -0.0199513 -0.2881186
-0.09058614 0.1295977 0.01669769 -0.002382082 -0.002468218
-0.02379058 0.01373686 0.003289604 -0.01213301 0.03371188
-0.01322562 -0.008762858 0.02684696 -0.001583662 -0.009420633
0.005939707 -0.05169886 -0.01424058
0.1223905 0.005110929 0.01330477 0.02493605 0.01590283
-0.008822702 -0.01705003 0.1827846 0.027685 0.01273299
-0.01118301 0.02106413 -0.006927402 0.0543857 0.06512295
0.3029951 0.02941908 0.01890176 -0.01706626 -0.2861805
-0.08632897 0.1310837 0.01968595 -0.003293579 -0.003256794
-0.02355482 0.01035179 0.0002046001 -0.01493743 0.03632191
-0.01513955 -0.01041028 0.03019922 -0.001809099 -0.01081954
0.00865808 -0.06103129 -0.01693306
1.998024 1.982556 1.9975 1.988321 1.997171
1.988811 0.1875054 1.988042 1.989319 1.995003
1.981946 1.982957 1.992775 1.991399 0.3136075
1.989628 1.992327 1.995615 0.5261395 1.985821
0.8051924 1.986509 1.996951 1.99861 1.999454
1.992847 1.98713 1.992573 1.991697 1.990864
1.988418 1.993131 1.99001 1.988892 1.991554
1.908935 1.977275
1.998024 1.982556 1.9975 1.988321 1.997171
1.988811 0.1803914 1.988042 1.989319 1.995003
1.981946 1.982957 1.992775 1.991399 0.2968363
1.989628 1.992327 1.995615 0.5542698 1.985821
0.7815823 1.986509 1.996951 1.99861 1.999454
1.992847 1.98713 1.992573 1.991697 1.990864
1.988418 1.878799 1.99001 1.988892 1.991554
1.908935 1.977275
0.9945091
0.1119618 0.003178341 0.01165773 0.02047412 0.01824889
-0.007680885 -0.01593941 0.2033818 0.02662761 0.01394716
-0.007749844 0.02262321 -0.004147386 0.05624099 0.07413361
0.2978733 0.03017655 0.02020717 -0.01995294 -0.288126
-0.09058653 0.1295987 0.01669647 -0.002382047 -0.002467166
-0.02379069 0.01373763 0.003289121 -0.0121323 0.03371358
-0.01322632 -0.00876323 0.02684783 -0.0015833 -0.009420293
0.005941355 -0.05170027 -0.01424043
0.1223896 0.00511081 0.01330468 0.02493603 0.01590278
-0.008822749 -0.01705001 0.1827854 0.0276851 0.01273305
-0.01118294 0.02106419 -0.00692726 0.05438584 0.06512295
0.3029947 0.02941914 0.01890161 -0.017066 -0.28618
-0.08632889 0.1310837 0.01968602 -0.003293531 -0.003256878
-0.02355481 0.01035171 0.0002047174 -0.0149374 0.03632188
-0.01513956 -0.01041019 0.0301991 -0.001809156 -0.01081954
0.00865797 -0.06103117 -0.01693303
1.998024 1.982556 1.9975 1.988321 1.997171
1.988811 0.1874756 1.988042 1.989319 1.995003
1.981946 1.982957 1.992775 1.991399 0.3135984
1.989628 1.992327 1.995615 0.5262026 1.985821
0.8051353 1.986509 1.996951 1.99861 1.999454
1.992847 1.98713 1.992573 1.991697 1.990864
1.988418 1.993131 1.99001 1.988892 1.991554
1.908935 1.977275
1.998024 1.982556 1.9975 1.988321 1.997171
1.988811 0.1803939 1.988042 1.989319 1.995003
1.981946 1.982957 1.992775 1.991399 0.2968376
1.989628 1.992327 1.995615 0.554271 1.985821
0.7815917 1.986509 1.996951 1.99861 1.999454
1.992847 1.98713 1.992573 1.991697 1.990864
1.988418 1.878856 1.99001 1.988892 1.991554
1.908935 1.977275
0.9941546
0.1119634 0.003179063 0.01165729 0.02047369 0.01824863
-0.007680048 -0.01593863 0.2033804 0.02662957 0.01394722
-0.007749853 0.02262311 -0.004147698 0.05624129 0.07413427
0.297869 0.03017534 0.02020634 -0.01995357 -0.2881217
-0.09058662 0.1295985 0.01669754 -0.002382391 -0.002467556
-0.02379053 0.01373712 0.003288467 -0.01213266 0.03371212
-0.01322563 -0.008764122 0.02684871 -0.001583437 -0.009420437
0.005941483 -0.05170043 -0.01424072
0.1223905 0.005111272 0.01330432 0.02493573 0.01590245
-0.008822704 -0.01704931 0.1827849 0.02768538 0.01273328
-0.01118288 0.02106416 -0.006927692 0.05438581 0.06512308
0.3029925 0.02941895 0.01890139 -0.01706594 -0.2861789
-0.08632887 0.1310841 0.01968645 -0.003293897 -0.003257046
-0.02355452 0.0103516 0.0002042845 -0.01493776 0.03632132
-0.01513937 -0.01041039 0.0301996 -0.00180954 -0.01081972
0.008657479 -0.06103122 -0.0169331
1.998024 1.982556 1.9975 1.988321 1.997171
1.988811 0.1874772 1.988042 1.989319 1.995003
1.981946 1.982957 1.992775 1.991399 0.3135873
1.989628 1.992327 1.995615 0.5261236 1.985821
0.8051737 1.986509 1.996951 1.99861 1.999454
1.992847 1.98713 1.992573 1.991697 1.990864
1.988418 1.993131 1.99001 1.988892 1.991554
1.908935 1.977275
1.998024 1.982556 1.9975 1.988321 1.997171
1.988811 0.1803967 1.988042 1.989319 1.995003
1.981946 1.982957 1.992775 1.991399 0.2968192
1.989628 1.992327 1.995615 0.5542551 1.985821
0.7815989 1.986509 1.996951 1.99861 1.999454
1.992847 1.98713 1.992573 1.991697 1.990864
1.988418 1.878753 1.99001 1.988892 1.991554
1.908935 1.977275
0.9941537
0.1119678 0.003179868 0.01165752 0.0204747 0.01824894
-0.007681635 -0.01593819 0.2033766 0.02662772 0.01394717
-0.007749739 0.02262316 -0.004148894 0.05624008 0.07413438
0.2978729 0.03017606 0.02020719 -0.01995384 -0.288126
-0.09058704 0.1295966 0.01669682 -0.002382181 -0.002467429
-0.02379091 0.01373705 0.003288536 -0.01213282 0.03371344
-0.0132261 -0.008763106 0.02684826 -0.001583531 -0.009420155
0.005941418 -0.05170129 -0.01424013
0.1223973 0.005112601 0.01330452 0.0249348 0.0158997
-0.008821094 -0.01704738 0.1827821 0.0276852 0.01273208
-0.01118347 0.02106342 -0.006928555 0.05438549 0.06512359
0.3029961 0.02941673 0.01890182 -0.01706773 -0.2861798
-0.08632976 0.1310855 0.01968615 -0.003295653 -0.003256613
-0.0235551 0.01035309 0.000202721 -0.0149395 0.03631945
-0.01513763 -0.0104113 0.03019982 -0.001808299 -0.01082098
0.008656368 -0.06102993 -0.01693428
1.998024 1.982556 1.9975 1.988321 1.997171
1.988811 0.1874715 1.988042 1.989319 1.995003
1.981946 1.982957 1.992775 1.991399 0.3135766
1.989628 1.992327 1.995615 0.5261594 1.985821
0.8049887 1.986509 1.996951 1.99861 1.999454
1.992847 1.98713 1.992573 1.991697 1.990864
1.988418 1.993131 1.99001 1.988892 1.991554
1.908935 1.977275
1.998024 1.982556 1.9975 1.988321 1.997171
1.988811 0.1803987 1.988042 1.989319 1.995003
1.981946 1.982957 1.992775 1.991399 0.2968151
1.989628 1.992327 1.995615 0.5541751 1.985821
0.7815238 1.986509 1.996951 1.99861 1.999454
1.992847 1.98713 1.992573 1.991697 1.990864
1.988418 1.876816 1.99001 1.988892 1.991554
1.908935 1.977275
0.9941528
0.1119634 0.003179105 0.01165723 0.02047364 0.01824858
-0.007679957 -0.01593856 0.2033805 0.02662979 0.01394723
-0.007749841 0.0226231 -0.004147682 0.05624136 0.07413434
0.2978686 0.03017521 0.02020622 -0.01995359 -0.2881212
-0.09058663 0.1295985 0.01669765 -0.002382413 -0.002467612
-0.02379052 0.01373707 0.003288434 -0.01213269 0.03371196
-0.01322556 -0.008764193 0.02684876 -0.001583443 -0.009420455
0.005941471 -0.0517004 -0.01424075
0.1223924 0.005111382 0.01330445 0.02493632 0.01590454
-0.008822902 -0.01705037 0.182781 0.02768652 0.01273376
-0.01118297 0.02106422 -0.006928043 0.05438548 0.06512328
0.3029897 0.029419 0.01890121 -0.01706679 -0.2861778
-0.08632889 0.1310826 0.01968688 -0.003293207 -0.003257169
-0.02355434 0.01035072 0.0002045346 -0.0149369 0.03632177
-0.01513988 -0.0104109 0.03020056 -0.001809905 -0.010819
0.008659185 -0.06103271 -0.01693265
1.998024 1.982556 1.9975 1.988321 1.997171
1.988811 0.187478 1.988042 1.989319 1.995003
1.981946 1.982957 1.992775 1.991399 0.3135873
1.989628 1.992327 1.995615 0.5261152 1.985821
0.8051785 1.986509 1.996951 1.99861 1.999454
1.992847 1.98713 1.992573 1.991697 1.990864
1.988418 1.993131 1.99001 1.988892 1.991554
1.908935 1.977275
1.998024 1.982556 1.9975 1.988321 1.997171
1.988811 0.1803819 1.988042 1.989319 1.995003
1.981946 1.982957 1.992775 1.991399 0.2968176
1.989628 1.992327 1.995615 0.554229 1.985821
0.7816121 1.986509 1.996951 1.99861 1.999454
1.992847 1.98713 1.992573 1.991697 1.990864
1.988418 1.879728 1.99001 1.988892 1.991554
1.908935 1.977275
0.9941527
0.1119612 0.003178798 0.01165708 0.02047345 0.01824835
-0.007679846 -0.01593852 0.2033824 0.02662989 0.01394735
-0.007749739 0.0226232 -0.004147312 0.05624168 0.07413424
0.2978678 0.03017532 0.02020599 -0.01995306 -0.2881204
-0.09058643 0.1295989 0.01669775 -0.002382441 -0.002467699
-0.02379038 0.01373708 0.003288573 -0.01213274 0.03371181
-0.01322556 -0.008764094 0.0268486 -0.001583555 -0.009420542
0.005941085 -0.05170002 -0.01424078
0.1223907 0.005110949 0.01330481 0.02493608 0.01590284
-0.008822745 -0.01705005 0.1827844 0.02768489 0.01273297
-0.01118302 0.02106413 -0.006927438 0.05438564 0.06512293
0.3029953 0.02941912 0.01890183 -0.01706629 -0.2861807
-0.08632898 0.1310837 0.01968589 -0.003293571 -0.003256765
-0.02355483 0.01035181 0.0002045877 -0.01493743 0.03632198
-0.01513959 -0.01041025 0.03019921 -0.001809091 -0.01081953
0.008658085 -0.06103133 -0.01693305
1.998024 1.982556 1.9975 1.988321 1.997171
1.988811 0.1874832 1.988042 1.989319 1.995003
1.981946 1.982957 1.992775 1.991399 0.3135883
1.989628 1.992327 1.995615 0.5261218 1.985821
0.8052161 1.986509 1.996951 1.99861 1.999454
1.992847 1.98713 1.992573 1.991697 1.990864
1.988418 1.993131 1.99001 1.988892 1.991554
1.908935 1.977275
1.998024 1.982556 1.9975 1.988321 1.997171
1.988811 0.1803909 1.988042 1.989319 1.995003
1.981946 1.982957 1.992775 1.991399 0.2968359
1.989628 1.992327 1.995615 0.5542733 1.985821
0.7815764 1.986509 1.996951 1.99861 1.999454
1.992847 1.98713 1.992573 1.991697 1.990864
1.988418 1.878788 1.99001 1.988892 1.991554
1.908935 1.977275
0.9941545
0.1119633 0.003178846 0.0116575 0.02047364 0.01824883
-0.007679983 -0.01593902 0.2033805 0.02662927 0.01394716
-0.007749966 0.02262307 -0.004147597 0.05624124 0.07413404
0.2978699 0.03017554 0.02020661 -0.01995366 -0.2881227
-0.09058659 0.129599 0.01669731 -0.002382363 -0.002467365
-0.02379051 0.01373733 0.003288498 -0.01213247 0.03371238
-0.01322576 -0.008764196 0.02684876 -0.001583345 -0.009420411
0.005941707 -0.05170046 -0.01424075
0.1223843 0.005109517 0.01330511 0.02493508 0.01590207
-0.008822494 -0.0170508 0.1827913 0.02768286 0.01273278
-0.01118318 0.02106437 -0.006926182 0.05438634 0.06512145
0.302998 0.02942083 0.01890263 -0.01706448 -0.2861843
-0.08632825 0.1310883 0.01968509 -0.003293828 -0.003255951
-0.02355419 0.01035309 0.0002045263 -0.01493735 0.03632259
-0.01514027 -0.01040989 0.03019877 -0.001809355 -0.01081988
0.008656819 -0.0610302 -0.01693329
1.998024 1.982556 1.9975 1.988321 1.997171
1.988811 0.1874737 1.988042 1.989319 1.995003
1.981946 1.982957 1.992775 1.991399 0.3135898
1.989628 1.992327 1.995615 0.5261394 1.985821
0.8051899 1.986509 1.996951 1.99861 1.999454
1.992847 1.98713 1.992573 1.991697 1.990864
1.988418 1.993131 1.99001 1.988892 1.991554
1.908935 1.977275
1.998024 1.982556 1.9975 1.988321 1.997171
1.988811 0.1803957 1.988042 1.989319 1.995003
1.981946 1.982957 1.992775 1.991399 0.2968303
1.989628 1.992327 1.995615 0.5544057 1.985821
0.7817255 1.986509 1.996951 1.99861 1.999454
1.992847 1.98713 1.992573 1.991697 1.990864
1.988418 1.878391 1.99001 1.988892 1.991554
1.908935 1.977275
0.9941555
0.1119631 0.003179091 0.01165719 0.02047364 0.01824853
-0.007679986 -0.0159385 0.2033807 0.02662978 0.01394725
-0.007749809 0.02262313 -0.004147657 0.05624139 0.07413435
0.2978685 0.03017523 0.02020618 -0.0199535 -0.288121
-0.09058661 0.1295985 0.01669767 -0.002382415 -0.002467642
-0.02379051 0.01373705 0.003288459 -0.01213272 0.03371194
-0.01322556 -0.00876414 0.02684871 -0.001583474 -0.009420465
0.005941379 -0.05170035 -0.01424074
0.1223887 0.005110979 0.01330428 0.02493542 0.01590123
-0.008822291 -0.01704888 0.1827877 0.02768531 0.01273288
-0.01118285 0.02106411 -0.006927143 0.05438626 0.0651231
0.3029941 0.02941854 0.01890118 -0.01706553 -0.2861786
-0.08632891 0.1310845 0.01968628 -0.003294208 -0.00325706
-0.02355485 0.01035204 0.0002043887 -0.01493813 0.03632085
-0.01513886 -0.0104102 0.03019883 -0.001809035 -0.01082014
0.008656775 -0.0610301 -0.01693342
1.998024 1.982556 1.9975 1.988321 1.997171
1.988811 0.1874791 1.988042 1.989319 1.995003
1.981946 1.982957 1.992775 1.991399 0.313587
1.989628 1.992327 1.995615 0.5261159 1.985821
0.8051786 1.986509 1.996951 1.99861 1.999454
1.992847 1.98713 1.992573 1.991697 1.990864
1.988418 1.993131 1.99001 1.988892 1.991554
1.908935 1.977275
1.998024 1.982556 1.9975 1.988321 1.997171
1.988811 0.1804066 1.988042 1.989319 1.995003
1.981946 1.982957 1.992775 1.991399 0.2968341
1.989628 1.992327 1.995615 0.5542469 1.985821
0.7816052 1.986509 1.996951 1.99861 1.999454
1.992847 1.98713 1.992573 1.991697 1.990864
1.988418 1.878216 1.99001 1.988892 1.991554
1.908935 1.977275
0.9941524
0.1119609 0.003178893 0.01165697 0.0204735 0.01824822
-0.007680203 -0.01593823 0.2033826 0.0266295 0.01394749
-0.007749615 0.02262331 -0.00414748 0.05624156 0.07413421
0.2978677 0.03017561 0.02020603 -0.01995271 -0.2881208
-0.09058638 0.1295989 0.01669773 -0.002382486 -0.002467748
-0.02379027 0.01373704 0.00328858 -0.01213291 0.03371198
-0.01322569 -0.008763776 0.02684851 -0.001583775 -0.009420552
0.00594068 -0.05170001 -0.01424062
0.1223894 0.005110601 0.01330482 0.02493565 0.01590265
-0.008822026 -0.01705024 0.1827856 0.02768556 0.01273284
-0.01118318 0.02106409 -0.006926974 0.05438611 0.06512283
0.3029946 0.02941875 0.01890153 -0.01706627 -0.2861796
-0.0863289 0.1310847 0.01968606 -0.00329377 -0.003256682
-0.0235548 0.01035202 0.0002045422 -0.0149374 0.03632145
-0.01513931 -0.0104107 0.03019938 -0.001808913 -0.01081971
0.008658164 -0.06103089 -0.0169333
1.998024 1.982556 1.9975 1.988321 1.997171
1.988811 0.1874854 1.988042 1.989319 1.995003
1.981946 1.982957 1.992775 1.991399 0.3135807
1.989628 1.992327 1.995615 0.5261358 1.985821
0.8051983 1.986509 1.996951 1.99861 1.999454
1.992847 1.98713 1.992573 1.991697 1.990864
1.988418 1.993131 1.99001 1.988892 1.991554
1.908935 1.977275
1.998024 1.982556 1.9975 1.988321 1.997171
1.988811 0.1803917 1.988042 1.989319 1.995003
1.981946 1.982957 1.992775 1.991399 0.2968429
1.989628 1.992327 1.995615 0.5542562 1.985821
0.7816467 1.986509 1.996951 1.99861 1.999454
1.992847 1.98713 1.992573 1.991697 1.990864
1.988418 1.878666 1.99001 1.988892 1.991554
1.908935 1.977275
0.9941536
0.1119624 0.003178991 0.01165717 0.02047348 0.01824849
-0.007679913 -0.01593851 0.2033812 0.02662976 0.01394733
-0.007749805 0.02262316 -0.004147589 0.05624146 0.07413424
0.297868 0.03017535 0.02020618 -0.01995332 -0.288121
-0.0905865 0.129599 0.01669771 -0.002382492 -0.002467615
-0.02379036 0.01373711 0.003288409 -0.01213274 0.03371191
-0.0132256 -0.008764177 0.02684882 -0.001583579 -0.009420509
0.005941243 -0.05170027 -0.01424075
0.1223906 0.005111082 0.01330471 0.02493614 0.01590242
-0.008823199 -0.01704963 0.1827852 0.02768411 0.012733
-0.01118286 0.02106417 -0.006927601 0.05438549 0.06512287
0.3029961 0.02941949 0.01890206 -0.01706589 -0.2861817
-0.08632895 0.1310837 0.01968572 -0.003293629 -0.003256793
-0.0235548 0.0103519 0.0002045482 -0.01493766 0.03632221
-0.0151397 -0.01040979 0.03019888 -0.00180923 -0.01081961
0.008657466 -0.0610312 -0.01693298
1.998024 1.982556 1.9975 1.988321 1.997171
1.988811 0.1874795 1.988042 1.989319 1.995003
1.981946 1.982957 1.992775 1.991399 0.3135832
1.989628 1.992327 1.995615 0.5261233 1.985821
0.8052041 1.986509 1.996951 1.99861 1.999454
1.992847 1.98713 1.992573 1.991697 1.990864
1.988418 1.993131 1.99001 1.988892 1.991554
1.908935 1.977275
1.998024 1.982556 1.9975 1.988321 1.997171
1.988811 0.1803951 1.988042 1.989319 1.995003
1.981946 1.982957 1.992775 1.991399 0.296829
1.989628 1.992327 1.995615 0.5542986 1.985821
0.78154 1.986509 1.996951 1.99861 1.999454
1.992847 1.98713 1.992573 1.991697 1.990864
1.988418 1.878645 1.99001 1.988892 1.991554
1.908935 1.977275
0.9941537
0.1119626 0.003178837 0.01165733 0.02047371 0.01824861
-0.00768006 -0.0159388 0.2033812 0.02662943 0.0139472
-0.00774984 0.02262312 -0.004147474 0.05624139 0.07413418
0.2978695 0.03017545 0.02020635 -0.0199534 -0.2881219
-0.09058658 0.1295986 0.01669742 -0.002382313 -0.002467535
-0.02379057 0.01373719 0.00328864 -0.01213258 0.03371224
-0.01322569 -0.008764014 0.0268485 -0.001583372 -0.009420435
0.005941448 -0.05170027 -0.01424073
0.1223975 0.005112243 0.01330598 0.0249299 0.01588875
-0.008816398 -0.01704356 0.1827952 0.02767828 0.01272775
-0.01118525 0.02106204 -0.006927159 0.0543865 0.06512121
0.3030175 0.02941514 0.01890529 -0.01706733 -0.286193
-0.08633043 0.1311006 0.0196825 -0.003301112 -0.003253351
-0.0235557 0.01036091 0.0001987765 -0.01494445 0.03631626
-0.01513436 -0.01041186 0.03019763 -0.00180485 -0.01082562
0.008649128 -0.06102234 -0.01693826
1.998024 1.982556 1.9975 1.988321 1.997171
1.988811 0.1874785 1.988042 1.989319 1.995003
1.981946 1.982957 1.992775 1.991399 0.3135927
1.989628 1.992327 1.995615 0.5261318 1.985821
0.8051795 1.986509 1.996951 1.99861 1.999454
1.992847 1.98713 1.992573 1.991697 1.990864
1.988418 1.993131 1.99001 1.988892 1.991554
1.908935 1.977275
1.998024 1.982556 1.9975 1.988321 1.997171
1.988811 0.1804295 1.988042 1.989319 1.995003
1.981946 1.982957 1.992775 1.991399 0.2968134
1.989628 1.992327 1.995615 0.554321 1.985821
0.7816192 1.986509 1.996951 1.99861 1.999454
1.992847 1.98713 1.992573 1.991697 1.990864
1.988418 1.869939 1.99001 1.988892 1.991554
1.908935 1.977275
0.9941536
0.1119637 0.003179154 0.01165725 0.02047369 0.01824861
-0.007680019 -0.01593854 0.2033802 0.02662971 0.01394722
-0.007749846 0.0226231 -0.004147753 0.05624129 0.07413435
0.2978688 0.03017523 0.02020627 -0.01995364 -0.2881214
-0.09058665 0.1295984 0.01669762 -0.002382409 -0.002467598
-0.02379054 0.01373707 0.00328842 -0.0121327 0.03371202
-0.01322557 -0.008764168 0.02684876 -0.001583444 -0.00942044
0.005941494 -0.05170046 -0.01424073
0.1223906 0.005111027 0.01330461 0.02493616 0.01590322
-0.008822864 -0.01705004 0.182784 0.02768542 0.01273324
-0.01118292 0.02106419 -0.006927534 0.05438569 0.06512307
0.3029935 0.0294191 0.01890153 -0.01706623 -0.2861795
-0.08632892 0.1310832 0.01968624 -0.003293439 -0.003256979
-0.02355471 0.01035142 0.0002046681 -0.01493729 0.03632188
-0.01513964 -0.01041032 0.03019945 -0.001809354 -0.01081939
0.008658264 -0.06103161 -0.01693291
1.998024 1.982556 1.9975 1.988321 1.997171
1.988811 0.1874774 1.988042 1.989319 1.995003
1.981946 1.982957 1.992775 1.991399 0.3135866
1.989628 1.992327 1.995615 0.5261163 1.985821
0.8051703 1.986509 1.996951 1.99861 1.999454
1.992847 1.98713 1.992573 1.991697 1.990864
1.988418 1.993131 1.99001 1.988892 1.991554
1.908935 1.977275
1.998024 1.982556 1.9975 1.988321 1.997171
1.988811 0.180391 1.988042 1.989319 1.995003
1.981946 1.982957 1.992775 1.991399 0.2968318
1.989628 1.992327 1.995615 0.5542593 1.985821
0.7815859 1.986509 1.996951 1.99861 1.999454
1.992847 1.98713 1.992573 1.991697 1.990864
1.988418 1.879079 1.99001 1.988892 1.991554
1.908935 1.977275
0.9941528
0.1119634 0.003179022 0.01165735 0.02047368 0.01824869
-0.007680075 -0.01593871 0.2033804 0.02662942 0.01394722
-0.007749878 0.02262311 -0.004147708 0.05624125 0.0741342
0.2978693 0.03017544 0.02020644 -0.01995357 -0.2881221
-0.09058661 0.1295987 0.01669746 -0.002382394 -0.002467497
-0.02379051 0.01373718 0.003288462 -0.01213262 0.03371223
-0.01322569 -0.008764114 0.02684874 -0.00158344 -0.009420429
0.005941512 -0.05170045 -0.01424071
0.1223916 0.005111077 0.01330485 0.02493595 0.01590283
-0.008822565 -0.01705001 0.1827838 0.02768489 0.01273293
-0.01118313 0.02106406 -0.006927581 0.05438557 0.0651229
0.3029952 0.02941902 0.01890194 -0.01706653 -0.2861809
-0.08632903 0.1310841 0.0196859 -0.003293726 -0.00325666
-0.02355476 0.01035194 0.0002043593 -0.01493751 0.03632185
-0.01513953 -0.01041046 0.03019948 -0.001809093 -0.01081959
0.008658116 -0.0610314 -0.01693313
1.998024 1.982556 1.9975 1.988321 1.997171
1.988811 0.1874761 1.988042 1.989319 1.995003
1.981946 1.982957 1.992775 1.991399 0.3135866
1.989628 1.992327 1.995615 0.5261304 1.985821
0.8051762 1.986509 1.996951 1.99861 1.999454
1.992847 1.98713 1.992573 1.991697 1.990864
1.988418 1.993131 1.99001 1.988892 1.991554
1.908935 1.977275
1.998024 1.982556 1.9975 1.988321 1.997171
1.988811 0.1803885 1.988042 1.989319 1.995003
1.981946 1.982957 1.992775 1.991399 0.2968314
1.989628 1.992327 1.995615 0.5542702 1.985821
0.7815837 1.986509 1.996951 1.99861 1.999454
1.992847 1.98713 1.992573 1.991697 1.990864
1.988418 1.878689 1.99001 1.988892 1.991554
1.908935 1.977275
0.9941524
0.1119648 0.003179703 0.01165718 0.02047372 0.01824864
-0.007681061 -0.0159378 0.2033787 0.02662821 0.01394761
-0.007749688 0.02262335 -0.004148768 0.05624048 0.07413406
0.297869 0.03017628 0.0202069 -0.01995309 -0.2881243
-0.09058656 0.1295993 0.01669745 -0.002382735 -0.002467448
-0.02379001 0.01373713 0.003288 -0.01213309 0.03371277
-0.01322612 -0.008763554 0.0268492 -0.0015842 -0.009420432
0.005940662 -0.05170093 -0.01424022
0.1223922 0.005111419 0.01330441 0.02493614 0.0159031
-0.008822348 -0.01704963 0.1827824 0.02768681 0.0127332
-0.01118296 0.02106404 -0.006927712 0.05438582 0.06512365
0.3029917 0.02941799 0.01890088 -0.01706689 -0.2861769
-0.08632916 0.1310822 0.01968676 -0.003293618 -0.003257296
-0.02355495 0.0103511 0.0002045815 -0.01493746 0.03632102
-0.01513901 -0.01041082 0.03019973 -0.001809102 -0.0108195
0.008658615 -0.06103156 -0.01693307
1.998024 1.982556 1.9975 1.988321 1.997171
1.988811 0.1874744 1.988042 1.989319 1.995003
1.981946 1.982957 1.992775 1.991399 0.3135497
1.989628 1.992327 1.995615 0.5261712 1.985821
0.8051257 1.986509 1.996951 1.99861 1.999454
1.992847 1.98713 1.992573 1.991697 1.990864
1.988418 1.993131 1.99001 1.988892 1.991554
1.908935 1.977275
1.998024 1.982556 1.9975 1.988321 1.997171
1.988811 0.180392 1.988042 1.989319 1.995003
1.981946 1.982957 1.992775 1.991399 0.296838
1.989628 1.992327 1.995615 0.5541863 1.985821
0.7815782 1.986509 1.996951 1.99861 1.999454
1.992847 1.98713 1.992573 1.991697 1.990864
1.988418 1.879031 1.99001 1.988892 1.991554
1.908935 1.977275
0.9941523
0.111959 0.003178543 0.01165692 0.02047367 0.01824802
-0.007680619 -0.01593825 0.2033843 0.02662888 0.01394758
-0.007749441 0.02262344 -0.004147171 0.05624166 0.07413405
0.2978687 0.03017606 0.02020603 -0.01995202 -0.2881214
-0.09058627 0.1295987 0.01669746 -0.002382328 -0.002467796
-0.02379032 0.0137371 0.003288997 -0.01213292 0.03371237
-0.0132259 -0.008763187 0.02684787 -0.001583825 -0.009420548
0.0059402 -0.05169966 -0.01424047
0.122389 0.005110598 0.0133047 0.0249364 0.01590388
-0.008823098 -0.01705068 0.1827847 0.02768546 0.01273338
-0.01118286 0.02106433 -0.006927197 0.05438579 0.06512293
0.3029934 0.02941954 0.01890149 -0.01706595 -0.2861796
-0.08632875 0.131083 0.01968618 -0.003293 -0.003256992
-0.02355468 0.01035118 0.0002050934 -0.01493682 0.03632236
-0.01514002 -0.01041016 0.03019931 -0.001809451 -0.0108191
0.008658693 -0.06103183 -0.01693268
1.998024 1.982556 1.9975 1.988321 1.997171
1.988811 0.1874913 1.988042 1.989319 1.995003
1.981946 1.982957 1.992775 1.991399 0.3135863
1.989628 1.992327 1.995615 0.5261626 1.985821
0.8051822 1.986509 1.996951 1.99861 1.999454
1.992847 1.98713 1.992573 1.991697 1.990864
1.988418 1.993131 1.99001 1.988892 1.991554
1.908935 1.977275
1.998024 1.982556 1.9975 1.988321 1.997171
1.988811 0.1803892 1.988042 1.989319 1.995003
1.981946 1.982957 1.992775 1.991399 0.2968391
1.989628 1.992327 1.995615 0.5542769 1.985821
0.7816059 1.986509 1.996951 1.99861 1.999454
1.992847 1.98713 1.992573 1.991697 1.990864
1.988418 1.879486 1.99001 1.988892 1.991554
1.908935 1.977275
0.9941524
0.111961 0.0031787 0.0116573 0.02047347 0.01824856
-0.00768059 -0.0159386 0.2033821 0.02662826 0.01394755
-0.007749726 0.02262336 -0.004147694 0.05624114 0.07413367
0.2978695 0.03017646 0.02020677 -0.01995255 -0.2881239
-0.09058628 0.1296002 0.01669721 -0.002382549 -0.002467353
-0.02379003 0.01373743 0.003288514 -0.01213275 0.03371281
-0.01322618 -0.008763567 0.02684869 -0.001583935 -0.009420501
0.005940667 -0.05170022 -0.01424043
0.1223903 0.005110887 0.01330477 0.02493605 0.01590278
-0.008822712 -0.01705003 0.1827848 0.02768497 0.01273298
-0.011183 0.02106414 -0.006927352 0.05438573 0.06512294
0.3029952 0.0294191 0.01890175 -0.01706619 -0.2861805
-0.08632895 0.1310838 0.01968593 -0.003293574 -0.003256799
-0.02355484 0.0103518 0.0002046313 -0.01493743 0.03632192
-0.01513955 -0.01041024 0.03019916 -0.001809086 -0.01081955
0.00865803 -0.06103123 -0.01693306
1.998024 1.982556 1.9975 1.988321 1.997171
1.988811 0.1874787 1.988042 1.989319 1.995003
1.981946 1.982957 1.992775 1.991399 0.3135703
1.989628 1.992327 1.995615 0.5261905 1.985821
0.8052048 1.986509 1.996951 1.99861 1.999454
1.992847 1.98713 1.992573 1.991697 1.990864
1.988418 1.993131 1.99001 1.988892 1.991554
1.908935 1.977275
1.998024 1.982556 1.9975 1.988321 1.997171
1.988811 0.1803922 1.988042 1.989319 1.995003
1.981946 1.982957 1.992775 1.991399 0.2968372
1.989628 1.992327 1.995615 0.5542716 1.985821
0.7815831 1.986509 1.996951 1.99861 1.999454
1.992847 1.98713 1.992573 1.991697 1.990864
1.988418 1.878787 1.99001 1.988892 1.991554
1.908935 1.977275
0.1464101
0.2163932 0.004782234 0.0144409 0.02154648 0.01134931
-0.002064171 -0.03361684 0.1429478 0.01656396 0.009093531
-0.01256437 0.0265017 -0.02592064 0.06253593 0.08242201
0.3072602 0.005975815 0.01767414 -0.05893329 -0.3001297
-0.1075547 0.1388204 0.02013304 0.001248804 0.01016454
-0.02634955 0.02015162 -0.003586355 -0.02517632 0.01548902
0.01740201 -0.02755176 0.03439989 0.006611575 0.008597183
-0.006500094 -0.05010387 -0.04075208
0.1223947 0.005111792 0.01330479 0.02493654 0.01590366
-0.008823483 -0.01704986 0.1827804 0.02768443 0.01273331
-0.01118298 0.02106409 -0.006928535 0.05438479 0.06512311
0.3029946 0.02941942 0.01890229 -0.01706694 -0.2861818
-0.08632915 0.1310827 0.01968596 -0.00329344 -0.003256798
-0.0235546 0.01035142 0.0002042311 -0.01493743 0.03632247
-0.01513998 -0.01041021 0.03019989 -0.001809582 -0.01081921
0.008658418 -0.06103253 -0.01693273
0.03829781 1.982556 1.9975 1.988321 1.997171
1.988811 1.997454 1.988042 1.989319 1.995003
1.981946 0.5562585 1.992775 1.991399 1.995308
1.989628 1.992327 1.995615 1.988922 0.4141031
1.977309 1.986509 1.996951 1.99861 1.999454
0.587383 1.98713 1.992573 0.2361093 1.990864
1.988418 1.993131 1.99001 1.988892 1.991554
0.2765127 1.977275
1.998024 1.982556 1.9975 1.988321 1.997171
1.988811 0.180382 1.988042 1.989319 1.995003
1.981946 1.982957 1.992775 1.991399 0.2968128
1.989628 1.992327 1.995615 0.5542791 1.985821
0.781501 1.986509 1.996951 1.99861 1.999454
1.992847 1.98713 1.992573 1.991697 1.990864
1.988418 1.879082 1.99001 1.988892 1.991554
1.908935 1.977275
0.9941528
0.1119634 0.003179058 0.0116573 0.02047368 0.01824865
-0.007680039 -0.01593865 0.2033804 0.02662957 0.01394721
-0.00774986 0.0226231 -0.004147696 0.05624129 0.07413426
0.2978691 0.03017534 0.02020635 -0.01995359 -0.2881217
-0.09058663 0.1295985 0.01669753 -0.002382391 -0.002467548
-0.02379053 0.01373713 0.003288465 -0.01213265 0.03371212
-0.01322563 -0.008764133 0.02684872 -0.00158343 -0.009420435
0.005941502 -0.05170043 -0.01424072
0.1223922 0.005111212 0.01330486 0.02493618 0.01590284
-0.008822774 -0.01704991 0.1827832 0.02768483 0.01273291
-0.01118306 0.02106405 -0.006927705 0.05438543 0.06512306
0.3029957 0.02941895 0.01890195 -0.01706665 -0.286181
-0.08632912 0.1310834 0.01968585 -0.003293625 -0.00325675
-0.02355491 0.01035182 0.0002044633 -0.01493753 0.03632197
-0.01513951 -0.01041029 0.03019929 -0.001809007 -0.01081953
0.008658176 -0.06103148 -0.01693306
1.998024 1.982556 1.9975 1.988321 1.997171
1.988811 0.187477 1.988042 1.989319 1.995003
1.981946 1.982957 1.992775 1.991399 0.3135875
1.989628 1.992327 1.995615 0.5261238 1.985821
0.8051744 1.986509 1.996951 1.99861 1.999454
1.992847 1.98713 1.992573 1.991697 1.990864
1.988418 1.993131 1.99001 1.988892 1.991554
1.908935 1.977275
1.998024 1.982556 1.9975 1.988321 1.997171
1.988811 0.1803889 1.988042 1.989319 1.995003
1.981946 1.982957 1.992775 1.991399 0.2968344
1.989628 1.992327 1.995615 0.5542642 1.985821
0.7815475 1.986509 1.996951 1.99861 1.999454
1.992847 1.98713 1.992573 1.991697 1.990864
1.988418 1.878712 1.99001 1.988892 1.991554
1.908935 1.977275
0.9941583
0.1119615 0.003178941 0.01165699 0.02047362 0.01824824
-0.007680085 -0.01593829 0.2033822 0.02662982 0.01394737
-0.007749644 0.02262323 -0.004147419 0.05624162 0.07413438
0.2978679 0.0301753 0.02020591 -0.01995298 -0.2881202
-0.09058649 0.1295983 0.01669776 -0.002382388 -0.002467808
-0.02379048 0.01373696 0.003288649 -0.01213285 0.03371184
-0.01322555 -0.008763873 0.0268484 -0.001583583 -0.00942052
0.005940928 -0.05170003 -0.0142407
0.1223832 0.005110317 0.01330378 0.02493599 0.0159007
-0.008823283 -0.01704857 0.1827926 0.02768533 0.0127331
-0.01118213 0.02106447 -0.00692628 0.05438685 0.0651234
0.3029942 0.02941899 0.01890038 -0.01706384 -0.2861769
-0.08632864 0.1310823 0.01968634 -0.003293532 -0.003257799
-0.02355531 0.01035134 0.0002056438 -0.01493793 0.03632126
-0.01513893 -0.01040884 0.03019706 -0.001809018 -0.01081999
0.008656048 -0.06102927 -0.01693302
1.998024 1.982556 1.9975 1.988321 1.997171
1.988811 0.1874855 1.988042 1.989319 1.995003
1.981946 1.982957 1.992775 1.991399 0.3135885
1.989628 1.992327 1.995615 0.526118 1.985821
0.8051835 1.986509 1.996951 1.99861 1.999454
1.992847 1.98713 1.992573 1.991697 1.990864
1.988418 1.993131 1.99001 1.988892 1.991554
1.908935 1.977275
1.998024 1.982556 1.9975 1.988321 1.997171
1.988811 0.1804268 1.988042 1.989319 1.995003
1.981946 1.982957 1.992775 1.991399 0.2968587
1.989628 1.992327 1.995615 0.5542568 1.985821
0.7815604 1.986509 1.996951 1.99861 1.999454
1.992847 1.98713 1.992573 1.991697 1.990864
1.988418 1.878571 1.99001 1.988892 1.991554
1.908935 1.977275
0.9941535
0.1119593 0.003178814 0.01165651 0.02047348 0.01824765
-0.007679527 -0.01593791 0.2033846 0.0266313 0.0139474
-0.007749431 0.02262326 -0.00414677 0.05624242 0.07413487
0.2978653 0.03017445 0.02020486 -0.01995266 -0.288116
-0.09058643 0.1295974 0.01669841 -0.002382319 -0.002468324
-0.02379064 0.01373656 0.003288895 -0.01213305 0.03371078
-0.013225 -0.008764012 0.026848 -0.001583474 -0.009420655
0.005940608 -0.05169941 -0.01424094
0.1223895 0.0051109 0.0133045 0.0249361 0.0159028
-0.008822736 -0.01704983 0.1827852 0.02768568 0.01273315
-0.01118284 0.0210642 -0.006927272 0.05438594 0.06512319
0.3029935 0.02941885 0.01890124 -0.017066 -0.2861787
-0.08632892 0.131083 0.0196863 -0.003293487 -0.003257117
-0.02355488 0.01035142 0.0002048271 -0.01493739 0.03632162
-0.0151394 -0.01041022 0.0301991 -0.001809178 -0.01081952
0.008658037 -0.06103117 -0.01693299
1.998024 1.982556 1.9975 1.988321 1.997171
1.988811 0.187498 1.988042 1.989319 1.995003
1.981946 1.982957 1.992775 1.991399 0.313603
1.989628 1.992327 1.995615 0.5260637 1.985821
0.8052132 1.986509 1.996951 1.99861 1.999454
1.992847 1.98713 1.992573 1.991697 1.990864
1.988418 1.993131 1.99001 1.988892 1.991554
1.908935 1.977275
1.998024 1.982556 1.9975 1.988321 1.997171
1.988811 0.1803964 1.988042 1.989319 1.995003
1.981946 1.982957 1.992775 1.991399 0.2968399
1.989628 1.992327 1.995615 0.554246 1.985821
0.7815881 1.986509 1.996951 1.99861 1.999454
1.992847 1.98713 1.992573 1.991697 1.990864
1.988418 1.878965 1.99001 1.988892 1.991554
1.908935 1.977275
0.9941538
0.1119612 0.003179149 0.01165667 0.0204733 0.01824797
-0.007679577 -0.01593787 0.2033826 0.02663094 0.01394746
-0.007749588 0.02262323 -0.004147362 0.05624197 0.07413469
0.2978652 0.0301747 0.02020532 -0.01995302 -0.2881174
-0.09058644 0.1295984 0.01669839 -0.002382575 -0.002468073
-0.02379033 0.0137367 0.003288397 -0.01213307 0.03371097
-0.01322518 -0.008764284 0.02684875 -0.001583704 -0.009420643
0.005940786 -0.05169989 -0.01424087
0.122408 0.005114362 0.01330788 0.02491987 0.01586542
-0.008806267 -0.01703274 0.1828133 0.02766712 0.01271918
-0.01118875 0.02105864 -0.006926678 0.05438784 0.06511843
0.3030546 0.0294088 0.01891105 -0.01706882 -0.2862136
-0.08633279 0.1311279 0.01967683 -0.003313399 -0.003247802
-0.0235572 0.01037584 0.0001894252 -0.01495601 0.03630707
-0.01512588 -0.01041415 0.03019473 -0.001797863 -0.0108356
0.008634157 -0.0610075 -0.01694676
1.998024 1.982556 1.9975 1.988321 1.997171
1.988811 0.1874894 1.988042 1.989319 1.995003
1.981946 1.982957 1.992775 1.991399 0.313584
1.989628 1.992327 1.995615 0.5260787 1.985821
0.8052234 1.986509 1.996951 1.99861 1.999454
1.992847 1.98713 1.992573 1.991697 1.990864
1.988418 1.993131 1.99001 1.988892 1.991554
1.908935 1.977275
1.998024 1.982556 1.9975 1.988321 1.997171
1.988811 0.1804962 1.988042 1.989319 1.995003
1.981946 1.982957 1.992775 1.991399 0.2967778
1.989628 1.992327 1.995615 0.5544104 1.985821
0.7816604 1.986509 1.996951 1.99861 1.999454
1.992847 1.98713 1.992573 1.991697 1.990864
1.988418 1.855589 1.99001 1.988892 1.991554
1.908935 1.977275
0.9941533
0.1119639 0.003179157 0.01165731 0.0204737 0.01824867
-0.007680001 -0.01593862 0.20338 0.02662968 0.01394719
-0.007749881 0.02262308 -0.004147774 0.05624125 0.07413433
0.297869 0.03017523 0.02020633 -0.01995374 -0.2881216
-0.09058667 0.1295984 0.01669758 -0.002382398 -0.00246756
-0.02379056 0.01373709 0.003288408 -0.01213265 0.03371206
-0.01322558 -0.008764209 0.02684879 -0.001583403 -0.009420426
0.005941596 -0.05170051 -0.01424074
0.1223901 0.005110781 0.01330484 0.02493615 0.01590305
-0.008822775 -0.01705027 0.1827847 0.02768498 0.012733
-0.011183 0.02106417 -0.006927284 0.05438572 0.0651229
0.3029953 0.02941921 0.01890178 -0.01706621 -0.2861806
-0.08632893 0.1310836 0.01968589 -0.003293425 -0.003256779
-0.02355485 0.01035173 0.0002047507 -0.01493727 0.0363221
-0.01513967 -0.01041021 0.03019914 -0.001809087 -0.01081944
0.00865825 -0.06103136 -0.01693299
1.998024 1.982556 1.9975 1.988321 1.997171
1.988811 0.1874761 1.988042 1.989319 1.995003
1.981946 1.982957 1.992775 1.991399 0.3135873
1.989628 1.992327 1.995615 0.5261167 1.985821
0.8051688 1.986509 1.996951 1.99861 1.999454
1.992847 1.98713 1.992573 1.991697 1.990864
1.988418 1.993131 1.99001 1.988892 1.991554
1.908935 1.977275
1.998024 1.982556 1.9975 1.988321 1.997171
1.988811 0.1803905 1.988042 1.989319 1.995003
1.981946 1.982957 1.992775 1.991399 0.2968399
1.989628 1.992327 1.995615 0.5542759 1.985821
0.7815857 1.986509 1.996951 1.99861 1.999454
1.992847 1.98713 1.992573 1.991697 1.990864
1.988418 1.878918 1.99001 1.988892 1.991554
1.908935 1.977275
0.2592594
0.2105849 0.007548722 0.01042215 0.02237945 0.008960805
-0.003631879 -0.03599081 0.1448088 0.02079191 0.006115582
-0.01846482 0.02545393 -0.02123778 0.05846728 0.08415178
0.3062056 0.01435259 0.0220604 -0.06089498 -0.299718
-0.1005478 0.1374578 0.01357524 -0.007417882 0.002880229
-0.0229141 0.03856132 -0.006830936 -0.03097462 0.01344681
0.02005187 -0.02294888 0.03524274 0.009755107 0.001897901
-0.00109742 -0.04756989 -0.03907102
0.1223951 0.005111804 0.01330482 0.02493573 0.01590263
-0.008822241 -0.01704947 0.1827811 0.02768508 0.01273288
-0.01118332 0.02106386 -0.006928299 0.05438523 0.0651231
0.3029945 0.02941846 0.01890208 -0.01706734 -0.2861808
-0.08632927 0.1310844 0.0196861 -0.003294209 -0.003256582
-0.02355464 0.01035209 0.0002036685 -0.01493793 0.03632131
-0.01513921 -0.01041098 0.03020022 -0.001809135 -0.01081979
0.008658079 -0.06103168 -0.01693334
0.05584964 1.982556 1.9975 1.95715 0.7777282
1.988811 1.997454 1.988042 1.989319 1.995003
1.981946 0.7234685 1.992775 1.991399 1.995308
1.989628 1.992327 1.995615 0.6059713 1.985821
1.977309 1.986509 0.5990583 1.99861 1.999454
0.4382839 1.757401 0.3936313 0.3312898 1.990864
1.988418 1.993131 1.99001 1.988892 1.991554
1.908935 1.977275
1.998024 1.982556 1.9975 1.988321 1.997171
1.988811 0.1803839 1.988042 1.989319 1.995003
1.981946 1.982957 1.992775 1.991399 0.2968155
1.989628 1.992327 1.995615 0.5542414 1.985821
0.7815649 1.986509 1.996951 1.99861 1.999454
1.992847 1.98713 1.992573 1.991697 1.990864
1.988418 1.878392 1.99001 1.988892 1.991554
1.908935 1.977275
0.9941539
0.1119625 0.003179075 0.01165711 0.02047369 0.0182484
-0.007680223 -0.01593833 0.2033812 0.02662953 0.01394734
-0.007749704 0.02262321 -0.004147664 0.05624138 0.07413433
0.2978685 0.03017543 0.02020615 -0.01995317 -0.2881212
-0.09058655 0.1295984 0.01669764 -0.00238241 -0.002467699
-0.02379047 0.01373702 0.003288544 -0.01213282 0.03371205
-0.01322564 -0.008763876 0.02684854 -0.001583596 -0.009420477
0.005941065 -0.05170026 -0.01424064
0.1223869 0.005110226 0.01330466 0.0249357 0.01590294
-0.008822511 -0.01705047 0.1827875 0.02768524 0.01273317
-0.01118297 0.02106431 -0.006926709 0.05438627 0.06512257
0.3029938 0.02941953 0.01890147 -0.01706541 -0.2861797
-0.08632858 0.1310849 0.0196861 -0.003293474 -0.003256777
-0.02355454 0.0103518 0.0002048485 -0.01493714 0.03632187
-0.01513976 -0.01041031 0.0301992 -0.001809353 -0.01081953
0.008657928 -0.06103095 -0.01693304
1.998024 1.982556 1.9975 1.988321 1.997171
1.988811 0.1874819 1.988042 1.989319 1.995003
1.981946 1.982957 1.992775 1.991399 0.3135844
1.989628 1.992327 1.995615 0.5261256 1.985821
0.8051681 1.986509 1.996951 1.99861 1.999454
1.992847 1.98713 1.992573 1.991697 1.990864
1.988418 1.993131 1.99001 1.988892 1.991554
1.908935 1.977275
1.998024 1.982556 1.9975 1.988321 1.997171
1.988811 0.180395 1.988042 1.989319 1.995003
1.981946 1.982957 1.992775 1.991399 0.2968384
1.989628 1.992327 1.995615 0.5542931 1.985821
0.7816732 1.986509 1.996951 1.99861 1.999454
1.992847 1.98713 1.992573 1.991697 1.990864
1.988418 1.879011 1.99001 1.988892 1.991554
1.908935 1.977275
0.9941521
0.1119648 0.003179379 0.01165728 0.02047362 0.01824872
-0.007679903 -0.01593847 0.2033792 0.0266299 0.0139472
-0.00774992 0.02262305 -0.00414799 0.05624117 0.07413442
0.2978684 0.03017508 0.02020632 -0.01995396 -0.2881213
-0.09058671 0.1295985 0.01669773 -0.002382502 -0.002467566
-0.02379049 0.01373704 0.003288189 -0.01213272 0.03371188
-0.01322551 -0.008764405 0.0268491 -0.001583466 -0.009420437
0.00594168 -0.05170068 -0.01424076
0.122392 0.00511101 0.01330481 0.02493584 0.01590372
-0.008821819 -0.01705054 0.1827821 0.02768673 0.01273309
-0.01118332 0.02106401 -0.006927452 0.05438588 0.06512316
0.3029921 0.02941826 0.01890126 -0.0170672 -0.2861781
-0.08632905 0.1310839 0.01968655 -0.003293627 -0.003256809
-0.02355469 0.0103515 0.0002043918 -0.01493712 0.03632121
-0.01513929 -0.01041137 0.03020032 -0.001809085 -0.01081942
0.008659205 -0.0610318 -0.01693318
1.998024 1.982556 1.9975 1.988321 1.997171
1.988811 0.1874742 1.988042 1.989319 1.995003
1.981946 1.982957 1.992775 1.991399 0.3135814
1.989628 1.992327 1.995615 0.5261066 1.985821
0.8051719 1.986509 1.996951 1.99861 1.999454
1.992847 1.98713 1.992573 1.991697 1.990864
1.988418 1.993131 1.99001 1.988892 1.991554
1.908935 1.977275
1.998024 1.982556 1.9975 1.988321 1.997171
1.988811 0.180382 1.988042 1.989319 1.995003
1.981946 1.982957 1.992775 1.991399 0.2968374
1.989628 1.992327 1.995615 0.5542098 1.985821
0.781654 1.986509 1.996951 1.99861 1.999454
1.992847 1.98713 1.992573 1.991697 1.990864
1.988418 1.879097 1.99001 1.988892 1.991554
1.908935 1.977275
0.8629758
0.2089882 -0.005654476 0.0222117 0.02369557 0.01072008
0.002268257 -0.04103869 0.1519011 0.01931901 0.002991872
-0.02718508 0.02791711 -0.02448829 0.06000753 0.07986614
0.3055949 0.01264264 0.01824087 -0.04317433 -0.2978765
-0.100509 0.1324255 0.01000194 -0.01088776 0.01395181
-0.03092661 0.02192163 -0.01269311 -0.02156321 0.01494483
0.01774058 -0.01163706 0.03097804 0.01722095 0.01080174
-0.01416848 -0.04216383 -0.04378819
0.1224006 0.005112125 0.01330562 0.02493618 0.01590502
-0.00882182 -0.01705109 0.1827739 0.02768569 0.01273288
-0.01118396 0.02106364 -0.006928994 0.05438441 0.06512302
0.3029944 0.02941828 0.01890277 -0.01706949 -0.2861823
-0.08632958 0.1310842 0.01968599 -0.003293799 -0.003256019
-0.02355449 0.01035193 0.0002033229 -0.0149371 0.03632193
-0.01513972 -0.01041217 0.03020184 -0.001809062 -0.01081913
0.008660484 -0.06103358 -0.01693318
1.998024 1.982556 1.9975 1.988321 1.997171
1.988811 1.997454 1.988042 1.989319 1.995003
1.981946 0.4445993 1.992775 1.100302 1.995308
0.6841075 0.1693139 1.995615 1.988922 0.3094803
1.977309 1.986509 1.996951 1.99861 1.999454
1.992847 1.98713 1.992573 1.991697 0.8103857
1.988418 1.993131 0.5695386 1.988892 1.991554
0.3145993 0.4575464
1.998024 1.982556 1.9975 1.988321 1.997171
1.988811 0.180354 1.988042 1.989319 1.995003
1.981946 1.982957 1.992775 1.991399 0.2968124
1.989628 1.992327 1.995615 0.5542224 1.985821
0.7815776 1.986509 1.996951 1.99861 1.999454
1.992847 1.98713 1.992573 1.991697 1.990864
1.988418 1.879004 1.99001 1.988892 1.991554
1.908935 1.977275
0.9941535
0.111963 0.003178888 0.01165736 0.02047377 0.01824865
-0.007680023 -0.01593884 0.2033809 0.02662954 0.01394714
-0.007749866 0.02262308 -0.004147495 0.05624138 0.07413425
0.2978696 0.03017533 0.02020634 -0.01995357 -0.2881218
-0.09058664 0.1295983 0.01669742 -0.002382277 -0.002467542
-0.02379066 0.01373717 0.003288644 -0.01213255 0.0337122
-0.01322563 -0.008764068 0.02684848 -0.001583289 -0.009420413
0.005941589 -0.05170033 -0.01424075
0.1223909 0.005111023 0.0133047 0.02493607 0.01590294
-0.008822628 -0.01704998 0.1827841 0.02768539 0.01273304
-0.01118301 0.02106412 -0.006927469 0.05438572 0.06512308
0.3029943 0.02941888 0.01890158 -0.0170664 -0.2861797
-0.086329 0.1310835 0.01968612 -0.003293577 -0.003256889
-0.02355483 0.01035164 0.0002045919 -0.01493741 0.03632174
-0.01513946 -0.01041041 0.03019937 -0.00180912 -0.01081952
0.008658221 -0.06103138 -0.01693305
1.998024 1.982556 1.9975 1.988321 1.997171
1.988811 0.1874778 1.988042 1.989319 1.995003
1.981946 1.982957 1.992775 1.991399 0.3135954
1.989628 1.992327 1.995615 0.5261248 1.985821
0.8051707 1.986509 1.996951 1.99861 1.999454
1.992847 1.98713 1.992573 1.991697 1.990864
1.988418 1.993131 1.99001 1.988892 1.991554
1.908935 1.977275
1.998024 1.982556 1.9975 1.988321 1.997171
1.988811 0.1803911 1.988042 1.989319 1.995003
1.981946 1.982957 1.992775 1.991399 0.2968362
1.989628 1.992327 1.995615 0.5542533 1.985821
0.7815841 1.986509 1.996951 1.99861 1.999454
1.992847 1.98713 1.992573 1.991697 1.990864
1.988418 1.878868 1.99001 1.988892 1.991554
1.908935 1.977275
0.9941561
0.1119626 0.003179086 0.01165716 0.0204736 0.01824849
-0.007680321 -0.01593834 0.203381 0.02662919 0.01394742
-0.007749732 0.02262324 -0.004147814 0.05624123 0.07413416
0.2978686 0.0301757 0.02020637 -0.0199531 -0.288122
-0.09058649 0.129599 0.01669757 -0.002382506 -0.002467583
-0.02379029 0.01373713 0.003288418 -0.01213283 0.03371224
-0.01322579 -0.008763862 0.02684874 -0.00158374 -0.009420484
0.005940985 -0.05170035 -0.01424057
0.1223848 0.005110229 0.0133043 0.02493587 0.01590125
-0.008822976 -0.01704931 0.1827909 0.02768471 0.01273289
-0.01118252 0.02106436 -0.006926393 0.05438654 0.06512295
0.3029958 0.02941928 0.01890112 -0.01706448 -0.2861792
-0.08632868 0.1310836 0.0196859 -0.003293592 -0.003257217
-0.02355512 0.01035185 0.000205288 -0.01493774 0.03632167
-0.01513925 -0.01040927 0.03019762 -0.001808927 -0.01081991
0.0086566 -0.06102971 -0.01693312
1.998024 1.982556 1.9975 1.988321 1.997171
1.988811 0.1874796 1.988042 1.989319 1.995003
1.981946 1.982957 1.992775 1.991399 0.3135765
1.989628 1.992327 1.995615 0.5261423 1.985821
0.805178 1.986509 1.996951 1.99861 1.999454
1.992847 1.98713 1.992573 1.991697 1.990864
1.988418 1.993131 1.99001 1.988892 1.991554
1.908935 1.977275
1.998024 1.982556 1.9975 1.988321 1.997171
1.988811 0.1804144 1.988042 1.989319 1.995003
1.981946 1.982957 1.992775 1.991399 0.2968541
1.989628 1.992327 1.995615 0.5542871 1.985821
0.7815873 1.986509 1.996951 1.99861 1.999454
1.992847 1.98713 1.992573 1.991697 1.990864
1.988418 1.878497 1.99001 1.988892 1.991554
1.908935 1.977275
0.9941529
0.1119595 0.003178711 0.01165679 0.02047325 0.018248
-0.007679735 -0.01593819 0.2033839 0.02663028 0.01394752
-0.007749578 0.02262331 -0.004147079 0.05624201 0.07413432
0.2978662 0.03017523 0.02020557 -0.01995257 -0.2881187
-0.09058628 0.1295991 0.01669806 -0.002382519 -0.002467917
-0.02379023 0.01373694 0.003288618 -0.01213294 0.03371142
-0.01322545 -0.008764021 0.02684851 -0.001583741 -0.009420648
0.005940593 -0.05169967 -0.0142408
0.1223923 0.005111522 0.0133045 0.02493619 0.01590233
-0.008822832 -0.0170492 0.1827835 0.02768533 0.01273299
-0.01118286 0.02106404 -0.006927854 0.05438554 0.06512345
0.3029945 0.02941849 0.01890148 -0.01706651 -0.2861794
-0.0863292 0.1310825 0.0196862 -0.003293771 -0.003257118
-0.02355504 0.01035155 0.0002044712 -0.01493783 0.03632147
-0.01513914 -0.01041018 0.03019911 -0.001809025 -0.01081968
0.008657774 -0.06103122 -0.01693309
1.998024 1.982556 1.9975 1.988321 1.997171
1.988811 0.18749 1.988042 1.989319 1.995003
1.981946 1.982957 1.992775 1.991399 0.313586
1.989628 1.992327 1.995615 0.5261137 1.985821
0.8052438 1.986509 1.996951 1.99861 1.999454
1.992847 1.98713 1.992573 1.991697 1.990864
1.988418 1.993131 1.99001 1.988892 1.991554
1.908935 1.977275
1.998024 1.982556 1.9975 1.988321 1.997171
1.988811 0.1803961 1.988042 1.989319 1.995003
1.981946 1.982957 1.992775 1.991399 0.2968335
1.989628 1.992327 1.995615 0.5542312 1.985821
0.7815203 1.986509 1.996951 1.99861 1.999454
1.992847 1.98713 1.992573 1.991697 1.990864
1.988418 1.878618 1.99001 1.988892 1.991554
1.908935 1.977275
0.9941522
0.1119633 0.003179107 0.01165721 0.0204737 0.01824854
-0.00768001 -0.01593852 0.2033806 0.02662979 0.01394722
-0.007749811 0.02262311 -0.00414766 0.05624137 0.07413438
0.2978687 0.03017519 0.02020618 -0.01995355 -0.2881211
-0.09058664 0.1295983 0.01669764 -0.002382378 -0.00246765
-0.02379057 0.01373703 0.003288493 -0.01213271 0.03371196
-0.01322554 -0.008764121 0.02684865 -0.001583426 -0.009420449
0.005941432 -0.05170037 -0.01424074
0.1223906 0.005110703 0.01330499 0.02493664 0.01590402
-0.008822962 -0.0170509 0.1827831 0.02768546 0.01273312
-0.011183 0.02106421 -0.006927286 0.05438558 0.06512306
0.302995 0.0294192 0.01890169 -0.01706661 -0.2861803
-0.08632899 0.1310824 0.01968593 -0.003292934 -0.003256868
-0.02355498 0.01035129 0.0002051207 -0.01493678 0.0363225
-0.0151399 -0.01041026 0.03019922 -0.001809039 -0.01081905
0.008659181 -0.06103196 -0.01693274
1.998024 1.982556 1.9975 1.988321 1.997171
1.988811 0.1874791 1.988042 1.989319 1.995003
1.981946 1.982957 1.992775 1.991399 0.313589
1.989628 1.992327 1.995615 0.5261136 1.985821
0.80517 1.986509 1.996951 1.99861 1.999454
1.992847 1.98713 1.992573 1.991697 1.990864
1.988418 1.993131 1.99001 1.988892 1.991554
1.908935 1.977275
1.998024 1.982556 1.9975 1.988321 1.997171
1.988811 0.1803845 1.988042 1.989319 1.995003
1.981946 1.982957 1.992775 1.991399 0.2968493
1.989628 1.992327 1.995615 0.5542625 1.985821
0.7815716 1.986509 1.996951 1.99861 1.999454
1.992847 1.98713 1.992573 1.991697 1.990864
1.988418 1.879394 1.99001 1.988892 1.991554
1.908935 1.977275
0.9941531
0.1119634 0.003179065 0.01165729 0.02047368 0.01824863
-0.007680041 -0.01593863 0.2033804 0.02662958 0.01394722
-0.007749854 0.02262311 -0.004147698 0.05624129 0.07413427
0.297869 0.03017533 0.02020633 -0.01995357 -0.2881217
-0.09058662 0.1295985 0.01669754 -0.002382394 -0.002467557
-0.02379053 0.01373712 0.003288462 -0.01213266 0.03371211
-0.01322563 -0.008764129 0.02684872 -0.001583438 -0.009420438
0.005941485 -0.05170043 -0.01424072
0.1223898 0.005110661 0.01330491 0.02493617 0.0159028
-0.008822609 -0.01705029 0.1827851 0.02768505 0.01273281
-0.01118303 0.02106413 -0.006927079 0.05438583 0.06512296
0.3029962 0.02941899 0.01890173 -0.01706627 -0.2861806
-0.086329 0.1310835 0.01968578 -0.003293437 -0.003256768
-0.02355506 0.01035184 0.0002048675 -0.0149373 0.03632203
-0.0151395 -0.01041019 0.03019885 -0.001808796 -0.01081952
0.00865827 -0.06103107 -0.01693308
1.998024 1.982556 1.9975 1.988321 1.997171
1.988811 0.1874772 1.988042 1.989319 1.995003
1.981946 1.982957 1.992775 1.991399 0.3135872
1.989628 1.992327 1.995615 0.5261233 1.985821
0.8051744 1.986509 1.996951 1.99861 1.999454
1.992847 1.98713 1.992573 1.991697 1.990864
1.988418 1.993131 1.99001 1.988892 1.991554
1.908935 1.977275
1.998024 1.982556 1.9975 1.988321 1.997171
1.988811 0.1803921 1.988042 1.989319 1.995003
1.981946 1.982957 1.992775 1.991399 0.2968497
1.989628 1.992327 1.995615 0.5542675 1.985821
0.7815803 1.986509 1.996951 1.99861 1.999454
1.992847 1.98713 1.992573 1.991697 1.990864
1.988418 1.878785 1.99001 1.988892 1.991554
1.908935 1.977275
0.4359373
0.1971821 0.005679571 0.01739428 0.02799351 0.01019384
0.001141056 -0.03626985 0.1425716 0.0200664 0.006950001
-0.02556751 0.03340328 -0.0126918 0.05896428 0.08331516
0.3040308 0.01240725 0.01812728 -0.05109121 -0.3063802
-0.09597827 0.1412277 0.01288307 -0.01395649 0.006672864
-0.02726165 0.02734024 -0.006469952 -0.02389761 0.00783878
0.02442326 -0.01828607 0.04079119 0.01144832 0.01109268
-0.01623965 -0.03944803 -0.04335092
0.12239 0.005110635 0.01330485 0.02493596 0.01590375
-0.008822343 -0.01705077 0.1827839 0.02768584 0.01273318
-0.01118317 0.02106418 -0.006927189 0.0543859 0.06512283
0.3029932 0.02941908 0.01890153 -0.01706647 -0.2861794
-0.08632883 0.1310841 0.01968624 -0.003293375 -0.003256737
-0.02355459 0.01035156 0.000204675 -0.01493695 0.03632185
-0.01513974 -0.01041081 0.03019985 -0.001809272 -0.01081931
0.008658873 -0.06103172 -0.01693299
0.138072 1.982556 1.9975 1.988321 0.4033034
1.988811 1.997454 0.3813932 1.989319 1.995003
1.981946 1.982957 1.992775 1.991399 1.995308
1.989628 0.7093808 1.995615 1.988922 1.985821
1.977309 1.986509 1.996951 1.99861 1.999454
1.992847 1.98713 0.06997055 0.2614743 1.990864
1.988418 1.993131 1.99001 1.988892 1.991554
1.908935 1.977275
1.998024 1.982556 1.9975 1.988321 1.997171
1.988811 0.1803847 1.988042 1.989319 1.995003
1.981946 1.982957 1.992775 1.991399 0.2968373
1.989628 1.992327 1.995615 0.5542595 1.985821
0.7816527 1.986509 1.996951 1.99861 1.999454
1.992847 1.98713 1.992573 1.991697 1.990864
1.988418 1.879219 1.99001 1.988892 1.991554
1.908935 1.977275
0.9941539
0.1119634 0.003179061 0.0116573 0.02047368 0.01824864
-0.007680034 -0.01593864 0.2033804 0.02662958 0.01394721
-0.007749859 0.0226231 -0.004147695 0.05624129 0.07413427
0.297869 0.03017533 0.02020634 -0.01995359 -0.2881217
-0.09058663 0.1295985 0.01669754 -0.002382391 -0.002467552
-0.02379053 0.01373713 0.003288463 -0.01213265 0.03371211
-0.01322563 -0.008764137 0.02684872 -0.001583429 -0.009420436
0.005941501 -0.05170043 -0.01424072
0.1223882 0.005110455 0.01330477 0.02493567 0.01590257
-0.008822481 -0.01705022 0.1827869 0.02768478 0.01273297
-0.01118305 0.02106421 -0.006926928 0.05438606 0.06512257
0.3029951 0.02941942 0.01890177 -0.01706567 -0.2861807
-0.08632872 0.1310851 0.01968588 -0.00329368 -0.003256638
-0.02355463 0.01035208 0.0002046152 -0.01493739 0.03632187
-0.01513965 -0.01041028 0.03019914 -0.001809184 -0.01081967
0.008657721 -0.06103086 -0.01693316
1.998024 1.982556 1.9975 1.988321 1.997171
1.988811 0.187477 1.988042 1.989319 1.995003
1.981946 1.982957 1.992775 1.991399 0.3135875
1.989628 1.992327 1.995615 0.5261231 1.985821
0.8051745 1.986509 1.996951 1.99861 1.999454
1.992847 1.98713 1.992573 1.991697 1.990864
1.988418 1.993131 1.99001 1.988892 1.991554
1.908935 1.977275
1.998024 1.982556 1.9975 1.988321 1.997171
1.988811 0.1803942 1.988042 1.989319 1.995003
1.981946 1.982957 1.992775 1.991399 0.2968362
1.989628 1.992327 1.995615 0.5542968 1.985821
0.7816432 1.986509 1.996951 1.99861 1.999454
1.992847 1.98713 1.992573 1.991697 1.990864
1.988418 1.878712 1.99001 1.988892 1.991554
1.908935 1.977275
0.9941521
0.1119614 0.003178553 0.01165737 0.02047375 0.01824858
-0.007680233 -0.01593897 0.2033822 0.026629 0.01394723
-0.007749793 0.02262318 -0.004147261 0.05624144 0.07413399
0.2978702 0.03017577 0.02020645 -0.01995305 -0.2881226
-0.09058649 0.1295987 0.0166972 -0.002382233 -0.002467483
-0.02379057 0.01373731 0.00328886 -0.01213252 0.03371253
-0.01322585 -0.008763747 0.0268482 -0.001583378 -0.009420431
0.005941265 -0.05170009 -0.01424066
0.1223923 0.005111115 0.01330496 0.02493615 0.01590341
-0.008822684 -0.01705034 0.1827825 0.02768498 0.01273302
-0.01118317 0.02106407 -0.006927714 0.0543854 0.06512291
0.302995 0.02941912 0.01890203 -0.0170668 -0.2861811
-0.08632904 0.1310838 0.01968591 -0.003293523 -0.003256632
-0.02355472 0.01035177 0.0002044128 -0.01493728 0.0363221
-0.01513973 -0.01041055 0.03019971 -0.001809171 -0.01081938
0.008658584 -0.06103185 -0.016933
1.998024 1.982556 1.9975 1.988321 1.997171
1.988811 0.1874803 1.988042 1.989319 1.995003
1.981946 1.982957 1.992775 1.991399 0.3135961
1.989628 1.992327 1.995615 0.5261528 1.985821
0.8051822 1.986509 1.996951 1.99861 1.999454
1.992847 1.98713 1.992573 1.991697 1.990864
1.988418 1.993131 1.99001 1.988892 1.991554
1.908935 1.977275
1.998024 1.982556 1.9975 1.988321 1.997171
1.988811 0.1803835 1.988042 1.989319 1.995003
1.981946 1.982957 1.992775 1.991399 0.2968306
1.989628 1.992327 1.995615 0.5542705 1.985821
0.7815791 1.986509 1.996951 1.99861 1.999454
1.992847 1.98713 1.992573 1.991697 1.990864
1.988418 1.87893 1.99001 1.988892 1.991554
1.908935 1.977275
0.9941532
0.1119629 0.00317901 0.01165729 0.02047364 0.01824862
-0.007680203 -0.01593859 0.2033807 0.02662924 0.0139473
-0.007749819 0.02262317 -0.004147736 0.05624123 0.07413414
0.2978691 0.03017561 0.02020645 -0.01995333 -0.2881223
-0.09058655 0.1295989 0.01669747 -0.002382436 -0.002467511
-0.02379041 0.01373719 0.003288462 -0.01213269 0.03371229
-0.01322577 -0.00876398 0.02684872 -0.00158357 -0.00942045
0.005941278 -0.0517004 -0.01424064
0.1223909 0.005111041 0.01330478 0.02493581 0.0159022
-0.008822469 -0.01704967 0.1827849 0.02768477 0.01273279
-0.01118308 0.02106404 -0.006927437 0.05438573 0.06512293
0.3029958 0.02941887 0.01890186 -0.0170663 -0.2861808
-0.08632904 0.1310843 0.01968585 -0.003293906 -0.003256697
-0.02355487 0.01035212 0.0002043507 -0.01493775 0.03632163
-0.0151393 -0.01041033 0.03019915 -0.001808939 -0.0108198
0.008657665 -0.06103092 -0.01693327
1.998024 1.982556 1.9975 1.988321 1.997171
1.988811 0.1874774 1.988042 1.989319 1.995003
1.981946 1.982957 1.992775 1.991399 0.3135824
1.989628 1.992327 1.995615 0.5261395 1.985821
0.8051781 1.986509 1.996951 1.99861 1.999454
1.992847 1.98713 1.992573 1.991697 1.990864
1.988418 1.993131 1.99001 1.988892 1.991554
1.908935 1.977275
1.998024 1.982556 1.9975 1.988321 1.997171
1.988811 0.1803937 1.988042 1.989319 1.995003
1.981946 1.982957 1.992775 1.991399 0.2968346
1.989628 1.992327 1.995615 0.5542682 1.985821
0.7815787 1.986509 1.996951 1.99861 1.999454
1.992847 1.98713 1.992573 1.991697 1.990864
1.988418 1.878426 1.99001 1.988892 1.991554
1.908935 1.977275
