1
0.111968 0.00317958 0.01165783 0.0204739 0.01824939
-0.007680138 -0.01593904 0.2033761 0.02662906 0.01394694
-0.00775023 0.02262287 -0.004148529 0.05624049 0.07413419
0.2978711 0.03017536 0.02020719 -0.01995484 -0.2881246
-0.09058696 0.1295986 0.01669717 -0.002382434 -0.002467114
-0.02379065 0.01373734 0.003287998 -0.01213239 0.03371265
-0.01322578 -0.008764561 0.02684942 -0.001583226 -0.009420254
0.005942528 -0.05170138 -0.01424069
0.1119619 0.003178958 0.01165704 0.02047346 0.01824834
-0.007679686 -0.01593843 0.2033818 0.02663031 0.0139473
-0.007749759 0.02262314 -0.004147368 0.05624172 0.07413443
0.2978673 0.030175 0.02020583 -0.01995332 -0.2881195
-0.09058651 0.1295986 0.01669792 -0.002382445 -0.002467779
-0.02379046 0.01373697 0.003288496 -0.01213277 0.03371154
-0.01322539 -0.008764272 0.02684869 -0.001583482 -0.009420541
0.005941243 -0.05170009 -0.01424085
1.998024 1.982556 1.9975 1.988321 1.997171
1.988811 0.1874605 1.988042 1.989319 1.995003
1.981946 1.982957 1.992775 1.991399 0.3135799
1.989628 1.992327 1.995615 0.5261286 1.985821
0.8051286 1.986509 1.996951 1.99861 1.999454
1.992847 1.98713 1.992573 1.991697 1.990864
1.988418 1.993131 1.99001 1.988892 1.991554
1.908935 1.977275
1.998024 1.982556 1.9975 1.988321 1.997171
1.988811 0.187483 1.988042 1.989319 1.995003
1.981946 1.982957 1.992775 1.991399 0.31359
1.989628 1.992327 1.995615 0.5261016 1.985821
0.8052111 1.986509 1.996951 1.99861 1.999454
1.992847 1.98713 1.992573 1.991697 1.990864
1.988418 1.993131 1.99001 1.988892 1.991554
1.908935 1.977275
1
0.1119624 0.003178892 0.01165733 0.0204735 0.01824866
-0.007680123 -0.0159387 0.203381 0.02662914 0.01394734
-0.007749855 0.02262319 -0.004147682 0.05624125 0.07413399
0.297869 0.03017575 0.02020654 -0.01995325 -0.2881226
-0.09058647 0.1295995 0.01669744 -0.002382499 -0.002467428
-0.02379027 0.01373729 0.003288407 -0.01213265 0.03371234
-0.01322584 -0.008764049 0.02684886 -0.001583632 -0.009420476
0.005941251 -0.05170036 -0.01424065
0.1119624 0.00317883 0.01165731 0.0204737 0.01824859
-0.007680139 -0.01593875 0.2033813 0.02662931 0.01394725
-0.007749813 0.02262315 -0.004147497 0.05624137 0.07413414
0.2978695 0.03017555 0.02020637 -0.01995329 -0.2881221
-0.09058655 0.1295987 0.0166974 -0.002382332 -0.002467532
-0.02379052 0.0137372 0.00328864 -0.01213261 0.03371229
-0.01322574 -0.008763939 0.02684849 -0.001583437 -0.009420442
0.005941335 -0.05170026 -0.01424069
1.998024 1.982556 1.9975 1.988321 1.997171
1.988811 0.1874764 1.988042 1.989319 1.995003
1.981946 1.982957 1.992775 1.991399 0.3135795
1.989628 1.992327 1.995615 0.5261495 1.985821
0.8052026 1.986509 1.996951 1.99861 1.999454
1.992847 1.98713 1.992573 1.991697 1.990864
1.988418 1.993131 1.99001 1.988892 1.991554
1.908935 1.977275
1.998024 1.982556 1.9975 1.988321 1.997171
1.988811 0.187479 1.988042 1.989319 1.995003
1.981946 1.982957 1.992775 1.991399 0.3135904
1.989628 1.992327 1.995615 0.5261376 1.985821
0.8051796 1.986509 1.996951 1.99861 1.999454
1.992847 1.98713 1.992573 1.991697 1.990864
1.988418 1.993131 1.99001 1.988892 1.991554
1.908935 1.977275
1
0.1119634 0.003179009 0.0116574 0.02047389 0.01824871
-0.007680499 -0.01593869 0.2033803 0.02662879 0.01394724
-0.007749816 0.02262316 -0.004147817 0.05624104 0.0741341
0.2978704 0.0301758 0.02020666 -0.01995337 -0.2881234
-0.09058663 0.1295985 0.01669721 -0.002382319 -0.002467447
-0.02379055 0.01373724 0.003288601 -0.01213263 0.03371265
-0.01322589 -0.008763742 0.02684848 -0.00158349 -0.009420378
0.005941344 -0.0517005 -0.01424054
0.1119636 0.003178939 0.01165748 0.02047374 0.01824882
-0.007680114 -0.01593893 0.2033802 0.02662918 0.01394715
-0.00774994 0.02262308 -0.004147697 0.05624116 0.07413409
0.2978701 0.03017555 0.02020663 -0.01995367 -0.2881229
-0.09058664 0.1295988 0.01669729 -0.002382343 -0.002467387
-0.02379055 0.01373729 0.003288508 -0.01213251 0.03371244
-0.01322578 -0.008764105 0.02684871 -0.001583356 -0.009420392
0.005941677 -0.05170052 -0.0142407
1.998024 1.982556 1.9975 1.988321 1.997171
1.988811 0.1874764 1.988042 1.989319 1.995003
1.981946 1.982957 1.992775 1.991399 0.3135856
1.989628 1.992327 1.995615 0.526151 1.985821
0.8051434 1.986509 1.996951 1.99861 1.999454
1.992847 1.98713 1.992573 1.991697 1.990864
1.988418 1.993131 1.99001 1.988892 1.991554
1.908935 1.977275
1.998024 1.982556 1.9975 1.988321 1.997171
1.988811 0.1874738 1.988042 1.989319 1.995003
1.981946 1.982957 1.992775 1.991399 0.3135891
1.989628 1.992327 1.995615 0.5261392 1.985821
0.8051722 1.986509 1.996951 1.99861 1.999454
1.992847 1.98713 1.992573 1.991697 1.990864
1.988418 1.993131 1.99001 1.988892 1.991554
1.908935 1.977275
1
0.1119712 0.003179854 0.01165828 0.02047332 0.01825013
-0.007679109 -0.01593966 0.2033728 0.02662978 0.01394673
-0.007750789 0.02262256 -0.00414896 0.05624024 0.07413401
0.2978703 0.03017488 0.02020767 -0.01995628 -0.2881251
-0.09058707 0.1296005 0.01669736 -0.00238279 -0.002466646
-0.02379036 0.01373762 0.003287124 -0.01213204 0.03371227
-0.01322563 -0.008765947 0.02685096 -0.00158307 -0.009420255
0.005943793 -0.05170209 -0.01424105
0.1119632 0.003179147 0.01165719 0.02047356 0.01824855
-0.007679991 -0.01593844 0.2033805 0.02662973 0.0139473
-0.00774982 0.02262314 -0.00414776 0.05624133 0.0741343
0.2978682 0.0301753 0.02020623 -0.01995349 -0.2881212
-0.09058658 0.1295988 0.0166977 -0.00238249 -0.00246761
-0.02379041 0.01373707 0.00328835 -0.01213276 0.03371195
-0.01322559 -0.008764182 0.02684887 -0.001583565 -0.00942048
0.005941332 -0.05170041 -0.01424072
1.998024 1.982556 1.9975 1.988321 1.997171
1.988811 0.1874422 1.988042 1.989319 1.995003
1.981946 1.982957 1.992775 1.991399 0.3135682
1.989628 1.992327 1.995615 0.5261083 1.985821
0.8052125 1.986509 1.996951 1.99861 1.999454
1.992847 1.98713 1.992573 1.991697 1.990864
1.988418 1.993131 1.99001 1.988892 1.991554
1.908935 1.977275
1.998024 1.982556 1.9975 1.988321 1.997171
1.988811 0.1874781 1.988042 1.989319 1.995003
1.981946 1.982957 1.992775 1.991399 0.3135818
1.989628 1.992327 1.995615 0.5261197 1.985821
0.8051861 1.986509 1.996951 1.99861 1.999454
1.992847 1.98713 1.992573 1.991697 1.990864
1.988418 1.993131 1.99001 1.988892 1.991554
1.908935 1.977275
1
0.1119638 0.003179301 0.01165718 0.02047365 0.01824856
-0.007680155 -0.01593831 0.20338 0.02662959 0.01394731
-0.007749798 0.02262315 -0.004147945 0.05624119 0.07413435
0.2978684 0.03017534 0.02020629 -0.01995353 -0.2881215
-0.09058663 0.1295986 0.01669769 -0.002382499 -0.00246762
-0.02379042 0.01373703 0.003288305 -0.01213282 0.03371202
-0.01322562 -0.008764098 0.02684889 -0.001583613 -0.009420458
0.005941293 -0.05170053 -0.01424065
0.1119631 0.003178991 0.0116573 0.02047368 0.01824862
-0.00768004 -0.01593868 0.2033807 0.02662954 0.01394722
-0.007749847 0.02262311 -0.004147623 0.05624133 0.07413424
0.2978691 0.03017537 0.02020633 -0.01995351 -0.2881217
-0.0905866 0.1295986 0.01669751 -0.002382374 -0.002467554
-0.02379053 0.01373714 0.003288515 -0.01213264 0.03371214
-0.01322565 -0.008764096 0.02684866 -0.001583424 -0.00942044
0.005941461 -0.05170037 -0.01424072
1.998024 1.982556 1.9975 1.988321 1.997171
1.988811 0.1874776 1.988042 1.989319 1.995003
1.981946 1.982957 1.992775 1.991399 0.3135787
1.989628 1.992327 1.995615 0.5261205 1.985821
0.8051662 1.986509 1.996951 1.99861 1.999454
1.992847 1.98713 1.992573 1.991697 1.990864
1.988418 1.993131 1.99001 1.988892 1.991554
1.908935 1.977275
1.998024 1.982556 1.9975 1.988321 1.997171
1.988811 0.1874777 1.988042 1.989319 1.995003
1.981946 1.982957 1.992775 1.991399 0.3135888
1.989628 1.992327 1.995615 0.5261258 1.985821
0.8051774 1.986509 1.996951 1.99861 1.999454
1.992847 1.98713 1.992573 1.991697 1.990864
1.988418 1.993131 1.99001 1.988892 1.991554
1.908935 1.977275
1
0.1119634 0.003179095 0.01165727 0.02047367 0.01824862
-0.007680053 -0.01593858 0.2033804 0.02662959 0.01394724
-0.007749843 0.02262312 -0.004147726 0.05624129 0.07413429
0.2978689 0.03017533 0.02020632 -0.01995356 -0.2881216
-0.09058662 0.1295985 0.01669757 -0.00238241 -0.002467571
-0.02379051 0.01373711 0.003288442 -0.01213268 0.03371209
-0.01322562 -0.008764123 0.02684874 -0.001583466 -0.009420443
0.005941447 -0.05170043 -0.01424071
0.1119651 0.003179319 0.01165741 0.02047367 0.01824885
-0.007679964 -0.01593867 0.2033788 0.02662963 0.01394715
-0.007749981 0.02262302 -0.004148019 0.05624106 0.0741343
0.2978691 0.03017522 0.02020653 -0.01995405 -0.2881222
-0.09058673 0.1295986 0.01669756 -0.00238247 -0.002467448
-0.02379051 0.01373714 0.003288207 -0.01213262 0.03371211
-0.01322561 -0.008764391 0.0268491 -0.00158341 -0.009420401
0.005941824 -0.05170076 -0.01424075
1.998024 1.982556 1.9975 1.988321 1.997171
1.988811 0.1874774 1.988042 1.989319 1.995003
1.981946 1.982957 1.992775 1.991399 0.3135861
1.989628 1.992327 1.995615 0.5261226 1.985821
0.8051739 1.986509 1.996951 1.99861 1.999454
1.992847 1.98713 1.992573 1.991697 1.990864
1.988418 1.993131 1.99001 1.988892 1.991554
1.908935 1.977275
1.998024 1.982556 1.9975 1.988321 1.997171
1.988811 0.1874717 1.988042 1.989319 1.995003
1.981946 1.982957 1.992775 1.991399 0.3135823
1.989628 1.992327 1.995615 0.526117 1.985821
0.8051679 1.986509 1.996951 1.99861 1.999454
1.992847 1.98713 1.992573 1.991697 1.990864
1.988418 1.993131 1.99001 1.988892 1.991554
1.908935 1.977275
1
0.1119596 0.003178787 0.01165663 0.0204746 0.01824759
-0.007681297 -0.01593776 0.2033846 0.02662906 0.01394741
-0.007749096 0.02262346 -0.004147045 0.05624174 0.07413475
0.2978701 0.03017558 0.02020546 -0.01995189 -0.28812
-0.0905866 0.1295952 0.01669739 -0.002381815 -0.002468314
-0.02379115 0.01373659 0.003289721 -0.01213311 0.03371238
-0.01322563 -0.008762347 0.0268465 -0.001583462 -0.009420414
0.005939973 -0.05169946 -0.01424032
0.111963 0.003178827 0.01165728 0.02047411 0.0182485
-0.007679933 -0.0159389 0.2033813 0.02663009 0.01394695
-0.0077498 0.022623 -0.004147152 0.05624165 0.07413461
0.2978701 0.03017479 0.02020594 -0.01995374 -0.2881204
-0.0905868 0.1295967 0.01669745 -0.002381986 -0.002467775
-0.02379114 0.01373696 0.003289026 -0.01213249 0.03371196
-0.01322535 -0.008763978 0.02684786 -0.001582906 -0.009420362
0.005941806 -0.05170013 -0.01424086
1.998024 1.982556 1.9975 1.988321 1.997171
1.988811 0.1875031 1.988042 1.989319 1.995003
1.981946 1.982957 1.992775 1.991399 0.3136114
1.989628 1.992327 1.995615 0.5261263 1.985821
0.8050433 1.986509 1.996951 1.99861 1.999454
1.992847 1.98713 1.992573 1.991697 1.990864
1.988418 1.993131 1.99001 1.988892 1.991554
1.908935 1.977275
1.998024 1.982556 1.9975 1.988321 1.997171
1.988811 0.1874827 1.988042 1.989319 1.995003
1.981946 1.982957 1.992775 1.991399 0.3136162
1.989628 1.992327 1.995615 0.5260927 1.985821
0.8051324 1.986509 1.996951 1.99861 1.999454
1.992847 1.98713 1.992573 1.991697 1.990864
1.988418 1.993131 1.99001 1.988892 1.991554
1.908935 1.977275
1
0.1119637 0.003178783 0.01165761 0.02047384 0.01824892
-0.007680035 -0.01593923 0.2033802 0.02662918 0.01394703
-0.007750005 0.02262301 -0.004147523 0.05624121 0.07413407
0.2978709 0.03017548 0.02020668 -0.01995384 -0.2881232
-0.09058669 0.1295985 0.01669713 -0.002382216 -0.002467331
-0.02379073 0.01373735 0.003288658 -0.01213235 0.03371254
-0.01322576 -0.008764137 0.02684853 -0.001583141 -0.00942035
0.005941946 -0.05170049 -0.01424076
0.1119633 0.003179025 0.01165731 0.0204737 0.01824864
-0.007680067 -0.01593867 0.2033805 0.02662951 0.01394722
-0.007749853 0.02262311 -0.004147671 0.05624129 0.07413424
0.2978692 0.03017538 0.02020636 -0.01995354 -0.2881218
-0.09058662 0.1295985 0.0166975 -0.002382378 -0.002467543
-0.02379053 0.01373714 0.003288496 -0.01213264 0.03371217
-0.01322566 -0.008764094 0.02684868 -0.001583429 -0.009420433
0.005941478 -0.05170041 -0.01424071
1.998024 1.982556 1.9975 1.988321 1.997171
1.988811 0.1874728 1.988042 1.989319 1.995003
1.981946 1.982957 1.992775 1.991399 0.3135985
1.989628 1.992327 1.995615 0.526138 1.985821
0.8051677 1.986509 1.996951 1.99861 1.999454
1.992847 1.98713 1.992573 1.991697 1.990864
1.988418 1.993131 1.99001 1.988892 1.991554
1.908935 1.977275
1.998024 1.982556 1.9975 1.988321 1.997171
1.988811 0.1874772 1.988042 1.989319 1.995003
1.981946 1.982957 1.992775 1.991399 0.313588
1.989628 1.992327 1.995615 0.5261264 1.985821
0.8051737 1.986509 1.996951 1.99861 1.999454
1.992847 1.98713 1.992573 1.991697 1.990864
1.988418 1.993131 1.99001 1.988892 1.991554
1.908935 1.977275
1
0.1119638 0.003179072 0.01165739 0.02047361 0.01824877
-0.007679921 -0.01593877 0.20338 0.02662959 0.01394718
-0.007749943 0.02262306 -0.004147754 0.05624124 0.07413421
0.2978691 0.03017532 0.02020646 -0.01995377 -0.288122
-0.09058663 0.1295989 0.01669752 -0.002382436 -0.00246746
-0.02379048 0.0137372 0.003288353 -0.01213258 0.03371213
-0.01322564 -0.008764305 0.02684893 -0.001583409 -0.009420431
0.005941678 -0.05170054 -0.01424076
0.1119639 0.003178967 0.01165753 0.02047379 0.01824887
-0.007680181 -0.01593896 0.2033799 0.02662907 0.01394714
-0.007749954 0.02262307 -0.004147758 0.05624108 0.07413408
0.2978704 0.0301756 0.02020671 -0.01995373 -0.2881232
-0.09058666 0.1295987 0.01669722 -0.002382327 -0.002467355
-0.02379058 0.01373731 0.003288507 -0.01213249 0.03371254
-0.01322581 -0.008764075 0.0268487 -0.00158334 -0.009420371
0.005941726 -0.05170058 -0.01424068
1.998024 1.982556 1.9975 1.988321 1.997171
1.988811 0.1874741 1.988042 1.989319 1.995003
1.981946 1.982957 1.992775 1.991399 0.3135858
1.989628 1.992327 1.995615 0.5261244 1.985821
0.8051861 1.986509 1.996951 1.99861 1.999454
1.992847 1.98713 1.992573 1.991697 1.990864
1.988418 1.993131 1.99001 1.988892 1.991554
1.908935 1.977275
1.998024 1.982556 1.9975 1.988321 1.997171
1.988811 0.1874729 1.988042 1.989319 1.995003
1.981946 1.982957 1.992775 1.991399 0.313589
1.989628 1.992327 1.995615 0.526142 1.985821
0.8051635 1.986509 1.996951 1.99861 1.999454
1.992847 1.98713 1.992573 1.991697 1.990864
1.988418 1.993131 1.99001 1.988892 1.991554
1.908935 1.977275
1
0.1119633 0.003179045 0.01165729 0.02047368 0.01824863
-0.007680045 -0.01593864 0.2033805 0.02662955 0.01394722
-0.007749853 0.02262311 -0.004147684 0.0562413 0.07413426
0.297869 0.03017536 0.02020634 -0.01995355 -0.2881217
-0.09058662 0.1295986 0.01669753 -0.002382393 -0.002467551
-0.02379052 0.01373713 0.003288471 -0.01213265 0.03371213
-0.01322564 -0.008764119 0.02684871 -0.001583442 -0.009420439
0.005941473 -0.05170042 -0.01424072
0.1119641 0.003179321 0.01165726 0.02047362 0.01824867
-0.007680217 -0.01593838 0.2033796 0.02662935 0.01394732
-0.007749844 0.02262315 -0.004148065 0.05624106 0.07413424
0.2978687 0.0301755 0.02020648 -0.01995357 -0.2881222
-0.09058662 0.1295989 0.0166976 -0.002382542 -0.002467519
-0.02379034 0.01373711 0.003288223 -0.01213279 0.03371218
-0.01322572 -0.008764113 0.02684903 -0.001583662 -0.009420446
0.005941336 -0.05170064 -0.01424062
1.998024 1.982556 1.9975 1.988321 1.997171
1.988811 0.1874772 1.988042 1.989319 1.995003
1.981946 1.982957 1.992775 1.991399 0.3135873
1.989628 1.992327 1.995615 0.5261248 1.985821
0.8051757 1.986509 1.996951 1.99861 1.999454
1.992847 1.98713 1.992573 1.991697 1.990864
1.988418 1.993131 1.99001 1.988892 1.991554
1.908935 1.977275
1.998024 1.982556 1.9975 1.988321 1.997171
1.988811 0.1874752 1.988042 1.989319 1.995003
1.981946 1.982957 1.992775 1.991399 0.3135746
1.989628 1.992327 1.995615 0.5261308 1.985821
0.8051682 1.986509 1.996951 1.99861 1.999454
1.992847 1.98713 1.992573 1.991697 1.990864
1.988418 1.993131 1.99001 1.988892 1.991554
1.908935 1.977275
1
0.1119588 0.0031784 0.01165687 0.02047365 0.01824795
-0.007679977 -0.01593848 0.2033849 0.02663 0.01394737
-0.007749509 0.02262329 -0.004146698 0.05624212 0.07413435
0.297868 0.03017528 0.02020554 -0.01995242 -0.2881191
-0.09058636 0.129598 0.01669772 -0.002382185 -0.002467966
-0.02379063 0.01373696 0.003289144 -0.01213278 0.03371174
-0.01322549 -0.008763612 0.02684772 -0.001583428 -0.009420566
0.005940655 -0.05169944 -0.01424077
0.1119635 0.003178974 0.01165738 0.02047326 0.0182488
-0.007679231 -0.01593896 0.2033802 0.02663044 0.01394712
-0.00775008 0.02262296 -0.004147514 0.05624155 0.07413425
0.2978677 0.03017486 0.02020622 -0.01995409 -0.2881205
-0.09058659 0.1295994 0.01669782 -0.002382538 -0.002467461
-0.0237904 0.0137372 0.003288168 -0.01213249 0.03371157
-0.0132254 -0.008764902 0.02684932 -0.001583296 -0.009420502
0.005942012 -0.05170045 -0.01424103
1.998024 1.982556 1.9975 1.988321 1.997171
1.988811 0.1874936 1.988042 1.989319 1.995003
1.981946 1.982957 1.992775 1.991399 0.3136051
1.989628 1.992327 1.995615 0.5261186 1.985821
0.8052028 1.986509 1.996951 1.99861 1.999454
1.992847 1.98713 1.992573 1.991697 1.990864
1.988418 1.993131 1.99001 1.988892 1.991554
1.908935 1.977275
1.998024 1.982556 1.9975 1.988321 1.997171
1.988811 0.1874726 1.988042 1.989319 1.995003
1.981946 1.982957 1.992775 1.991399 0.3135887
1.989628 1.992327 1.995615 0.5260998 1.985821
0.8052458 1.986509 1.996951 1.99861 1.999454
1.992847 1.98713 1.992573 1.991697 1.990864
1.988418 1.993131 1.99001 1.988892 1.991554
1.908935 1.977275
0.1098718
0.1119641 0.003179059 0.01165737 0.02047371 0.01824874
-0.007679645 -0.01593888 0.2033799 0.02663018 0.01394702
-0.007749974 0.02262296 -0.004147542 0.05624144 0.07413444
0.297869 0.03017484 0.02020619 -0.01995408 -0.2881208
-0.09058675 0.1295981 0.01669763 -0.002382302 -0.002467575
-0.02379075 0.01373708 0.003288478 -0.0121325 0.03371182
-0.0132254 -0.008764484 0.02684875 -0.001583131 -0.009420411
0.005941992 -0.05170047 -0.01424091
0.2044405 0.002666515 0.01331879 0.02549807 0.01192795
-0.002246319 -0.02886428 0.145966 0.02126527 -0.00241637
-0.02105548 0.02908545 -0.01402432 0.0604768 0.07093328
0.3060793 0.01617019 0.01861466 -0.05034356 -0.294523
-0.08959058 0.1367619 0.0098817 -0.01718076 0.01118361
-0.01861406 0.02995145 -0.01009878 -0.0286631 0.002812397
0.01290083 -0.01982907 0.03546597 0.01637611 0.01071054
-0.01034899 -0.04338983 -0.03429974
1.998024 1.982556 1.9975 1.988321 1.997171
1.988811 0.1874754 1.988042 1.989319 1.995003
1.981946 1.982957 1.992775 1.991399 0.3135984
1.989628 1.992327 1.995615 0.5260964 1.985821
0.8051787 1.986509 1.996951 1.99861 1.999454
1.992847 1.98713 1.992573 1.991697 1.990864
1.988418 1.993131 1.99001 1.988892 1.991554
1.908935 1.977275
1.998024 0.02956329 1.9975 1.988321 1.997171
1.988811 1.997454 1.988042 1.989319 1.995003
1.981946 1.982957 1.992775 1.991399 0.2302371
1.989628 1.992327 1.995615 1.988922 1.985821
1.732392 0.850452 1.996951 1.99861 1.999454
1.992847 1.98713 1.992573 1.991697 1.990864
1.988418 0.3960896 0.4830509 1.988892 1.991554
1.908935 1.977275
1
0.111964 0.00317915 0.01165735 0.02047375 0.01824872
-0.007680138 -0.01593864 0.2033799 0.02662942 0.0139472
-0.00774988 0.02262309 -0.004147837 0.05624116 0.07413426
0.2978694 0.03017539 0.02020646 -0.01995368 -0.2881222
-0.09058667 0.1295985 0.01669747 -0.002382393 -0.002467508
-0.02379055 0.01373714 0.00328842 -0.01213265 0.03371223
-0.01322568 -0.008764109 0.02684877 -0.001583436 -0.009420409
0.005941559 -0.05170056 -0.01424068
0.1119646 0.003179362 0.0116573 0.0204736 0.01824874
-0.00768002 -0.01593846 0.2033792 0.02662964 0.01394725
-0.007749911 0.02262308 -0.004148053 0.05624109 0.07413432
0.2978685 0.03017528 0.02020644 -0.01995384 -0.2881218
-0.09058667 0.1295988 0.01669766 -0.002382537 -0.002467513
-0.02379041 0.01373709 0.003288165 -0.01213273 0.03371203
-0.01322561 -0.00876432 0.02684913 -0.001583555 -0.009420439
0.005941574 -0.0517007 -0.0142407
1.998024 1.982556 1.9975 1.988321 1.997171
1.988811 0.1874754 1.988042 1.989319 1.995003
1.981946 1.982957 1.992775 1.991399 0.3135856
1.989628 1.992327 1.995615 0.5261266 1.985821
0.8051616 1.986509 1.996951 1.99861 1.999454
1.992847 1.98713 1.992573 1.991697 1.990864
1.988418 1.993131 1.99001 1.988892 1.991554
1.908935 1.977275
1.998024 1.982556 1.9975 1.988321 1.997171
1.988811 0.1874737 1.988042 1.989319 1.995003
1.981946 1.982957 1.992775 1.991399 0.3135774
1.989628 1.992327 1.995615 0.5261185 1.985821
0.8051734 1.986509 1.996951 1.99861 1.999454
1.992847 1.98713 1.992573 1.991697 1.990864
1.988418 1.993131 1.99001 1.988892 1.991554
1.908935 1.977275
0.249944
0.2053612 -0.00164907 0.009501667 0.02047311 0.008198312
-0.002442177 -0.03325816 0.1445588 0.0205938 0.008826734
-0.01652524 0.02831177 -0.01325979 0.06394305 0.08304849
0.3126848 0.01747821 0.01999453 -0.05400306 -0.2987322
-0.1020468 0.1282101 0.01753152 -0.00677239 0.01064655
-0.02582829 0.02704062 -0.007575682 -0.02298255 0.0010242
0.0120935 -0.01869268 0.03425508 0.008149495 0.005854697
-0.004267809 -0.03832804 -0.03982712
0.1119633 0.003179081 0.01165725 0.0204737 0.01824858
-0.007680109 -0.01593855 0.2033806 0.02662955 0.01394725
-0.007749815 0.02262313 -0.004147706 0.0562413 0.07413429
0.297869 0.03017536 0.0202063 -0.01995349 -0.2881216
-0.09058662 0.1295984 0.01669756 -0.002382391 -0.002467593
-0.02379053 0.01373709 0.003288487 -0.0121327 0.03371211
-0.01322564 -0.008764051 0.02684866 -0.001583473 -0.009420442
0.005941385 -0.0517004 -0.01424069
1.998024 1.982556 1.9975 1.988321 1.997171
1.988811 1.997454 1.988042 1.989319 0.07269051
1.981946 1.982957 0.04936417 1.991399 1.995308
0.201139 1.992327 1.995615 1.988922 1.985821
1.977309 1.986509 0.2773857 1.99861 1.999454
1.992847 1.98713 0.9735837 1.991697 1.990864
1.988418 1.993131 1.99001 1.988892 1.991554
1.908935 1.977275
1.998024 1.982556 1.9975 1.988321 1.997171
1.988811 0.1874783 1.988042 1.989319 1.995003
1.981946 1.982957 1.992775 1.991399 0.3135867
1.989628 1.992327 1.995615 0.5261239 1.985821
0.8051692 1.986509 1.996951 1.99861 1.999454
1.992847 1.98713 1.992573 1.991697 1.990864
1.988418 1.993131 1.99001 1.988892 1.991554
1.908935 1.977275
1
0.1119633 0.003179005 0.01165732 0.02047368 0.01824865
-0.007680005 -0.01593871 0.2033805 0.02662958 0.0139472
-0.007749869 0.0226231 -0.004147636 0.05624132 0.07413425
0.2978692 0.03017533 0.02020634 -0.01995359 -0.2881217
-0.09058662 0.1295986 0.01669751 -0.002382373 -0.00246754
-0.02379055 0.01373715 0.003288496 -0.01213262 0.03371213
-0.01322563 -0.008764143 0.02684869 -0.001583398 -0.009420435
0.005941531 -0.0517004 -0.01424074
0.1119624 0.003178937 0.01165723 0.02047323 0.0182486
-0.007679556 -0.01593867 0.2033811 0.02663004 0.01394731
-0.00774992 0.02262311 -0.004147542 0.05624154 0.07413416
0.2978674 0.03017523 0.02020619 -0.01995351 -0.2881207
-0.09058645 0.1295997 0.01669782 -0.002382601 -0.002467527
-0.02379022 0.01373719 0.003288223 -0.01213266 0.03371172
-0.01322555 -0.00876454 0.02684919 -0.001583572 -0.009420547
0.005941448 -0.0517003 -0.01424087
1.998024 1.982556 1.9975 1.988321 1.997171
1.988811 0.187477 1.988042 1.989319 1.995003
1.981946 1.982957 1.992775 1.991399 0.3135892
1.989628 1.992327 1.995615 0.526124 1.985821
0.8051776 1.986509 1.996951 1.99861 1.999454
1.992847 1.98713 1.992573 1.991697 1.990864
1.988418 1.993131 1.99001 1.988892 1.991554
1.908935 1.977275
1.998024 1.982556 1.9975 1.988321 1.997171
1.988811 0.1874766 1.988042 1.989319 1.995003
1.981946 1.982957 1.992775 1.991399 0.3135808
1.989628 1.992327 1.995615 0.5261189 1.985821
0.8052443 1.986509 1.996951 1.99861 1.999454
1.992847 1.98713 1.992573 1.991697 1.990864
1.988418 1.993131 1.99001 1.988892 1.991554
1.908935 1.977275
1
0.1119647 0.003179331 0.01165728 0.02047372 0.01824869
-0.007679914 -0.01593852 0.2033793 0.02662996 0.01394715
-0.007749903 0.02262303 -0.00414789 0.05624123 0.07413448
0.2978687 0.030175 0.02020626 -0.01995397 -0.2881211
-0.09058675 0.1295981 0.0166977 -0.002382417 -0.002467606
-0.02379061 0.01373701 0.00328831 -0.01213269 0.03371188
-0.01322547 -0.008764346 0.02684891 -0.001583367 -0.009420419
0.005941727 -0.05170062 -0.01424078
0.1119587 0.003178042 0.01165736 0.02047383 0.0182484
-0.007680714 -0.01593908 0.2033846 0.02662805 0.01394739
-0.007749619 0.02262337 -0.004146894 0.05624153 0.07413363
0.2978713 0.03017652 0.0202066 -0.01995212 -0.2881239
-0.09058627 0.1295991 0.01669682 -0.002382115 -0.002467441
-0.02379048 0.01373749 0.003289291 -0.01213251 0.03371311
-0.01322621 -0.008763076 0.02684759 -0.001583523 -0.009420445
0.005940644 -0.05169967 -0.01424047
1.998024 1.982556 1.9975 1.988321 1.997171
1.988811 0.1874754 1.988042 1.989319 1.995003
1.981946 1.982957 1.992775 1.991399 0.3135869
1.989628 1.992327 1.995615 0.5261022 1.985821
0.8051613 1.986509 1.996951 1.99861 1.999454
1.992847 1.98713 1.992573 1.991697 1.990864
1.988418 1.993131 1.99001 1.988892 1.991554
1.908935 1.977275
1.998024 1.982556 1.9975 1.988321 1.997171
1.988811 0.1874858 1.988042 1.989319 1.995003
1.981946 1.982957 1.992775 1.991399 0.3135985
1.989628 1.992327 1.995615 0.5261983 1.985821
0.8051832 1.986509 1.996951 1.99861 1.999454
1.992847 1.98713 1.992573 1.991697 1.990864
1.988418 1.993131 1.99001 1.988892 1.991554
1.908935 1.977275
1
0.1119638 0.003179211 0.01165717 0.02047361 0.01824855
-0.007679683 -0.0159385 0.2033802 0.02663036 0.01394716
-0.007749869 0.02262304 -0.004147644 0.05624149 0.07413454
0.2978679 0.03017481 0.02020599 -0.01995385 -0.28812
-0.09058669 0.1295982 0.01669787 -0.002382418 -0.00246771
-0.02379061 0.01373695 0.003288367 -0.0121327 0.03371159
-0.01322534 -0.00876444 0.02684885 -0.001583342 -0.00942047
0.005941652 -0.05170041 -0.01424087
0.1119633 0.003179038 0.01165731 0.02047363 0.01824866
-0.007679983 -0.01593867 0.2033805 0.02662959 0.01394722
-0.007749876 0.0226231 -0.004147684 0.05624131 0.07413424
0.2978689 0.03017534 0.02020636 -0.01995359 -0.2881217
-0.0905866 0.1295987 0.01669755 -0.002382418 -0.00246753
-0.02379049 0.01373715 0.00328843 -0.01213264 0.0337121
-0.01322564 -0.008764186 0.02684879 -0.001583446 -0.009420446
0.005941509 -0.05170043 -0.01424074
1.998024 1.982556 1.9975 1.988321 1.997171
1.988811 0.1874784 1.988042 1.989319 1.995003
1.981946 1.982957 1.992775 1.991399 0.3135908
1.989628 1.992327 1.995615 0.5260907 1.985821
0.805184 1.986509 1.996951 1.99861 1.999454
1.992847 1.98713 1.992573 1.991697 1.990864
1.988418 1.993131 1.99001 1.988892 1.991554
1.908935 1.977275
1.998024 1.982556 1.9975 1.988321 1.997171
1.988811 0.1874766 1.988042 1.989319 1.995003
1.981946 1.982957 1.992775 1.991399 0.3135865
1.989628 1.992327 1.995615 0.5261245 1.985821
0.8051834 1.986509 1.996951 1.99861 1.999454
1.992847 1.98713 1.992573 1.991697 1.990864
1.988418 1.993131 1.99001 1.988892 1.991554
1.908935 1.977275
0.1458076
0.2164014 0.00478136 0.01444298 0.02154711 0.01134995
-0.002066134 -0.03361758 0.1429455 0.01655902 0.009095436
-0.01256346 0.0265019 -0.02592345 0.0625363 0.08242112
0.3072652 0.005973585 0.01767088 -0.05892842 -0.3001261
-0.1075551 0.1388231 0.02013401 0.001250947 0.01016083
-0.02635257 0.02014508 -0.003586395 -0.02517994 0.01549092
0.01740684 -0.02755428 0.0343995 0.006608499 0.008597769
-0.006503449 -0.05010237 -0.04075334
0.1119644 0.003179183 0.01165737 0.02047364 0.01824877
-0.007679768 -0.01593874 0.2033795 0.02662996 0.01394711
-0.007749971 0.022623 -0.004147769 0.05624128 0.07413437
0.2978688 0.03017503 0.02020633 -0.01995402 -0.2881213
-0.09058671 0.1295985 0.01669764 -0.002382417 -0.002467522
-0.02379059 0.01373711 0.003288314 -0.01213258 0.03371191
-0.01322549 -0.008764463 0.02684897 -0.001583308 -0.009420423
0.005941859 -0.05170059 -0.01424084
0.03829344 1.982556 1.9975 1.988321 1.997171
1.988811 1.997454 1.988042 1.989319 1.995003
1.981946 0.556395 1.992775 1.991399 1.995308
1.989628 1.992327 1.995615 1.988922 0.4140975
1.977309 1.986509 1.996951 1.99861 1.999454
0.5880846 1.98713 1.992573 0.236051 1.990864
1.988418 1.993131 1.99001 1.988892 1.991554
0.2764745 1.977275
1.998024 1.982556 1.9975 1.988321 1.997171
1.988811 0.1874739 1.988042 1.989319 1.995003
1.981946 1.982957 1.992775 1.991399 0.313589
1.989628 1.992327 1.995615 0.5261064 1.985821
0.8051809 1.986509 1.996951 1.99861 1.999454
1.992847 1.98713 1.992573 1.991697 1.990864
1.988418 1.993131 1.99001 1.988892 1.991554
1.908935 1.977275
0.03830277
0.2161927 0.0004749008 0.01895553 0.01536805 0.007723228
-0.01043733 -0.02619269 0.1460098 0.02647423 0.0003063054
-0.02323218 0.03238333 -0.0217391 0.0695745 0.07697674
0.3049966 0.002543083 0.01175144 -0.0539096 -0.296395
-0.1100794 0.1256713 0.02445414 -0.006049653 0.01160297
-0.02560052 0.02606348 -0.009207768 -0.02386979 0.0115313
0.01439371 -0.02724725 0.04353846 0.01788534 0.006420515
0.003709614 -0.03642885 -0.04737714
0.1119631 0.003178921 0.01165739 0.02047368 0.01824871
-0.007680031 -0.01593883 0.2033806 0.02662941 0.01394719
-0.007749895 0.0226231 -0.004147605 0.05624129 0.07413416
0.2978695 0.03017545 0.02020645 -0.01995357 -0.2881222
-0.0905866 0.1295987 0.01669741 -0.002382358 -0.002467473
-0.02379054 0.01373722 0.003288524 -0.01213256 0.03371226
-0.0132257 -0.008764121 0.02684868 -0.001583382 -0.009420424
0.005941567 -0.0517004 -0.01424073
1.998024 1.982556 1.9975 1.988321 1.997171
1.988811 1.997454 1.988042 1.989319 1.995003
1.981946 0.6312026 1.992775 1.991399 1.995308
1.989628 1.992327 1.995615 1.988922 1.985821
1.977309 0.01363015 1.996951 1.99861 1.999454
1.992847 1.98713 1.992573 1.991697 1.990864
1.988418 0.3916048 1.99001 1.988892 1.991554
0.8681225 0.2555018
1.998024 1.982556 1.9975 1.988321 1.997171
1.988811 0.1874761 1.988042 1.989319 1.995003
1.981946 1.982957 1.992775 1.991399 0.3135897
1.989628 1.992327 1.995615 0.5261322 1.985821
0.8051809 1.986509 1.996951 1.99861 1.999454
1.992847 1.98713 1.992573 1.991697 1.990864
1.988418 1.993131 1.99001 1.988892 1.991554
1.908935 1.977275
1
0.1119646 0.003179184 0.01165743 0.02047373 0.01824882
-0.00767998 -0.01593876 0.2033793 0.02662959 0.01394712
-0.007749962 0.02262303 -0.004147858 0.05624114 0.07413429
0.2978695 0.03017524 0.02020649 -0.01995396 -0.2881222
-0.09058672 0.1295985 0.01669748 -0.002382389 -0.002467462
-0.02379059 0.01373716 0.003288355 -0.01213257 0.03371217
-0.01322562 -0.008764302 0.02684889 -0.001583334 -0.009420393
0.005941817 -0.05170065 -0.01424075
0.1119633 0.003179044 0.0116573 0.02047368 0.01824864
-0.007680049 -0.01593865 0.2033805 0.02662954 0.01394722
-0.007749857 0.02262311 -0.004147687 0.05624129 0.07413425
0.2978691 0.03017536 0.02020635 -0.01995356 -0.2881218
-0.09058662 0.1295986 0.01669752 -0.002382389 -0.002467545
-0.02379053 0.01373714 0.003288473 -0.01213265 0.03371214
-0.01322564 -0.008764119 0.02684871 -0.001583434 -0.009420436
0.005941488 -0.05170042 -0.01424072
1.998024 1.982556 1.9975 1.988321 1.997171
1.988811 0.1874731 1.988042 1.989319 1.995003
1.981946 1.982957 1.992775 1.991399 0.3135876
1.989628 1.992327 1.995615 0.5261189 1.985821
0.8051655 1.986509 1.996951 1.99861 1.999454
1.992847 1.98713 1.992573 1.991697 1.990864
1.988418 1.993131 1.99001 1.988892 1.991554
1.908935 1.977275
1.998024 1.982556 1.9975 1.988321 1.997171
1.988811 0.1874771 1.988042 1.989319 1.995003
1.981946 1.982957 1.992775 1.991399 0.3135875
1.989628 1.992327 1.995615 0.5261251 1.985821
0.8051748 1.986509 1.996951 1.99861 1.999454
1.992847 1.98713 1.992573 1.991697 1.990864
1.988418 1.993131 1.99001 1.988892 1.991554
1.908935 1.977275
1
0.1119616 0.003178992 0.01165693 0.02047325 0.01824826
-0.007679378 -0.01593833 0.2033821 0.02663081 0.01394733
-0.007749771 0.02262313 -0.004147304 0.0562419 0.07413451
0.2978661 0.03017475 0.02020561 -0.01995337 -0.2881184
-0.09058647 0.1295989 0.01669818 -0.002382547 -0.002467851
-0.02379036 0.0137369 0.003288357 -0.01213282 0.03371116
-0.01322524 -0.008764532 0.02684892 -0.001583526 -0.009420602
0.005941238 -0.05170002 -0.01424096
0.111963 0.003179049 0.01165728 0.0204737 0.0182486
-0.007680368 -0.01593851 0.2033807 0.02662904 0.01394734
-0.007749781 0.0226232 -0.004147815 0.05624115 0.07413412
0.2978693 0.03017573 0.0202065 -0.01995324 -0.2881226
-0.09058655 0.1295988 0.01669742 -0.002382433 -0.002467513
-0.0237904 0.01373718 0.00328848 -0.01213273 0.03371241
-0.01322583 -0.008763843 0.02684867 -0.001583628 -0.00942044
0.005941166 -0.05170042 -0.01424057
1.998024 1.982556 1.9975 1.988321 1.997171
1.988811 0.1874838 1.988042 1.989319 1.995003
1.981946 1.982957 1.992775 1.991399 0.3135879
1.989628 1.992327 1.995615 0.5260863 1.985821
0.8052408 1.986509 1.996951 1.99861 1.999454
1.992847 1.98713 1.992573 1.991697 1.990864
1.988418 1.993131 1.99001 1.988892 1.991554
1.908935 1.977275
1.998024 1.982556 1.9975 1.988321 1.997171
1.988811 0.1874778 1.988042 1.989319 1.995003
1.981946 1.982957 1.992775 1.991399 0.3135803
1.989628 1.992327 1.995615 0.5261459 1.985821
0.8051662 1.986509 1.996951 1.99861 1.999454
1.992847 1.98713 1.992573 1.991697 1.990864
1.988418 1.993131 1.99001 1.988892 1.991554
1.908935 1.977275
1
0.111963 0.00317915 0.01165713 0.02047371 0.01824846
-0.007680181 -0.01593835 0.2033808 0.02662961 0.01394731
-0.007749738 0.02262317 -0.004147731 0.05624133 0.07413437
0.2978685 0.03017534 0.02020617 -0.01995334 -0.2881212
-0.0905866 0.1295983 0.01669766 -0.002382411 -0.002467688
-0.0237905 0.01373701 0.003288494 -0.01213281 0.03371202
-0.0132256 -0.008763958 0.02684861 -0.001583555 -0.009420463
0.005941189 -0.05170034 -0.01424066
0.1119627 0.003178777 0.01165741 0.0204738 0.01824869
-0.007680104 -0.01593895 0.2033811 0.0266293 0.01394714
-0.007749871 0.02262309 -0.004147438 0.05624135 0.07413415
0.2978701 0.03017548 0.02020644 -0.01995348 -0.2881223
-0.09058661 0.1295984 0.01669729 -0.002382241 -0.002467485
-0.02379066 0.01373724 0.003288721 -0.0121325 0.03371238
-0.01322572 -0.008763974 0.02684839 -0.001583275 -0.0094204
0.005941575 -0.0517003 -0.01424072
1.998024 1.982556 1.9975 1.988321 1.997171
1.988811 0.1874806 1.988042 1.989319 1.995003
1.981946 1.982957 1.992775 1.991399 0.3135847
1.989628 1.992327 1.995615 0.5261204 1.985821
0.8051637 1.986509 1.996951 1.99861 1.999454
1.992847 1.98713 1.992573 1.991697 1.990864
1.988418 1.993131 1.99001 1.988892 1.991554
1.908935 1.977275
1.998024 1.982556 1.9975 1.988321 1.997171
1.988811 0.1874775 1.988042 1.989319 1.995003
1.981946 1.982957 1.992775 1.991399 0.3135966
1.989628 1.992327 1.995615 0.5261353 1.985821
0.8051701 1.986509 1.996951 1.99861 1.999454
1.992847 1.98713 1.992573 1.991697 1.990864
1.988418 1.993131 1.99001 1.988892 1.991554
1.908935 1.977275
1
0.1119635 0.003179121 0.01165725 0.02047364 0.01824861
-0.007679905 -0.01593858 0.2033803 0.02662986 0.0139472
-0.007749863 0.02262308 -0.004147686 0.05624136 0.07413436
0.2978686 0.03017515 0.02020622 -0.01995368 -0.2881211
-0.09058664 0.1295984 0.01669767 -0.002382412 -0.002467607
-0.02379054 0.01373706 0.003288414 -0.01213268 0.03371192
-0.01322553 -0.008764252 0.02684879 -0.001583412 -0.009420452
0.005941544 -0.05170043 -0.01424078
0.1119646 0.003179207 0.01165738 0.02047382 0.01824876
-0.007680031 -0.0159387 0.2033794 0.02662965 0.01394711
-0.007749921 0.02262303 -0.004147828 0.05624117 0.07413438
0.2978695 0.03017516 0.0202064 -0.01995394 -0.2881219
-0.09058676 0.1295981 0.0166975 -0.002382337 -0.002467531
-0.02379068 0.01373709 0.003288433 -0.0121326 0.03371213
-0.01322557 -0.008764223 0.02684875 -0.001583296 -0.009420384
0.005941783 -0.05170061 -0.01424075
1.998024 1.982556 1.9975 1.988321 1.997171
1.988811 0.1874775 1.988042 1.989319 1.995003
1.981946 1.982957 1.992775 1.991399 0.313588
1.989628 1.992327 1.995615 0.5261119 1.985821
0.8051795 1.986509 1.996951 1.99861 1.999454
1.992847 1.98713 1.992573 1.991697 1.990864
1.988418 1.993131 1.99001 1.988892 1.991554
1.908935 1.977275
1.998024 1.982556 1.9975 1.988321 1.997171
1.988811 0.1874746 1.988042 1.989319 1.995003
1.981946 1.982957 1.992775 1.991399 0.3135905
1.989628 1.992327 1.995615 0.5261135 1.985821
0.8051525 1.986509 1.996951 1.99861 1.999454
1.992847 1.98713 1.992573 1.991697 1.990864
1.988418 1.993131 1.99001 1.988892 1.991554
1.908935 1.977275
1
0.1119586 0.003178305 0.01165705 0.02047365 0.01824812
-0.007680511 -0.01593858 0.2033847 0.02662878 0.01394751
-0.007749512 0.02262341 -0.004146968 0.05624172 0.07413391
0.2978693 0.03017614 0.02020614 -0.01995205 -0.2881219
-0.09058624 0.1295989 0.0166973 -0.002382264 -0.002467691
-0.02379036 0.01373724 0.003289101 -0.01213276 0.03371251
-0.01322595 -0.008763238 0.0268478 -0.001583698 -0.009420534
0.005940374 -0.05169959 -0.01424052
0.111962 0.003178933 0.01165719 0.02047338 0.01824852
-0.007680055 -0.0159385 0.2033814 0.02662935 0.01394743
-0.007749797 0.02262323 -0.00414767 0.05624136 0.07413404
0.2978681 0.03017569 0.02020636 -0.01995309 -0.2881218
-0.09058641 0.1295996 0.01669763 -0.00238258 -0.002467517
-0.02379016 0.01373722 0.003288341 -0.01213276 0.03371212
-0.01322578 -0.008764077 0.02684894 -0.001583754 -0.009420528
0.005941045 -0.05170028 -0.01424066
1.998024 1.982556 1.9975 1.988321 1.997171
1.988811 0.18749 1.988042 1.989319 1.995003
1.981946 1.982957 1.992775 1.991399 0.3135921
1.989628 1.992327 1.995615 0.5261705 1.985821
0.8051968 1.986509 1.996951 1.99861 1.999454
1.992847 1.98713 1.992573 1.991697 1.990864
1.988418 1.993131 1.99001 1.988892 1.991554
1.908935 1.977275
1.998024 1.982556 1.9975 1.988321 1.997171
1.988811 0.1874786 1.988042 1.989319 1.995003
1.981946 1.982957 1.992775 1.991399 0.3135755
1.989628 1.992327 1.995615 0.5261442 1.985821
0.8052166 1.986509 1.996951 1.99861 1.999454
1.992847 1.98713 1.992573 1.991697 1.990864
1.988418 1.993131 1.99001 1.988892 1.991554
1.908935 1.977275
1
0.1119635 0.003179072 0.01165732 0.02047368 0.01824867
-0.007680038 -0.01593866 0.2033803 0.02662955 0.01394721
-0.007749871 0.0226231 -0.004147721 0.05624127 0.07413426
0.2978691 0.03017534 0.02020637 -0.01995362 -0.2881218
-0.09058663 0.1295986 0.01669753 -0.002382397 -0.002467534
-0.02379053 0.01373714 0.003288445 -0.01213264 0.03371214
-0.01322564 -0.008764149 0.02684875 -0.001583431 -0.009420432
0.005941525 -0.05170046 -0.01424072
0.1119644 0.00317948 0.01165708 0.02047375 0.01824848
-0.007680083 -0.01593814 0.2033796 0.02663002 0.01394726
-0.007749767 0.02262311 -0.00414798 0.05624125 0.07413461
0.297868 0.03017499 0.02020606 -0.01995371 -0.2881205
-0.09058673 0.1295979 0.01669786 -0.002382458 -0.002467765
-0.02379057 0.01373686 0.003288307 -0.01213288 0.03371176
-0.01322543 -0.008764162 0.02684882 -0.001583529 -0.00942045
0.005941371 -0.05170055 -0.0142407
1.998024 1.982556 1.9975 1.988321 1.997171
1.988811 0.1874765 1.988042 1.989319 1.995003
1.981946 1.982957 1.992775 1.991399 0.313587
1.989628 1.992327 1.995615 0.5261242 1.985821
0.8051742 1.986509 1.996951 1.99861 1.999454
1.992847 1.98713 1.992573 1.991697 1.990864
1.988418 1.993131 1.99001 1.988892 1.991554
1.908935 1.977275
1.998024 1.982556 1.9975 1.988321 1.997171
1.988811 0.1874792 1.988042 1.989319 1.995003
1.981946 1.982957 1.992775 1.991399 0.3135823
1.989628 1.992327 1.995615 0.5260976 1.985821
0.8051479 1.986509 1.996951 1.99861 1.999454
1.992847 1.98713 1.992573 1.991697 1.990864
1.988418 1.993131 1.99001 1.988892 1.991554
1.908935 1.977275
1
0.1119628 0.003178828 0.01165744 0.0204739 0.01824871
-0.007680465 -0.01593886 0.2033809 0.02662874 0.01394721
-0.00774982 0.02262316 -0.004147626 0.05624114 0.07413404
0.2978707 0.03017584 0.02020666 -0.01995328 -0.2881234
-0.0905866 0.1295985 0.01669712 -0.002382252 -0.002467427
-0.0237906 0.01373729 0.003288733 -0.01213256 0.03371272
-0.01322591 -0.008763698 0.02684833 -0.001583412 -0.009420376
0.005941366 -0.05170038 -0.01424057
0.1119637 0.003179155 0.01165727 0.02047371 0.01824863
-0.00768005 -0.01593856 0.2033801 0.02662965 0.01394721
-0.00774985 0.0226231 -0.004147769 0.05624126 0.07413434
0.2978689 0.03017526 0.02020631 -0.01995365 -0.2881215
-0.09058666 0.1295984 0.01669759 -0.0023824 -0.002467584
-0.02379055 0.01373708 0.003288428 -0.01213269 0.03371206
-0.01322559 -0.008764148 0.02684875 -0.001583437 -0.009420432
0.005941507 -0.05170048 -0.01424072
1.998024 1.982556 1.9975 1.988321 1.997171
1.988811 0.1874771 1.988042 1.989319 1.995003
1.981946 1.982957 1.992775 1.991399 0.3135907
1.989628 1.992327 1.995615 0.5261552 1.985821
0.8051495 1.986509 1.996951 1.99861 1.999454
1.992847 1.98713 1.992573 1.991697 1.990864
1.988418 1.993131 1.99001 1.988892 1.991554
1.908935 1.977275
1.998024 1.982556 1.9975 1.988321 1.997171
1.988811 0.1874771 1.988042 1.989319 1.995003
1.981946 1.982957 1.992775 1.991399 0.3135866
1.989628 1.992327 1.995615 0.5261182 1.985821
0.8051671 1.986509 1.996951 1.99861 1.999454
1.992847 1.98713 1.992573 1.991697 1.990864
1.988418 1.993131 1.99001 1.988892 1.991554
1.908935 1.977275
1
0.1119626 0.003178984 0.01165719 0.02047367 0.01824849
-0.007680057 -0.01593854 0.2033812 0.02662965 0.01394727
-0.007749776 0.02262315 -0.004147558 0.05624143 0.0741343
0.2978687 0.03017533 0.02020618 -0.01995334 -0.2881212
-0.09058657 0.1295984 0.0166976 -0.002382375 -0.002467647
-0.02379052 0.01373707 0.003288562 -0.01213271 0.03371203
-0.0132256 -0.008764019 0.02684856 -0.001583474 -0.009420466
0.005941283 -0.05170026 -0.01424071
0.1119618 0.003178822 0.01165715 0.02047355 0.01824842
-0.007679756 -0.01593865 0.2033819 0.02663006 0.01394724
-0.007749793 0.02262313 -0.004147283 0.05624169 0.07413433
0.2978682 0.03017512 0.02020597 -0.01995334 -0.2881202
-0.09058653 0.1295985 0.01669772 -0.002382359 -0.002467699
-0.02379054 0.01373706 0.003288617 -0.01213266 0.03371177
-0.01322548 -0.00876419 0.02684854 -0.001583382 -0.009420504
0.005941353 -0.05170008 -0.01424084
1.998024 1.982556 1.9975 1.988321 1.997171
1.988811 0.1874804 1.988042 1.989319 1.995003
1.981946 1.982957 1.992775 1.991399 0.3135889
1.989628 1.992327 1.995615 0.5261222 1.985821
0.805178 1.986509 1.996951 1.99861 1.999454
1.992847 1.98713 1.992573 1.991697 1.990864
1.988418 1.993131 1.99001 1.988892 1.991554
1.908935 1.977275
1.998024 1.982556 1.9975 1.988321 1.997171
1.988811 0.187482 1.988042 1.989319 1.995003
1.981946 1.982957 1.992775 1.991399 0.3135946
1.989628 1.992327 1.995615 0.5261109 1.985821
0.8052045 1.986509 1.996951 1.99861 1.999454
1.992847 1.98713 1.992573 1.991697 1.990864
1.988418 1.993131 1.99001 1.988892 1.991554
1.908935 1.977275
1
0.1119649 0.003179357 0.01165735 0.02047405 0.01824871
-0.007680581 -0.01593845 0.2033791 0.02662901 0.01394719
-0.007749803 0.02262312 -0.004148098 0.0562409 0.07413435
0.2978703 0.03017553 0.02020658 -0.01995367 -0.288123
-0.09058678 0.1295978 0.01669732 -0.002382309 -0.002467542
-0.02379068 0.01373707 0.003288503 -0.01213273 0.03371252
-0.01322576 -0.008763774 0.02684853 -0.001583456 -0.009420341
0.00594146 -0.05170071 -0.01424053
0.1119638 0.003179074 0.01165737 0.02047371 0.01824873
-0.007680062 -0.01593873 0.20338 0.02662946 0.01394718
-0.007749901 0.02262308 -0.004147756 0.05624121 0.07413423
0.2978694 0.03017538 0.02020646 -0.01995369 -0.2881222
-0.09058665 0.1295986 0.01669746 -0.002382384 -0.002467488
-0.02379055 0.01373717 0.00328844 -0.0121326 0.03371222
-0.01322567 -0.008764157 0.02684877 -0.001583401 -0.009420414
0.005941608 -0.05170052 -0.01424072
1.998024 1.982556 1.9975 1.988321 1.997171
1.988811 0.1874758 1.988042 1.989319 1.995003
1.981946 1.982957 1.992775 1.991399 0.3135845
1.989628 1.992327 1.995615 0.5261323 1.985821
0.8051077 1.986509 1.996951 1.99861 1.999454
1.992847 1.98713 1.992573 1.991697 1.990864
1.988418 1.993131 1.99001 1.988892 1.991554
1.908935 1.977275
1.998024 1.982556 1.9975 1.988321 1.997171
1.988811 0.1874752 1.988042 1.989319 1.995003
1.981946 1.982957 1.992775 1.991399 0.3135873
1.989628 1.992327 1.995615 0.5261269 1.985821
0.8051704 1.986509 1.996951 1.99861 1.999454
1.992847 1.98713 1.992573 1.991697 1.990864
1.988418 1.993131 1.99001 1.988892 1.991554
1.908935 1.977275
1
0.1119634 0.003179057 0.01165728 0.0204737 0.01824862
-0.007679957 -0.01593865 0.2033805 0.02662975 0.01394718
-0.00774986 0.02262308 -0.004147634 0.05624136 0.07413433
0.2978689 0.0301752 0.02020625 -0.01995365 -0.2881213
-0.09058665 0.1295984 0.01669758 -0.002382365 -0.002467591
-0.02379059 0.01373709 0.003288491 -0.01213264 0.03371202
-0.01322556 -0.008764183 0.02684868 -0.001583371 -0.009420437
0.005941557 -0.0517004 -0.01424076
0.1119608 0.003178432 0.01165748 0.02047353 0.0182487
-0.007680431 -0.01593904 0.2033824 0.02662825 0.0139474
-0.007749825 0.02262328 -0.004147421 0.05624123 0.07413358
0.2978704 0.03017642 0.02020686 -0.01995272 -0.2881243
-0.09058631 0.1296001 0.01669701 -0.002382409 -0.002467249
-0.02379019 0.01373756 0.003288692 -0.01213252 0.03371294
-0.01322619 -0.008763649 0.02684851 -0.001583676 -0.009420461
0.005941006 -0.05170015 -0.01424053
1.998024 1.982556 1.9975 1.988321 1.997171
1.988811 0.1874776 1.988042 1.989319 1.995003
1.981946 1.982957 1.992775 1.991399 0.3135904
1.989628 1.992327 1.995615 0.5261157 1.985821
0.8051744 1.986509 1.996951 1.99861 1.999454
1.992847 1.98713 1.992573 1.991697 1.990864
1.988418 1.993131 1.99001 1.988892 1.991554
1.908935 1.977275
1.998024 1.982556 1.9975 1.988321 1.997171
1.988811 0.187477 1.988042 1.989319 1.995003
1.981946 1.982957 1.992775 1.991399 0.3135816
1.989628 1.992327 1.995615 0.5261925 1.985821
0.8052116 1.986509 1.996951 1.99861 1.999454
1.992847 1.98713 1.992573 1.991697 1.990864
1.988418 1.993131 1.99001 1.988892 1.991554
1.908935 1.977275
1
0.1119634 0.003179066 0.01165729 0.02047369 0.01824863
-0.007680032 -0.01593863 0.2033804 0.02662961 0.01394721
-0.007749851 0.0226231 -0.004147686 0.05624131 0.07413429
0.297869 0.03017531 0.02020631 -0.01995358 -0.2881216
-0.09058663 0.1295985 0.01669755 -0.002382386 -0.002467568
-0.02379054 0.01373711 0.003288472 -0.01213266 0.03371209
-0.01322562 -0.008764131 0.02684871 -0.001583426 -0.009420437
0.005941491 -0.05170042 -0.01424073
0.1119622 0.003178494 0.01165759 0.02047306 0.01824896
-0.007678948 -0.01593953 0.2033812 0.02663028 0.01394706
-0.007750209 0.02262293 -0.004147118 0.05624172 0.07413392
0.2978683 0.03017507 0.0202064 -0.01995402 -0.2881212
-0.09058646 0.1296003 0.01669761 -0.00238251 -0.002467253
-0.02379032 0.01373748 0.003288272 -0.01213223 0.03371174
-0.01322552 -0.008765064 0.02684934 -0.001583174 -0.00942052
0.005942214 -0.05170027 -0.01424114
1.998024 1.982556 1.9975 1.988321 1.997171
1.988811 0.1874774 1.988042 1.989319 1.995003
1.981946 1.982957 1.992775 1.991399 0.3135879
1.989628 1.992327 1.995615 0.5261217 1.985821
0.8051734 1.986509 1.996951 1.99861 1.999454
1.992847 1.98713 1.992573 1.991697 1.990864
1.988418 1.993131 1.99001 1.988892 1.991554
1.908935 1.977275
1.998024 1.982556 1.9975 1.988321 1.997171
1.988811 0.1874703 1.988042 1.989319 1.995003
1.981946 1.982957 1.992775 1.991399 0.3135948
1.989628 1.992327 1.995615 0.5261184 1.985821
0.8052959 1.986509 1.996951 1.99861 1.999454
1.992847 1.98713 1.992573 1.991697 1.990864
1.988418 1.993131 1.99001 1.988892 1.991554
1.908935 1.977275
1
0.111964 0.003179185 0.0116573 0.02047376 0.01824867
-0.00768007 -0.01593859 0.2033799 0.02662963 0.01394718
-0.007749866 0.02262308 -0.004147803 0.05624122 0.07413436
0.2978691 0.03017524 0.02020634 -0.01995373 -0.2881217
-0.09058669 0.1295983 0.01669755 -0.002382377 -0.002467571
-0.0237906 0.01373708 0.003288433 -0.01213267 0.0337121
-0.01322559 -0.00876415 0.02684874 -0.001583397 -0.009420414
0.005941582 -0.05170053 -0.01424072
0.1119633 0.003179032 0.01165729 0.02047368 0.01824863
-0.007680032 -0.01593865 0.2033806 0.02662957 0.01394722
-0.007749852 0.02262311 -0.004147662 0.05624132 0.07413426
0.297869 0.03017534 0.02020633 -0.01995355 -0.2881217
-0.09058661 0.1295986 0.01669754 -0.002382387 -0.002467556
-0.02379053 0.01373713 0.003288483 -0.01213265 0.03371212
-0.01322563 -0.008764121 0.0268487 -0.001583431 -0.00942044
0.005941477 -0.0517004 -0.01424073
1.998024 1.982556 1.9975 1.988321 1.997171
1.988811 0.1874764 1.988042 1.989319 1.995003
1.981946 1.982957 1.992775 1.991399 0.3135877
1.989628 1.992327 1.995615 0.5261169 1.985821
0.8051595 1.986509 1.996951 1.99861 1.999454
1.992847 1.98713 1.992573 1.991697 1.990864
1.988418 1.993131 1.99001 1.988892 1.991554
1.908935 1.977275
1.998024 1.982556 1.9975 1.988321 1.997171
1.988811 0.1874774 1.988042 1.989319 1.995003
1.981946 1.982957 1.992775 1.991399 0.3135879
1.989628 1.992327 1.995615 0.526124 1.985821
0.8051764 1.986509 1.996951 1.99861 1.999454
1.992847 1.98713 1.992573 1.991697 1.990864
1.988418 1.993131 1.99001 1.988892 1.991554
1.908935 1.977275
1
0.1119619 0.003178756 0.0116573 0.02047329 0.01824863
-0.007679647 -0.01593885 0.2033816 0.02662977 0.01394729
-0.007749922 0.02262312 -0.004147408 0.05624155 0.07413404
0.2978681 0.03017541 0.0202063 -0.0199534 -0.2881213
-0.09058643 0.1295997 0.01669764 -0.002382521 -0.002467468
-0.02379027 0.01373728 0.003288374 -0.01213258 0.03371194
-0.01322565 -0.008764403 0.02684899 -0.001583512 -0.009420526
0.005941448 -0.05170022 -0.01424084
0.1119634 0.003179058 0.0116573 0.02047368 0.01824864
-0.007680037 -0.01593864 0.2033804 0.02662957 0.01394721
-0.007749858 0.0226231 -0.004147693 0.05624129 0.07413427
0.2978691 0.03017533 0.02020634 -0.01995358 -0.2881217
-0.09058663 0.1295985 0.01669754 -0.002382391 -0.002467551
-0.02379053 0.01373713 0.003288465 -0.01213265 0.03371212
-0.01322563 -0.008764133 0.02684872 -0.001583431 -0.009420436
0.005941497 -0.05170043 -0.01424072
1.998024 1.982556 1.9975 1.988321 1.997171
1.988811 0.1874768 1.988042 1.989319 1.995003
1.981946 1.982957 1.992775 1.991399 0.3135849
1.989628 1.992327 1.995615 0.5261309 1.985821
0.8052418 1.986509 1.996951 1.99861 1.999454
1.992847 1.98713 1.992573 1.991697 1.990864
1.988418 1.993131 1.99001 1.988892 1.991554
1.908935 1.977275
1.998024 1.982556 1.9975 1.988321 1.997171
1.988811 0.187477 1.988042 1.989319 1.995003
1.981946 1.982957 1.992775 1.991399 0.3135875
1.989628 1.992327 1.995615 0.5261235 1.985821
0.8051746 1.986509 1.996951 1.99861 1.999454
1.992847 1.98713 1.992573 1.991697 1.990864
1.988418 1.993131 1.99001 1.988892 1.991554
1.908935 1.977275
1
0.1119626 0.003178897 0.01165726 0.0204737 0.01824855
-0.007679967 -0.01593872 0.2033812 0.0266297 0.01394719
-0.007749824 0.02262311 -0.004147456 0.05624147 0.07413429
0.2978691 0.03017527 0.0202062 -0.01995346 -0.2881212
-0.0905866 0.1295984 0.01669754 -0.002382316 -0.00246761
-0.02379061 0.01373711 0.003288624 -0.01213262 0.03371205
-0.01322558 -0.008764083 0.02684851 -0.00158335 -0.009420447
0.00594146 -0.05170025 -0.01424077
0.1119634 0.00317906 0.0116573 0.02047368 0.01824864
-0.007680034 -0.01593864 0.2033804 0.02662958 0.01394721
-0.007749858 0.0226231 -0.004147693 0.0562413 0.07413427
0.297869 0.03017533 0.02020634 -0.01995358 -0.2881217
-0.09058663 0.1295985 0.01669754 -0.002382392 -0.002467554
-0.02379053 0.01373713 0.003288464 -0.01213265 0.03371211
-0.01322563 -0.008764135 0.02684872 -0.001583431 -0.009420437
0.005941497 -0.05170043 -0.01424072
1.998024 1.982556 1.9975 1.988321 1.997171
1.988811 0.1874795 1.988042 1.989319 1.995003
1.981946 1.982957 1.992775 1.991399 0.3135939
1.989628 1.992327 1.995615 0.5261201 1.985821
0.8051797 1.986509 1.996951 1.99861 1.999454
1.992847 1.98713 1.992573 1.991697 1.990864
1.988418 1.993131 1.99001 1.988892 1.991554
1.908935 1.977275
1.998024 1.982556 1.9975 1.988321 1.997171
1.988811 0.1874771 1.988042 1.989319 1.995003
1.981946 1.982957 1.992775 1.991399 0.3135875
1.989628 1.992327 1.995615 0.5261232 1.985821
0.8051747 1.986509 1.996951 1.99861 1.999454
1.992847 1.98713 1.992573 1.991697 1.990864
1.988418 1.993131 1.99001 1.988892 1.991554
1.908935 1.977275
0.1561025
0.1119634 0.003179067 0.0116573 0.02047369 0.01824864
-0.007680044 -0.01593864 0.2033804 0.02662957 0.01394722
-0.007749858 0.0226231 -0.004147704 0.05624129 0.07413427
0.2978691 0.03017534 0.02020634 -0.01995359 -0.2881217
-0.09058663 0.1295985 0.01669754 -0.002382393 -0.002467552
-0.02379053 0.01373713 0.00328846 -0.01213265 0.03371212
-0.01322563 -0.008764131 0.02684873 -0.001583435 -0.009420435
0.005941495 -0.05170044 -0.01424072
0.2124174 0.007128098 0.007990384 0.02214468 0.008529352
-0.008446898 -0.0295091 0.1528945 0.006592179 0.003775479
-0.02011522 0.02986492 -0.008749668 0.06258728 0.08013477
0.3124804 0.01262742 0.01916656 -0.04806006 -0.3088068
-0.1007722 0.1324955 0.01607392 -0.01099481 0.0189621
-0.03351511 0.01355607 -0.00642316 -0.02529834 0.005172298
0.02224348 -0.02143985 0.02440267 0.01989727 0.01356943
-0.01850134 -0.02427761 -0.04048949
1.998024 1.982556 1.9975 1.988321 1.997171
1.988811 0.187477 1.988042 1.989319 1.995003
1.981946 1.982957 1.992775 1.991399 0.3135873
1.989628 1.992327 1.995615 0.5261235 1.985821
0.8051738 1.986509 1.996951 1.99861 1.999454
1.992847 1.98713 1.992573 1.991697 1.990864
1.988418 1.993131 1.99001 1.988892 1.991554
1.908935 1.977275
0.5385471 1.982556 1.9975 1.988321 1.997171
0.8623518 1.707151 0.8536273 1.989319 1.995003
1.981946 1.982957 1.992775 1.991399 1.995308
1.989628 1.992327 1.995615 1.988922 0.6570717
1.977309 0.8789031 1.996951 1.99861 1.999454
1.992847 1.98713 1.992573 0.03760548 1.990864
1.988418 0.2816436 1.99001 1.988892 1.991554
0.2707581 1.977275
1
0.1119654 0.003179283 0.01165747 0.02047343 0.01824896
-0.007679347 -0.0159389 0.2033786 0.0266304 0.01394703
-0.00775014 0.02262289 -0.004147854 0.05624128 0.07413438
0.2978682 0.03017474 0.02020636 -0.01995451 -0.288121
-0.09058676 0.129599 0.01669779 -0.002382525 -0.002467428
-0.02379052 0.01373715 0.00328804 -0.01213249 0.03371165
-0.01322537 -0.008764964 0.02684945 -0.001583229 -0.009420435
0.005942279 -0.05170078 -0.01424099
0.111966 0.003179285 0.01165771 0.02047466 0.01824902
-0.007681528 -0.01593877 0.2033782 0.02662738 0.01394709
-0.007749801 0.02262315 -0.004148375 0.05624029 0.07413406
0.2978741 0.03017635 0.02020735 -0.01995359 -0.2881268
-0.09058692 0.1295971 0.01669648 -0.002382035 -0.002467266
-0.02379095 0.01373732 0.003288854 -0.01213255 0.03371375
-0.01322626 -0.008763023 0.02684794 -0.001583348 -0.009420149
0.005941519 -0.05170099 -0.01424019
1.998024 1.982556 1.9975 1.988321 1.997171
1.988811 0.187469 1.988042 1.989319 1.995003
1.981946 1.982957 1.992775 1.991399 0.313587
1.989628 1.992327 1.995615 0.5260913 1.985821
0.8052105 1.986509 1.996951 1.99861 1.999454
1.992847 1.98713 1.992573 1.991697 1.990864
1.988418 1.993131 1.99001 1.988892 1.991554
1.908935 1.977275
1.998024 1.982556 1.9975 1.988321 1.997171
1.988811 0.1874717 1.988042 1.989319 1.995003
1.981946 1.982957 1.992775 1.991399 0.3135883
1.989628 1.992327 1.995615 0.5261827 1.985821
0.8050195 1.986509 1.996951 1.99861 1.999454
1.992847 1.98713 1.992573 1.991697 1.990864
1.988418 1.993131 1.99001 1.988892 1.991554
1.908935 1.977275
1
0.1119638 0.003179089 0.01165737 0.02047372 0.01824873
-0.007680077 -0.01593871 0.20338 0.02662946 0.01394718
-0.007749897 0.02262308 -0.004147769 0.0562412 0.07413424
0.2978694 0.03017537 0.02020646 -0.0199537 -0.2881222
-0.09058666 0.1295985 0.01669746 -0.002382381 -0.002467494
-0.02379055 0.01373717 0.003288442 -0.01213261 0.03371222
-0.01322567 -0.008764146 0.02684876 -0.001583401 -0.009420411
0.005941604 -0.05170052 -0.01424071
0.1119561 0.003178079 0.01165674 0.02047362 0.01824769
-0.007680741 -0.01593824 0.203387 0.02662868 0.01394772
-0.00774925 0.02262359 -0.004146651 0.05624202 0.07413391
0.2978685 0.03017636 0.02020579 -0.01995119 -0.2881209
-0.09058605 0.1295989 0.01669741 -0.002382244 -0.00246792
-0.02379026 0.01373713 0.003289378 -0.01213297 0.03371243
-0.01322599 -0.008762772 0.02684734 -0.00158392 -0.009420618
0.005939614 -0.05169911 -0.01424042
1.998024 1.982556 1.9975 1.988321 1.997171
1.988811 0.1874753 1.988042 1.989319 1.995003
1.981946 1.982957 1.992775 1.991399 0.3135873
1.989628 1.992327 1.995615 0.5261265 1.985821
0.8051678 1.986509 1.996951 1.99861 1.999454
1.992847 1.98713 1.992573 1.991697 1.990864
1.988418 1.993131 1.99001 1.988892 1.991554
1.908935 1.977275
1.998024 1.982556 1.9975 1.988321 1.997171
1.988811 0.1874995 1.988042 1.989319 1.995003
1.981946 1.982957 1.992775 1.991399 0.313592
1.989628 1.992327 1.995615 0.5261803 1.985821
0.8052033 1.986509 1.996951 1.99861 1.999454
1.992847 1.98713 1.992573 1.991697 1.990864
1.988418 1.993131 1.99001 1.988892 1.991554
1.908935 1.977275
1
0.1119623 0.003178726 0.01165747 0.02047347 0.01824879
-0.007680075 -0.01593897 0.2033811 0.02662894 0.0139473
-0.00774993 0.02262316 -0.004147594 0.05624123 0.07413383
0.2978696 0.03017589 0.02020672 -0.01995329 -0.2881233
-0.09058644 0.1295998 0.01669728 -0.002382476 -0.002467298
-0.02379026 0.01373743 0.00328844 -0.01213252 0.03371252
-0.01322593 -0.008764094 0.02684888 -0.001583567 -0.00942046
0.005941397 -0.05170037 -0.01424067
0.1119628 0.003179035 0.0116572 0.02047368 0.01824852
-0.007680119 -0.01593851 0.2033809 0.02662955 0.01394728
-0.007749781 0.02262316 -0.004147648 0.05624135 0.07413428
0.2978688 0.03017539 0.02020625 -0.01995335 -0.2881214
-0.09058658 0.1295985 0.01669758 -0.002382398 -0.002467621
-0.02379049 0.01373709 0.003288518 -0.01213273 0.03371209
-0.01322564 -0.008764002 0.02684862 -0.001583511 -0.009420459
0.005941273 -0.05170032 -0.01424068
1.998024 1.982556 1.9975 1.988321 1.997171
1.988811 0.1874741 1.988042 1.989319 1.995003
1.981946 1.982957 1.992775 1.991399 0.3135815
1.989628 1.992327 1.995615 0.5261609 1.985821
0.8052149 1.986509 1.996951 1.99861 1.999454
1.992847 1.98713 1.992573 1.991697 1.990864
1.988418 1.993131 1.99001 1.988892 1.991554
1.908935 1.977275
1.998024 1.982556 1.9975 1.988321 1.997171
1.988811 0.1874796 1.988042 1.989319 1.995003
1.981946 1.982957 1.992775 1.991399 0.3135864
1.989628 1.992327 1.995615 0.5261256 1.985821
0.8051741 1.986509 1.996951 1.99861 1.999454
1.992847 1.98713 1.992573 1.991697 1.990864
1.988418 1.993131 1.99001 1.988892 1.991554
1.908935 1.977275
1
0.111963 0.00317902 0.01165722 0.02047354 0.01824857
-0.007679743 -0.01593863 0.2033808 0.02663005 0.01394721
-0.007749869 0.02262308 -0.00414754 0.0562415 0.07413435
0.2978682 0.03017508 0.02020612 -0.01995363 -0.2881206
-0.0905866 0.1295986 0.01669774 -0.002382426 -0.002467625
-0.02379051 0.01373707 0.003288426 -0.01213266 0.03371179
-0.01322548 -0.008764343 0.02684881 -0.001583398 -0.009420481
0.005941539 -0.05170032 -0.01424084
0.1119634 0.003179071 0.01165728 0.02047367 0.01824863
-0.007680002 -0.01593863 0.2033804 0.02662965 0.01394722
-0.007749858 0.0226231 -0.004147688 0.05624131 0.07413429
0.2978689 0.03017529 0.02020631 -0.0199536 -0.2881215
-0.09058663 0.1295985 0.01669757 -0.002382399 -0.002467566
-0.02379053 0.01373711 0.003288452 -0.01213266 0.03371207
-0.01322561 -0.008764162 0.02684874 -0.00158343 -0.009420442
0.005941502 -0.05170042 -0.01424074
1.998024 1.982556 1.9975 1.988321 1.997171
1.988811 0.1874783 1.988042 1.989319 1.995003
1.981946 1.982957 1.992775 1.991399 0.3135896
1.989628 1.992327 1.995615 0.5261084 1.985821
0.8051987 1.986509 1.996951 1.99861 1.999454
1.992847 1.98713 1.992573 1.991697 1.990864
1.988418 1.993131 1.99001 1.988892 1.991554
1.908935 1.977275
1.998024 1.982556 1.9975 1.988321 1.997171
1.988811 0.1874772 1.988042 1.989319 1.995003
1.981946 1.982957 1.992775 1.991399 0.3135875
1.989628 1.992327 1.995615 0.5261207 1.985821
0.8051766 1.986509 1.996951 1.99861 1.999454
1.992847 1.98713 1.992573 1.991697 1.990864
1.988418 1.993131 1.99001 1.988892 1.991554
1.908935 1.977275
1
0.1119665 0.003179675 0.01165744 0.02047406 0.0182489
-0.007680775 -0.01593832 0.2033775 0.02662867 0.01394723
-0.007749866 0.02262311 -0.00414858 0.05624052 0.0741343
0.2978705 0.0301757 0.02020689 -0.01995391 -0.2881241
-0.09058684 0.129598 0.01669727 -0.002382436 -0.002467418
-0.02379056 0.01373711 0.003288217 -0.01213278 0.03371272
-0.01322588 -0.008763824 0.02684891 -0.001583603 -0.009420307
0.005941535 -0.05170108 -0.01424042
0.1119634 0.003179058 0.0116573 0.02047369 0.01824864
-0.007680039 -0.01593865 0.2033804 0.02662957 0.01394721
-0.007749858 0.0226231 -0.004147693 0.05624129 0.07413427
0.2978691 0.03017533 0.02020634 -0.01995358 -0.2881217
-0.09058663 0.1295985 0.01669754 -0.002382389 -0.002467552
-0.02379053 0.01373713 0.003288467 -0.01213265 0.03371212
-0.01322563 -0.008764131 0.02684872 -0.001583429 -0.009420435
0.005941499 -0.05170043 -0.01424072
1.998024 1.982556 1.9975 1.988321 1.997171
1.988811 0.1874708 1.988042 1.989319 1.995003
1.981946 1.982957 1.992775 1.991399 0.3135724
1.989628 1.992327 1.995615 0.5261409 1.985821
0.8050912 1.986509 1.996951 1.99861 1.999454
1.992847 1.98713 1.992573 1.991697 1.990864
1.988418 1.993131 1.99001 1.988892 1.991554
1.908935 1.977275
1.998024 1.982556 1.9975 1.988321 1.997171
1.988811 0.187477 1.988042 1.989319 1.995003
1.981946 1.982957 1.992775 1.991399 0.3135876
1.989628 1.992327 1.995615 0.5261235 1.985821
0.8051742 1.986509 1.996951 1.99861 1.999454
1.992847 1.98713 1.992573 1.991697 1.990864
1.988418 1.993131 1.99001 1.988892 1.991554
1.908935 1.977275
1
0.1119632 0.0031785 0.01165768 0.0204733 0.01824904
-0.007678741 -0.01593977 0.2033807 0.02663075 0.01394682
-0.007750285 0.02262278 -0.00414695 0.05624183 0.07413417
0.297869 0.03017457 0.02020626 -0.01995452 -0.2881205
-0.09058665 0.1295993 0.01669758 -0.002382296 -0.002467316
-0.02379072 0.01373739 0.003288452 -0.01213206 0.03371159
-0.01322529 -0.00876522 0.02684908 -0.001582773 -0.009420448
0.005942728 -0.05170031 -0.01424128
0.1119631 0.003179014 0.01165729 0.0204737 0.01824861
-0.007680074 -0.01593864 0.2033807 0.02662952 0.01394722
-0.007749836 0.02262312 -0.004147647 0.05624132 0.07413426
0.2978691 0.03017537 0.02020633 -0.0199535 -0.2881217
-0.09058661 0.1295985 0.01669751 -0.002382372 -0.002467563
-0.02379054 0.01373713 0.003288517 -0.01213265 0.03371215
-0.01322565 -0.008764069 0.02684864 -0.001583433 -0.009420438
0.005941441 -0.05170038 -0.01424071
1.998024 1.982556 1.9975 1.988321 1.997171
1.988811 0.1874698 1.988042 1.989319 1.995003
1.981946 1.982957 1.992775 1.991399 0.3136113
1.989628 1.992327 1.995615 0.5260908 1.985821
0.8052695 1.986509 1.996951 1.99861 1.999454
1.992847 1.98713 1.992573 1.991697 1.990864
1.988418 1.993131 1.99001 1.988892 1.991554
1.908935 1.977275
1.998024 1.982556 1.9975 1.988321 1.997171
1.988811 0.1874779 1.988042 1.989319 1.995003
1.981946 1.982957 1.992775 1.991399 0.3135884
1.989628 1.992327 1.995615 0.5261258 1.985821
0.8051733 1.986509 1.996951 1.99861 1.999454
1.992847 1.98713 1.992573 1.991697 1.990864
1.988418 1.993131 1.99001 1.988892 1.991554
1.908935 1.977275
1
0.1119642 0.003179221 0.01165728 0.02047361 0.01824867
-0.00767976 -0.0159386 0.2033798 0.02663009 0.01394715
-0.007749922 0.02262303 -0.004147758 0.05624134 0.07413443
0.2978684 0.03017497 0.0202062 -0.01995393 -0.2881208
-0.0905867 0.1295984 0.01669774 -0.002382438 -0.002467598
-0.02379057 0.01373704 0.00328831 -0.01213265 0.03371179
-0.01322545 -0.008764442 0.02684895 -0.001583358 -0.009420446
0.005941736 -0.05170053 -0.01424084
0.1119697 0.003179624 0.01165812 0.02047359 0.01824982
-0.007679311 -0.01593958 0.2033744 0.02662983 0.01394671
-0.007750593 0.02262262 -0.00414855 0.05624052 0.07413417
0.2978707 0.03017482 0.02020732 -0.01995583 -0.2881242
-0.09058706 0.1295994 0.01669731 -0.002382548 -0.002466881
-0.02379063 0.01373748 0.003287602 -0.01213209 0.03371227
-0.01322556 -0.008765501 0.02685019 -0.001582937 -0.009420248
0.005943483 -0.0517017 -0.01424102
1.998024 1.982556 1.9975 1.988321 1.997171
1.988811 0.1874757 1.988042 1.989319 1.995003
1.981946 1.982957 1.992775 1.991399 0.313588
1.989628 1.992327 1.995615 0.5261014 1.985821
0.805182 1.986509 1.996951 1.99861 1.999454
1.992847 1.98713 1.992573 1.991697 1.990864
1.988418 1.993131 1.99001 1.988892 1.991554
1.908935 1.977275
1.998024 1.982556 1.9975 1.988321 1.997171
1.988811 0.1874505 1.988042 1.989319 1.995003
1.981946 1.982957 1.992775 1.991399 0.3135825
1.989628 1.992327 1.995615 0.5261029 1.985821
0.8051831 1.986509 1.996951 1.99861 1.999454
1.992847 1.98713 1.992573 1.991697 1.990864
1.988418 1.993131 1.99001 1.988892 1.991554
1.908935 1.977275
1
0.1119633 0.003179023 0.01165731 0.02047366 0.01824865
-0.007679961 -0.0159387 0.2033805 0.02662966 0.01394719
-0.007749874 0.02262309 -0.004147637 0.05624134 0.07413427
0.297869 0.03017528 0.02020631 -0.01995362 -0.2881216
-0.09058663 0.1295985 0.01669755 -0.002382381 -0.002467552
-0.02379055 0.01373713 0.003288476 -0.01213262 0.03371207
-0.0132256 -0.008764186 0.02684872 -0.001583392 -0.009420439
0.005941552 -0.05170041 -0.01424076
0.1119632 0.00317902 0.01165727 0.0204736 0.01824862
-0.0076799 -0.01593866 0.2033806 0.02662976 0.01394722
-0.007749868 0.0226231 -0.004147614 0.05624139 0.07413428
0.2978687 0.03017524 0.02020626 -0.01995359 -0.2881213
-0.0905866 0.1295987 0.01669761 -0.002382411 -0.002467571
-0.02379051 0.01373712 0.003288447 -0.01213264 0.03371199
-0.01322558 -0.008764231 0.02684877 -0.00158342 -0.009420458
0.005941516 -0.05170038 -0.01424077
1.998024 1.982556 1.9975 1.988321 1.997171
1.988811 0.187477 1.988042 1.989319 1.995003
1.981946 1.982957 1.992775 1.991399 0.3135892
1.989628 1.992327 1.995615 0.5261207 1.985821
0.8051796 1.986509 1.996951 1.99861 1.999454
1.992847 1.98713 1.992573 1.991697 1.990864
1.988418 1.993131 1.99001 1.988892 1.991554
1.908935 1.977275
1.998024 1.982556 1.9975 1.988321 1.997171
1.988811 0.1874775 1.988042 1.989319 1.995003
1.981946 1.982957 1.992775 1.991399 0.3135883
1.989628 1.992327 1.995615 0.5261185 1.985821
0.8051881 1.986509 1.996951 1.99861 1.999454
1.992847 1.98713 1.992573 1.991697 1.990864
1.988418 1.993131 1.99001 1.988892 1.991554
1.908935 1.977275
1
0.1119642 0.003179321 0.01165718 0.02047368 0.01824857
-0.00767995 -0.01593838 0.2033798 0.02663 0.01394722
-0.007749835 0.02262308 -0.004147849 0.0562413 0.0741345
0.2978682 0.03017502 0.02020614 -0.01995377 -0.2881207
-0.0905867 0.1295982 0.01669778 -0.002382441 -0.002467677
-0.02379056 0.01373696 0.003288333 -0.01213277 0.03371181
-0.01322546 -0.008764264 0.02684886 -0.001583451 -0.009420449
0.00594152 -0.05170052 -0.01424076
0.1119635 0.003179077 0.0116573 0.0204737 0.01824865
-0.007680056 -0.01593864 0.2033803 0.02662955 0.01394721
-0.00774986 0.0226231 -0.00414772 0.05624127 0.07413427
0.2978691 0.03017534 0.02020636 -0.0199536 -0.2881218
-0.09058663 0.1295985 0.01669753 -0.002382391 -0.002467547
-0.02379053 0.01373713 0.003288458 -0.01213265 0.03371214
-0.01322564 -0.008764127 0.02684873 -0.001583433 -0.009420432
0.005941505 -0.05170045 -0.01424072
1.998024 1.982556 1.9975 1.988321 1.997171
1.988811 0.1874777 1.988042 1.989319 1.995003
1.981946 1.982957 1.992775 1.991399 0.3135853
1.989628 1.992327 1.995615 0.5261022 1.985821
0.8051649 1.986509 1.996951 1.99861 1.999454
1.992847 1.98713 1.992573 1.991697 1.990864
1.988418 1.993131 1.99001 1.988892 1.991554
1.908935 1.977275
1.998024 1.982556 1.9975 1.988321 1.997171
1.988811 0.1874768 1.988042 1.989319 1.995003
1.981946 1.982957 1.992775 1.991399 0.3135871
1.989628 1.992327 1.995615 0.5261238 1.985821
0.805172 1.986509 1.996951 1.99861 1.999454
1.992847 1.98713 1.992573 1.991697 1.990864
1.988418 1.993131 1.99001 1.988892 1.991554
1.908935 1.977275
1
0.1119636 0.003179126 0.01165729 0.02047368 0.01824865
-0.007680107 -0.01593857 0.2033802 0.02662949 0.01394724
-0.007749849 0.02262312 -0.004147793 0.05624123 0.07413426
0.297869 0.03017539 0.02020638 -0.01995357 -0.2881219
-0.09058662 0.1295986 0.01669754 -0.002382424 -0.002467544
-0.02379049 0.01373712 0.003288413 -0.01213269 0.03371215
-0.01322566 -0.008764105 0.02684878 -0.001583493 -0.009420436
0.005941443 -0.05170048 -0.01424069
0.1119618 0.003178631 0.01165734 0.02047359 0.01824859
-0.007679801 -0.01593898 0.2033819 0.02662969 0.01394717
-0.007749872 0.0226231 -0.004147202 0.05624161 0.07413414
0.2978692 0.03017534 0.02020623 -0.01995338 -0.2881213
-0.09058652 0.1295988 0.01669746 -0.002382291 -0.002467537
-0.02379058 0.01373723 0.003288707 -0.0121325 0.03371209
-0.01322562 -0.008764155 0.02684847 -0.001583282 -0.009420464
0.00594153 -0.05170011 -0.01424083
1.998024 1.982556 1.9975 1.988321 1.997171
1.988811 0.1874767 1.988042 1.989319 1.995003
1.981946 1.982957 1.992775 1.991399 0.3135842
1.989628 1.992327 1.995615 0.5261262 1.985821
0.8051708 1.986509 1.996951 1.99861 1.999454
1.992847 1.98713 1.992573 1.991697 1.990864
1.988418 1.993131 1.99001 1.988892 1.991554
1.908935 1.977275
1.998024 1.982556 1.9975 1.988321 1.997171
1.988811 0.1874793 1.988042 1.989319 1.995003
1.981946 1.982957 1.992775 1.991399 0.3135981
1.989628 1.992327 1.995615 0.5261272 1.985821
0.8052066 1.986509 1.996951 1.99861 1.999454
1.992847 1.98713 1.992573 1.991697 1.990864
1.988418 1.993131 1.99001 1.988892 1.991554
1.908935 1.977275
1
0.1119623 0.003178704 0.01165744 0.02047376 0.0182487
-0.007680294 -0.01593895 0.2033814 0.02662886 0.01394723
-0.007749846 0.02262316 -0.004147494 0.05624125 0.07413396
0.2978704 0.03017583 0.02020662 -0.01995323 -0.2881232
-0.09058653 0.1295989 0.01669716 -0.00238229 -0.002467403
-0.02379052 0.01373734 0.003288712 -0.01213252 0.03371263
-0.0132259 -0.008763812 0.02684841 -0.001583421 -0.009420409
0.005941369 -0.05170029 -0.01424063
0.1119641 0.003179079 0.0116575 0.02047429 0.01824877
-0.00768112 -0.01593867 0.2033798 0.02662797 0.01394722
-0.007749741 0.02262321 -0.004148024 0.05624071 0.07413406
0.2978722 0.03017618 0.02020696 -0.01995325 -0.288125
-0.09058673 0.1295977 0.01669683 -0.002382158 -0.002467399
-0.02379074 0.01373727 0.003288818 -0.01213264 0.03371325
-0.01322612 -0.008763223 0.02684806 -0.001583471 -0.009420276
0.005941237 -0.05170063 -0.01424032
1.998024 1.982556 1.9975 1.988321 1.997171
1.988811 0.1874772 1.988042 1.989319 1.995003
1.981946 1.982957 1.992775 1.991399 0.3135909
1.989628 1.992327 1.995615 0.5261562 1.985821
0.8051751 1.986509 1.996951 1.99861 1.999454
1.992847 1.98713 1.992573 1.991697 1.990864
1.988418 1.993131 1.99001 1.988892 1.991554
1.908935 1.977275
1.998024 1.982556 1.9975 1.988321 1.997171
1.988811 0.1874763 1.988042 1.989319 1.995003
1.981946 1.982957 1.992775 1.991399 0.3135871
1.989628 1.992327 1.995615 0.5261724 1.985821
0.8050793 1.986509 1.996951 1.99861 1.999454
1.992847 1.98713 1.992573 1.991697 1.990864
1.988418 1.993131 1.99001 1.988892 1.991554
1.908935 1.977275
1
0.1119628 0.003178962 0.01165726 0.02047365 0.01824858
-0.007680019 -0.01593865 0.203381 0.02662959 0.01394724
-0.007749829 0.02262313 -0.004147578 0.05624138 0.07413424
0.2978689 0.03017537 0.02020628 -0.01995344 -0.2881215
-0.09058658 0.1295986 0.01669755 -0.002382383 -0.002467576
-0.02379051 0.01373713 0.003288526 -0.01213266 0.0337121
-0.01322564 -0.008764088 0.02684864 -0.001583446 -0.009420455
0.005941399 -0.05170032 -0.01424073
0.1119669 0.003179697 0.01165745 0.02047434 0.01824888
-0.007680935 -0.01593834 0.2033774 0.02662865 0.01394713
-0.007749826 0.02262308 -0.004148533 0.05624051 0.07413445
0.2978713 0.03017558 0.02020684 -0.019954 -0.2881241
-0.09058696 0.1295971 0.01669716 -0.002382265 -0.002467491
-0.02379083 0.01373703 0.003288428 -0.01213275 0.03371281
-0.01322583 -0.008763639 0.02684854 -0.001583429 -0.009420247
0.005941628 -0.05170108 -0.0142404
1.998024 1.982556 1.9975 1.988321 1.997171
1.988811 0.1874786 1.988042 1.989319 1.995003
1.981946 1.982957 1.992775 1.991399 0.3135887
1.989628 1.992327 1.995615 0.5261256 1.985821
0.8051826 1.986509 1.996951 1.99861 1.999454
1.992847 1.98713 1.992573 1.991697 1.990864
1.988418 1.993131 1.99001 1.988892 1.991554
1.908935 1.977275
1.998024 1.982556 1.9975 1.988321 1.997171
1.988811 0.1874723 1.988042 1.989319 1.995003
1.981946 1.982957 1.992775 1.991399 0.3135814
1.989628 1.992327 1.995615 0.5261336 1.985821
0.8050526 1.986509 1.996951 1.99861 1.999454
1.992847 1.98713 1.992573 1.991697 1.990864
1.988418 1.993131 1.99001 1.988892 1.991554
1.908935 1.977275
1
0.1119674 0.003179845 0.01165734 0.02047411 0.01824884
-0.00768031 -0.01593828 0.203377 0.02662974 0.01394705
-0.007749912 0.02262297 -0.004148449 0.05624078 0.07413472
0.2978696 0.03017489 0.02020644 -0.01995445 -0.2881219
-0.09058701 0.1295971 0.0166976 -0.002382353 -0.00246762
-0.02379085 0.01373686 0.003288209 -0.01213276 0.03371209
-0.01322546 -0.008764215 0.02684891 -0.001583307 -0.009420304
0.005941953 -0.05170108 -0.01424065
0.1119627 0.003179423 0.01165681 0.02047353 0.01824817
-0.007680153 -0.01593776 0.203381 0.02663004 0.0139475
-0.007749594 0.02262327 -0.004147894 0.05624144 0.07413457
0.2978666 0.03017517 0.02020581 -0.01995308 -0.2881196
-0.09058653 0.1295984 0.01669808 -0.002382598 -0.002467911
-0.02379029 0.01373678 0.003288287 -0.01213311 0.03371157
-0.01322546 -0.008763979 0.02684883 -0.001583852 -0.009420556
0.005940738 -0.05170028 -0.01424063
1.998024 1.982556 1.9975 1.988321 1.997171
1.988811 0.187472 1.988042 1.989319 1.995003
1.981946 1.982957 1.992775 1.991399 0.3135842
1.989628 1.992327 1.995615 0.5260923 1.985821
0.805086 1.986509 1.996951 1.99861 1.999454
1.992847 1.98713 1.992573 1.991697 1.990864
1.988418 1.993131 1.99001 1.988892 1.991554
1.908935 1.977275
1.998024 1.982556 1.9975 1.988321 1.997171
1.988811 0.187485 1.988042 1.989319 1.995003
1.981946 1.982957 1.992775 1.991399 0.3135734
1.989628 1.992327 1.995615 0.526105 1.985821
0.8051742 1.986509 1.996951 1.99861 1.999454
1.992847 1.98713 1.992573 1.991697 1.990864
1.988418 1.993131 1.99001 1.988892 1.991554
1.908935 1.977275
1
0.1119657 0.003179485 0.01165737 0.02047432 0.01824874
-0.007680834 -0.01593839 0.2033785 0.02662883 0.01394713
-0.00774977 0.02262311 -0.004148223 0.05624075 0.07413446
0.2978711 0.03017552 0.02020664 -0.01995378 -0.2881234
-0.0905869 0.129597 0.0166972 -0.002382196 -0.002467576
-0.02379088 0.013737 0.003288611 -0.01213273 0.0337127
-0.01322577 -0.008763577 0.0268483 -0.001583369 -0.009420276
0.005941516 -0.05170082 -0.01424045
0.1119634 0.003179049 0.01165732 0.0204737 0.01824866
-0.007680064 -0.01593867 0.2033804 0.02662951 0.01394721
-0.007749864 0.0226231 -0.004147702 0.05624127 0.07413425
0.2978692 0.03017537 0.02020638 -0.01995358 -0.2881219
-0.09058663 0.1295986 0.0166975 -0.002382384 -0.002467533
-0.02379053 0.01373715 0.003288473 -0.01213264 0.03371217
-0.01322565 -0.008764114 0.02684871 -0.001583427 -0.009420429
0.005941507 -0.05170044 -0.01424071
1.998024 1.982556 1.9975 1.988321 1.997171
1.988811 0.1874759 1.988042 1.989319 1.995003
1.981946 1.982957 1.992775 1.991399 0.3135881
1.989628 1.992327 1.995615 0.5261302 1.985821
0.805065 1.986509 1.996951 1.99861 1.999454
1.992847 1.98713 1.992573 1.991697 1.990864
1.988418 1.993131 1.99001 1.988892 1.991554
1.908935 1.977275
1.998024 1.982556 1.9975 1.988321 1.997171
1.988811 0.1874767 1.988042 1.989319 1.995003
1.981946 1.982957 1.992775 1.991399 0.3135875
1.989628 1.992327 1.995615 0.5261259 1.985821
0.8051727 1.986509 1.996951 1.99861 1.999454
1.992847 1.98713 1.992573 1.991697 1.990864
1.988418 1.993131 1.99001 1.988892 1.991554
1.908935 1.977275
0.4275459
0.2162892 0.01050415 0.01357825 0.02450112 0.008031622
-0.002646659 -0.03450921 0.1553323 0.01099645 0.007234164
-0.02066868 0.02945589 -0.01956706 0.06328734 0.07457121
0.3133143 0.0118312 0.02450066 -0.05470254 -0.3072961
-0.1048263 0.1378541 0.008097097 -0.01092189 0.01374248
-0.0325823 0.01778578 -0.007680657 -0.0139353 -0.0002550513
0.02046018 -0.01803532 0.03188943 0.009897149 0.01106443
-0.01259899 -0.03440941 -0.04374182
0.1119556 0.00317783 0.01165683 0.02047215 0.01824801
-0.007678256 -0.01593895 0.203387 0.02663145 0.01394757
-0.007749838 0.02262325 -0.004146083 0.05624292 0.07413386
0.2978633 0.03017497 0.02020524 -0.01995241 -0.2881165
-0.09058582 0.129602 0.01669848 -0.002382815 -0.002467733
-0.02378967 0.0137373 0.00328839 -0.01213262 0.03371058
-0.01322526 -0.008765094 0.02684928 -0.00158372 -0.009420894
0.005940831 -0.05169905 -0.01424132
0.2357221 1.982556 1.9975 1.988321 1.473019
0.7311669 1.997454 0.7593704 1.989319 1.995003
1.981946 1.982957 0.6921014 1.991399 1.995308
1.989628 1.992327 1.995615 1.988922 1.985821
1.977309 1.986509 1.996951 1.99861 1.999454
1.992847 1.98713 0.2538165 0.07043909 1.990864
1.988418 0.3481187 1.99001 1.988892 1.991554
1.908935 1.977275
1.998024 1.982556 1.9975 1.988321 1.997171
1.988811 0.1874889 1.988042 1.989319 1.995003
1.981946 1.982957 1.992775 1.991399 0.3135888
1.989628 1.992327 1.995615 0.526109 1.985821
0.8054428 1.986509 1.996951 1.99861 1.999454
1.992847 1.98713 1.992573 1.991697 1.990864
1.988418 1.993131 1.99001 1.988892 1.991554
1.908935 1.977275
1
0.1119636 0.003179024 0.01165738 0.02047364 0.01824873
-0.007679962 -0.01593877 0.2033802 0.02662954 0.01394719
-0.007749919 0.02262308 -0.004147697 0.05624127 0.0741342
0.2978692 0.03017535 0.02020644 -0.01995369 -0.288122
-0.09058663 0.1295988 0.01669749 -0.002382405 -0.002467477
-0.02379051 0.01373719 0.003288421 -0.01213258 0.03371216
-0.01322565 -0.008764232 0.02684882 -0.001583399 -0.00942043
0.005941628 -0.05170048 -0.01424075
0.1119618 0.003178709 0.01165731 0.02047371 0.01824855
-0.007680203 -0.0159388 0.2033819 0.02662916 0.01394727
-0.007749783 0.02262318 -0.004147392 0.05624141 0.07413407
0.2978697 0.03017567 0.02020638 -0.01995311 -0.2881222
-0.0905865 0.1295987 0.01669733 -0.0023823 -0.002467528
-0.02379052 0.01373724 0.003288739 -0.0121326 0.03371239
-0.01322579 -0.008763822 0.02684835 -0.001583446 -0.009420446
0.005941232 -0.05170016 -0.01424066
1.998024 1.982556 1.9975 1.988321 1.997171
1.988811 0.1874751 1.988042 1.989319 1.995003
1.981946 1.982957 1.992775 1.991399 0.3135874
1.989628 1.992327 1.995615 0.5261261 1.985821
0.8051831 1.986509 1.996951 1.99861 1.999454
1.992847 1.98713 1.992573 1.991697 1.990864
1.988418 1.993131 1.99001 1.988892 1.991554
1.908935 1.977275
1.998024 1.982556 1.9975 1.988321 1.997171
1.988811 0.1874802 1.988042 1.989319 1.995003
1.981946 1.982957 1.992775 1.991399 0.313592
1.989628 1.992327 1.995615 0.5261452 1.985821
0.8051816 1.986509 1.996951 1.99861 1.999454
1.992847 1.98713 1.992573 1.991697 1.990864
1.988418 1.993131 1.99001 1.988892 1.991554
1.908935 1.977275
