0.02733299
0.3382395
0.3382267
0.3382401
0.3382378
0.338277
0.07377126
0.3382422
0.1474174
0.3351439
0.08028529
0.3302191
0.3381414
0.4426977
0.3382126
0.4427055
0.3382063
0.3359887
0.3359907
0.3359344
0.1542276
0.3359857
0.3359707
0.2090177
0.3359731
0.3355333
0.3359458
0.3359841
0.3309903
0.3360041
0.330509
0.3358042
0.3253258
0.2588426
0.3360008
0.3359472
0.1913709
0.3359322
0.3358913
0.3359398
0.3358723
0.5081055
0.335964
0.3359982
0.3359955
0.3359431
0.3359733
0.3359906
0.3359234
0.3358988
