0.9944691
0.1119636 0.003179079 0.01165732 0.02047376 0.01824866
-0.007680098 -0.01593866 0.2033802 0.02662951 0.01394719
-0.007749859 0.02262309 -0.004147718 0.05624125 0.07413429
0.2978694 0.03017533 0.02020637 -0.01995363 -0.2881219
-0.09058666 0.1295983 0.01669749 -0.002382354 -0.002467548
-0.02379059 0.01373712 0.0032885 -0.01213264 0.03371218
-0.01322564 -0.008764088 0.02684866 -0.001583392 -0.009420415
0.005941541 -0.05170046 -0.01424071
0.1223887 0.00511046 0.01330492 0.02493605 0.01590303
-0.008822819 -0.01705052 0.182786 0.02768455 0.01273299
-0.01118302 0.02106424 -0.00692702 0.05438582 0.06512261
0.3029959 0.02941963 0.01890196 -0.01706584 -0.2861814
-0.08632878 0.1310843 0.0196857 -0.003293378 -0.003256628
-0.02355474 0.01035192 0.000204822 -0.01493717 0.03632235
-0.01513989 -0.01041008 0.03019901 -0.001809148 -0.01081944
0.008658097 -0.06103122 -0.01693298
1.998024 1.982556 1.9975 1.988321 1.997171
1.988811 0.1874768 1.988042 1.989319 1.995003
1.981946 1.982957 1.992775 1.991399 0.313589
1.989628 1.992327 1.995615 0.5261235 1.985821
0.8051634 1.986509 1.996951 1.99861 1.999454
1.992847 1.98713 1.992573 1.991697 1.990864
1.988418 1.993131 1.99001 1.988892 1.991554
1.908935 1.977275
1.998024 1.982556 1.9975 1.988321 1.997171
1.988811 0.1803909 1.988042 1.989319 1.995003
1.981946 1.982957 1.992775 1.991399 0.2968401
1.989628 1.992327 1.995615 0.5543051 1.985821
0.7816106 1.986509 1.996951 1.99861 1.999454
1.992847 1.98713 1.992573 1.991697 1.990864
1.988418 1.878918 1.99001 1.988892 1.991554
1.908935 1.977275
0.9945374
0.1119645 0.003179148 0.01165746 0.02047372 0.01824885
-0.007679986 -0.01593882 0.2033794 0.02662951 0.01394712
-0.007749977 0.02262303 -0.004147852 0.05624112 0.07413424
0.2978696 0.0301753 0.02020655 -0.01995395 -0.2881224
-0.09058671 0.1295986 0.01669744 -0.002382394 -0.002467426
-0.02379057 0.0137372 0.003288353 -0.01213255 0.03371223
-0.01322565 -0.008764301 0.02684891 -0.001583338 -0.009420391
0.005941829 -0.05170066 -0.01424075
0.1223917 0.005111313 0.01330461 0.02493555 0.0159015
-0.008822044 -0.01704906 0.1827849 0.02768529 0.01273263
-0.01118311 0.02106392 -0.006927518 0.05438588 0.06512321
0.3029953 0.02941816 0.01890155 -0.01706651 -0.2861796
-0.08632919 0.1310843 0.01968607 -0.003294292 -0.003256826
-0.02355501 0.01035222 0.0002041159 -0.01493815 0.0363209
-0.01513876 -0.01041056 0.03019917 -0.001808725 -0.01082011
0.008657345 -0.06103049 -0.01693352
1.998024 1.982556 1.9975 1.988321 1.997171
1.988811 0.1874725 1.988042 1.989319 1.995003
1.981946 1.982957 1.992775 1.991399 0.3135872
1.989628 1.992327 1.995615 0.5261232 1.985821
0.8051688 1.986509 1.996951 1.99861 1.999454
1.992847 1.98713 1.992573 1.991697 1.990864
1.988418 1.993131 1.99001 1.988892 1.991554
1.908935 1.977275
1.998024 1.982556 1.9975 1.988321 1.997171
1.988811 0.180398 1.988042 1.989319 1.995003
1.981946 1.982957 1.992775 1.991399 0.2968355
1.989628 1.992327 1.995615 0.5542309 1.985821
0.7815746 1.986509 1.996951 1.99861 1.999454
1.992847 1.98713 1.992573 1.991697 1.990864
1.988418 1.878079 1.99001 1.988892 1.991554
1.908935 1.977275
0.9944702
0.1119607 0.003178732 0.01165701 0.02047358 0.01824822
-0.00767996 -0.01593846 0.203383 0.0266299 0.01394734
-0.007749651 0.02262323 -0.00414717 0.05624178 0.07413433
0.297868 0.03017529 0.02020584 -0.01995289 -0.28812
-0.09058645 0.1295984 0.01669773 -0.002382335 -0.002467806
-0.02379051 0.01373701 0.003288772 -0.01213277 0.03371181
-0.01322553 -0.008763889 0.02684827 -0.001583501 -0.009420533
0.005940952 -0.05169987 -0.01424076
0.1223894 0.005111051 0.01330436 0.02493578 0.01590196
-0.008822681 -0.01704923 0.1827863 0.02768522 0.01273305
-0.01118281 0.02106416 -0.006927354 0.05438599 0.06512312
0.3029939 0.02941884 0.01890133 -0.01706571 -0.2861791
-0.08632891 0.1310838 0.01968625 -0.003293877 -0.00325708
-0.02355481 0.01035174 0.0002045333 -0.01493784 0.03632133
-0.0151392 -0.01041011 0.03019897 -0.001809202 -0.01081984
0.008657245 -0.0610307 -0.01693317
1.998024 1.982556 1.9975 1.988321 1.997171
1.988811 0.1874867 1.988042 1.989319 1.995003
1.981946 1.982957 1.992775 1.991399 0.3135942
1.989628 1.992327 1.995615 0.5261188 1.985821
0.8051989 1.986509 1.996951 1.99861 1.999454
1.992847 1.98713 1.992573 1.991697 1.990864
1.988418 1.993131 1.99001 1.988892 1.991554
1.908935 1.977275
1.998024 1.982556 1.9975 1.988321 1.997171
1.988811 0.1804017 1.988042 1.989319 1.995003
1.981946 1.982957 1.992775 1.991399 0.2968322
1.989628 1.992327 1.995615 0.5542552 1.985821
0.7815832 1.986509 1.996951 1.99861 1.999454
1.992847 1.98713 1.992573 1.991697 1.990864
1.988418 1.878563 1.99001 1.988892 1.991554
1.908935 1.977275
0.1389323
0.1119632 0.003178877 0.0116574 0.02047379 0.0182487
-0.007679965 -0.01593893 0.2033807 0.02662959 0.0139471
-0.007749902 0.02262305 -0.004147476 0.05624138 0.07413425
0.2978698 0.03017527 0.02020636 -0.01995369 -0.2881218
-0.09058667 0.1295982 0.01669739 -0.002382252 -0.002467519
-0.02379071 0.01373718 0.00328865 -0.0121325 0.0337122
-0.01322561 -0.008764131 0.02684849 -0.001583219 -0.0094204
0.005941718 -0.05170036 -0.01424078
0.2128194 0.007192611 0.01450617 0.02587894 0.004727245
-0.003311815 -0.02876183 0.1265122 0.01996853 0.004869646
-0.02158759 0.03034751 -0.01657301 0.05807236 0.06941881
0.3140867 0.006216951 0.01116279 -0.05269517 -0.2914713
-0.09271482 0.1318366 0.02215022 -0.01385744 0.009067556
-0.02627249 0.02015566 -0.005526813 -0.02527429 0.01298384
0.006561649 -0.02331084 0.04323742 0.01176052 -0.001307605
-0.003256701 -0.0423898 -0.04288062
1.998024 1.982556 1.9975 1.988321 1.997171
1.988811 0.1874769 1.988042 1.989319 1.995003
1.981946 1.982957 1.992775 1.991399 0.3135976
1.989628 1.992327 1.995615 0.526122 1.985821
0.8051702 1.986509 1.996951 1.99861 1.999454
1.992847 1.98713 1.992573 1.991697 1.990864
1.988418 1.993131 1.99001 1.988892 1.991554
1.908935 1.977275
1.998024 0.6500511 1.9975 1.988321 1.997171
1.988811 1.997454 1.988042 1.989319 1.663043
1.981946 1.982957 1.992775 1.991399 1.995308
0.2404283 1.992327 1.413215 1.988922 1.985821
1.977309 0.8312294 1.996951 1.538154 0.04415095
1.992847 0.4169758 1.992573 1.671872 1.990864
1.988418 1.993131 1.99001 0.06776314 1.991554
1.908935 1.977275
0.9944688
0.1119631 0.003179009 0.01165729 0.02047364 0.01824862
-0.007680021 -0.01593865 0.2033807 0.02662955 0.01394724
-0.007749852 0.02262312 -0.004147652 0.05624133 0.07413423
0.2978689 0.03017538 0.02020634 -0.01995351 -0.2881217
-0.09058659 0.1295987 0.01669754 -0.002382407 -0.002467546
-0.02379049 0.01373715 0.003288469 -0.01213265 0.03371212
-0.01322565 -0.008764127 0.02684873 -0.001583459 -0.00942045
0.005941444 -0.05170039 -0.01424072
0.1223929 0.005111476 0.01330478 0.02493615 0.01590226
-0.008822849 -0.01704939 0.1827833 0.02768454 0.0127328
-0.011183 0.02106399 -0.006927901 0.05438533 0.06512318
0.3029963 0.02941879 0.01890202 -0.01706664 -0.2861813
-0.08632923 0.1310832 0.01968579 -0.003293843 -0.003256795
-0.02355501 0.01035195 0.0002043074 -0.01493787 0.03632182
-0.01513931 -0.01041013 0.03019909 -0.00180892 -0.01081972
0.008657718 -0.06103124 -0.01693316
1.998024 1.982556 1.9975 1.988321 1.997171
1.988811 0.1874774 1.988042 1.989319 1.995003
1.981946 1.982957 1.992775 1.991399 0.3135868
1.989628 1.992327 1.995615 0.5261264 1.985821
0.8051822 1.986509 1.996951 1.99861 1.999454
1.992847 1.98713 1.992573 1.991697 1.990864
1.988418 1.993131 1.99001 1.988892 1.991554
1.908935 1.977275
1.998024 1.982556 1.9975 1.988321 1.997171
1.988811 0.1803925 1.988042 1.989319 1.995003
1.981946 1.982957 1.992775 1.991399 0.2968316
1.989628 1.992327 1.995615 0.5542606 1.985821
0.7815128 1.986509 1.996951 1.99861 1.999454
1.992847 1.98713 1.992573 1.991697 1.990864
1.988418 1.878428 1.99001 1.988892 1.991554
1.908935 1.977275
0.9944687
0.1119637 0.003179174 0.01165729 0.0204736 0.01824867
-0.007680134 -0.01593851 0.20338 0.02662938 0.0139473
-0.007749857 0.02262314 -0.0041479 0.05624116 0.0741342
0.2978688 0.0301755 0.02020646 -0.01995353 -0.2881221
-0.09058659 0.1295989 0.01669756 -0.002382503 -0.002467504
-0.02379037 0.01373715 0.003288305 -0.01213272 0.03371218
-0.01322572 -0.008764128 0.02684894 -0.001583598 -0.009420451
0.005941375 -0.05170054 -0.01424066
0.1223898 0.005110703 0.01330491 0.02493573 0.01590242
-0.008822458 -0.01705009 0.1827858 0.02768447 0.01273279
-0.01118314 0.02106411 -0.006927182 0.05438581 0.06512262
0.3029963 0.02941927 0.01890204 -0.01706607 -0.2861816
-0.08632889 0.131085 0.01968568 -0.003293806 -0.003256516
-0.02355474 0.01035227 0.0002044242 -0.01493756 0.03632191
-0.01513956 -0.01041031 0.03019916 -0.001809008 -0.01081974
0.008657731 -0.06103092 -0.01693324
1.998024 1.982556 1.9975 1.988321 1.997171
1.988811 0.1874757 1.988042 1.989319 1.995003
1.981946 1.982957 1.992775 1.991399 0.3135786
1.989628 1.992327 1.995615 0.5261322 1.985821
0.8051784 1.986509 1.996951 1.99861 1.999454
1.992847 1.98713 1.992573 1.991697 1.990864
1.988418 1.993131 1.99001 1.988892 1.991554
1.908935 1.977275
1.998024 1.982556 1.9975 1.988321 1.997171
1.988811 0.1803919 1.988042 1.989319 1.995003
1.981946 1.982957 1.992775 1.991399 0.2968352
1.989628 1.992327 1.995615 0.5542948 1.985821
0.7816109 1.986509 1.996951 1.99861 1.999454
1.992847 1.98713 1.992573 1.991697 1.990864
1.988418 1.878508 1.99001 1.988892 1.991554
1.908935 1.977275
0.9944687
0.1119596 0.003178331 0.01165738 0.02047387 0.01824848
-0.007681274 -0.01593878 0.2033835 0.02662717 0.01394757
-0.007749572 0.02262348 -0.004147465 0.05624104 0.07413344
0.2978717 0.03017711 0.02020702 -0.01995192 -0.2881258
-0.09058624 0.1295996 0.01669666 -0.00238228 -0.002467307
-0.02379021 0.01373757 0.003289054 -0.01213268 0.03371359
-0.01322652 -0.008762776 0.02684785 -0.001583892 -0.009420424
0.005940301 -0.05169998 -0.0142402
0.1223912 0.005111208 0.01330459 0.02493573 0.0159021
-0.008822245 -0.0170494 0.1827846 0.0276855 0.01273284
-0.01118305 0.02106401 -0.006927495 0.05438586 0.0651232
0.3029944 0.02941839 0.01890146 -0.01706644 -0.2861792
-0.0863291 0.1310839 0.01968619 -0.003294011 -0.003256905
-0.02355491 0.01035192 0.00020431 -0.01493785 0.03632114
-0.01513901 -0.01041054 0.0301993 -0.001808925 -0.01081987
0.008657705 -0.06103085 -0.01693333
1.998024 1.982556 1.9975 1.988321 1.997171
1.988811 0.1874828 1.988042 1.989319 1.995003
1.981946 1.982957 1.992775 1.991399 0.3135792
1.989628 1.992327 1.995615 0.5262302 1.985821
0.8051576 1.986509 1.996951 1.99861 1.999454
1.992847 1.98713 1.992573 1.991697 1.990864
1.988418 1.993131 1.99001 1.988892 1.991554
1.908935 1.977275
1.998024 1.982556 1.9975 1.988321 1.997171
1.988811 0.1803957 1.988042 1.989319 1.995003
1.981946 1.982957 1.992775 1.991399 0.2968352
1.989628 1.992327 1.995615 0.5542341 1.985821
0.7815844 1.986509 1.996951 1.99861 1.999454
1.992847 1.98713 1.992573 1.991697 1.990864
1.988418 1.878431 1.99001 1.988892 1.991554
1.908935 1.977275
0.03578522
0.1119652 0.0031798 0.01165684 0.02047345 0.01824834
-0.007679306 -0.01593786 0.2033791 0.02663157 0.0139472
-0.007749824 0.02262299 -0.004147953 0.05624161 0.07413506
0.2978653 0.03017401 0.02020543 -0.01995426 -0.2881172
-0.0905868 0.1295976 0.01669855 -0.002382608 -0.00246802
-0.02379058 0.01373655 0.003287975 -0.012133 0.03371069
-0.01322489 -0.008764885 0.02684932 -0.001583442 -0.009420541
0.00594167 -0.05170056 -0.014241
0.2137376 0.008466859 0.01044118 0.02513219 0.003216585
-0.005731502 -0.03353815 0.1287989 0.01813252 0.01048711
-0.02237429 0.034324 -0.01534699 0.05746801 0.06980905
0.3143741 0.00856369 0.01014581 -0.05133023 -0.2943337
-0.09668088 0.1334668 0.02041731 -0.01039836 0.009188824
-0.02397841 0.02259582 -0.01098219 -0.02408426 0.01173254
0.00798572 -0.01833282 0.03887494 0.01426136 0.0046701
-0.004437972 -0.04762881 -0.04485875
1.998024 1.982556 1.9975 1.988321 1.997171
1.988811 0.1874803 1.988042 1.989319 1.995003
1.981946 1.982957 1.992775 1.991399 0.3135834
1.989628 1.992327 1.995615 0.526037 1.985821
0.8051848 1.986509 1.996951 1.99861 1.999454
1.992847 1.98713 1.992573 1.991697 1.990864
1.988418 1.993131 1.99001 1.988892 1.991554
1.908935 1.977275
1.998024 1.982556 0.006291939 1.988321 1.997171
1.788515 1.997454 1.988042 0.1609746 1.335629
1.312409 1.982957 1.992775 1.991399 1.727747
1.989628 1.992327 1.995615 1.988922 1.985821
0.336537 1.986509 1.996951 0.8577478 1.999454
1.992847 1.98713 1.992573 1.991697 1.990864
1.925955 1.310654 1.99001 1.988892 1.991554
1.908935 1.977275
0.9944685
0.1119658 0.003179131 0.01165794 0.02047546 0.01824909
-0.00768314 -0.0159388 0.2033783 0.02662493 0.01394718
-0.007749565 0.02262337 -0.004148682 0.05623956 0.07413365
0.2978785 0.03017775 0.0202082 -0.01995275 -0.2881316
-0.09058695 0.1295962 0.01669544 -0.002381705 -0.002467064
-0.02379115 0.01373755 0.003289463 -0.01213256 0.03371543
-0.01322703 -0.008761565 0.02684687 -0.001583497 -0.009419955
0.00594088 -0.05170109 -0.01423959
0.1223988 0.005112514 0.01330614 0.02492902 0.01588674
-0.008815576 -0.01704257 0.1827965 0.02767718 0.01272703
-0.01118556 0.02106174 -0.006927235 0.05438653 0.06512094
0.3030207 0.02941465 0.01890588 -0.01706749 -0.2861951
-0.08633065 0.131103 0.01968199 -0.003302213 -0.003252841
-0.02355578 0.01036223 0.0001978751 -0.01494549 0.0363155
-0.01513367 -0.01041206 0.03019746 -0.001804309 -0.01082648
0.008647785 -0.06102113 -0.01693899
1.998024 1.982556 1.9975 1.988321 1.997171
1.988811 0.1874731 1.988042 1.989319 1.995003
1.981946 1.982957 1.992775 1.991399 0.3135873
1.989628 1.992327 1.995615 0.5262645 1.985821
0.8048971 1.986509 1.996951 1.99861 1.999454
1.992847 1.98713 1.992573 1.991697 1.990864
1.988418 1.993131 1.99001 1.988892 1.991554
1.908935 1.977275
1.998024 1.982556 1.9975 1.988321 1.997171
1.988811 0.1804346 1.988042 1.989319 1.995003
1.981946 1.982957 1.992775 1.991399 0.2968065
1.989628 1.992327 1.995615 0.554333 1.985821
0.7816181 1.986509 1.996951 1.99861 1.999454
1.992847 1.98713 1.992573 1.991697 1.990864
1.988418 1.86867 1.99001 1.988892 1.991554
1.908935 1.977275
0.1328858
0.1119631 0.003178991 0.01165731 0.02047356 0.01824865
-0.007679855 -0.01593872 0.2033806 0.02662975 0.01394721
-0.007749896 0.02262309 -0.004147606 0.05624138 0.07413424
0.2978687 0.03017527 0.0202063 -0.01995362 -0.2881214
-0.09058659 0.1295988 0.0166976 -0.002382427 -0.002467534
-0.02379048 0.01373716 0.00328842 -0.01213262 0.033712
-0.01322559 -0.008764281 0.02684883 -0.001583419 -0.009420461
0.005941558 -0.05170039 -0.01424079
0.221962 0.005974203 0.01525607 0.02535471 0.009416309
-0.004190373 -0.03273795 0.1252916 0.01726501 0.008183205
-0.01591509 0.02313463 -0.02663462 0.05913108 0.07277214
0.3110848 0.006892426 0.01563631 -0.05441385 -0.2961565
-0.1009637 0.1383647 0.02301661 -0.002131052 0.008069769
-0.02538162 0.01603543 -0.005859089 -0.02748291 0.01913997
0.01306204 -0.02762419 0.03760428 0.006042495 0.004274448
-0.002886383 -0.059507 -0.04064119
1.998024 1.982556 1.9975 1.988321 1.997171
1.988811 0.1874766 1.988042 1.989319 1.995003
1.981946 1.982957 1.992775 1.991399 0.3135878
1.989628 1.992327 1.995615 0.5261206 1.985821
0.8051954 1.986509 1.996951 1.99861 1.999454
1.992847 1.98713 1.992573 1.991697 1.990864
1.988418 1.993131 1.99001 1.988892 1.991554
1.908935 1.977275
0.03725962 1.982556 1.9975 1.988321 1.9902
1.988811 1.997454 1.988042 1.989319 1.995003
1.981946 0.5637539 1.992775 1.991399 1.995308
1.989628 1.992327 1.995615 1.988922 0.4244161
1.977309 1.986509 1.996951 1.99861 1.999454
0.6224278 1.98713 1.992573 0.2386466 1.990864
1.988418 1.993131 1.99001 1.988892 1.991554
0.2735095 1.977275
0.9944687
0.1119631 0.003178937 0.01165735 0.02047358 0.01824869
-0.00767989 -0.0159388 0.2033806 0.02662961 0.0139472
-0.007749912 0.02262309 -0.00414759 0.05624136 0.07413418
0.297869 0.03017535 0.02020638 -0.01995361 -0.2881218
-0.09058658 0.1295989 0.01669752 -0.00238241 -0.002467488
-0.02379048 0.01373721 0.003288447 -0.01213258 0.03371211
-0.01322564 -0.008764251 0.02684881 -0.001583403 -0.00942045
0.005941584 -0.05170039 -0.01424078
0.1223902 0.005110755 0.01330483 0.02493621 0.01590351
-0.008822767 -0.01705052 0.1827841 0.02768529 0.01273314
-0.01118303 0.0210642 -0.006927312 0.05438571 0.0651229
0.3029943 0.02941925 0.01890169 -0.01706632 -0.2861802
-0.08632889 0.1310835 0.01968603 -0.003293295 -0.003256805
-0.02355475 0.01035154 0.0002047901 -0.01493707 0.03632214
-0.01513979 -0.01041037 0.03019942 -0.001809222 -0.0108193
0.008658592 -0.06103166 -0.0169329
1.998024 1.982556 1.9975 1.988321 1.997171
1.988811 0.187476 1.988042 1.989319 1.995003
1.981946 1.982957 1.992775 1.991399 0.3135883
1.989628 1.992327 1.995615 0.5261265 1.985821
0.8051953 1.986509 1.996951 1.99861 1.999454
1.992847 1.98713 1.992573 1.991697 1.990864
1.988418 1.993131 1.99001 1.988892 1.991554
1.908935 1.977275
1.998024 1.982556 1.9975 1.988321 1.997171
1.988811 0.1803876 1.988042 1.989319 1.995003
1.981946 1.982957 1.992775 1.991399 0.2968383
1.989628 1.992327 1.995615 0.5542713 1.985821
0.7816018 1.986509 1.996951 1.99861 1.999454
1.992847 1.98713 1.992573 1.991697 1.990864
1.988418 1.879147 1.99001 1.988892 1.991554
1.908935 1.977275
0.5868837
0.1119634 0.003178692 0.01165773 0.02047373 0.01824906
-0.007680258 -0.01593933 0.2033802 0.02662848 0.01394713
-0.007750039 0.02262308 -0.004147675 0.05624099 0.07413374
0.2978714 0.03017602 0.02020707 -0.01995362 -0.2881248
-0.09058658 0.1295995 0.01669691 -0.00238232 -0.002467124
-0.02379048 0.01373757 0.003288558 -0.01213232 0.03371296
-0.01322606 -0.008764013 0.02684872 -0.001583342 -0.009420351
0.00594179 -0.05170058 -0.01424064
0.2157102 0.000795454 0.0241625 0.01830151 0.0009038223
-0.0004362786 -0.02935599 0.1240967 0.02025075 0.000864827
-0.02720555 0.02629028 -0.01708394 0.05743988 0.06703705
0.3144149 0.01248385 0.01391202 -0.05020935 -0.2973726
-0.09033448 0.1272788 0.02604676 -0.01511391 0.007021949
-0.02614029 0.02130803 -0.009923224 -0.0164841 0.01407874
0.006239646 -0.01674054 0.03277969 0.02070481 0.002010282
-0.007447576 -0.04582825 -0.04036109
1.998024 1.982556 1.9975 1.988321 1.997171
1.988811 0.1874696 1.988042 1.989319 1.995003
1.981946 1.982957 1.992775 1.991399 0.3135883
1.989628 1.992327 1.995615 0.5261717 1.985821
0.8051813 1.986509 1.996951 1.99861 1.999454
1.992847 1.98713 1.992573 1.991697 1.990864
1.988418 1.993131 1.99001 1.988892 1.991554
1.908935 1.977275
1.998024 1.982556 1.9975 1.988321 1.997171
1.988811 1.997454 1.988042 1.989319 0.5240399
1.981946 1.982957 1.992775 0.5696743 1.995308
1.989628 1.992327 1.995615 1.988922 0.3465905
1.977309 0.2741455 0.7312531 1.99861 1.999454
0.1015306 1.98713 0.6820621 1.991697 1.990864
1.988418 0.3036948 0.4404981 1.988892 1.991554
1.908935 1.977275
0.9944696
0.1119645 0.003179172 0.01165745 0.02047379 0.01824883
-0.007680143 -0.01593876 0.2033794 0.02662932 0.01394714
-0.007749941 0.02262305 -0.004147905 0.05624106 0.07413423
0.2978698 0.0301754 0.02020659 -0.01995386 -0.2881227
-0.09058672 0.1295985 0.01669738 -0.002382375 -0.002467432
-0.02379058 0.01373719 0.003288393 -0.01213258 0.03371234
-0.01322571 -0.008764162 0.02684882 -0.001583373 -0.009420378
0.005941735 -0.05170067 -0.01424069
0.1223899 0.005110893 0.01330466 0.024936 0.01590258
-0.008822716 -0.01704985 0.1827853 0.02768505 0.012733
-0.01118294 0.02106416 -0.006927313 0.05438582 0.06512299
0.3029949 0.02941904 0.01890162 -0.01706604 -0.2861801
-0.08632893 0.1310837 0.01968601 -0.003293621 -0.003256883
-0.02355485 0.01035177 0.0002046504 -0.01493751 0.03632179
-0.01513947 -0.01041018 0.03019907 -0.001809106 -0.01081961
0.008657847 -0.06103108 -0.01693308
1.998024 1.982556 1.9975 1.988321 1.997171
1.988811 0.187473 1.988042 1.989319 1.995003
1.981946 1.982957 1.992775 1.991399 0.3135862
1.989628 1.992327 1.995615 0.5261287 1.985821
0.8051559 1.986509 1.996951 1.99861 1.999454
1.992847 1.98713 1.992573 1.991697 1.990864
1.988418 1.993131 1.99001 1.988892 1.991554
1.908935 1.977275
1.998024 1.982556 1.9975 1.988321 1.997171
1.988811 0.1803949 1.988042 1.989319 1.995003
1.981946 1.982957 1.992775 1.991399 0.2968371
1.989628 1.992327 1.995615 0.5542675 1.985821
0.7815837 1.986509 1.996951 1.99861 1.999454
1.992847 1.98713 1.992573 1.991697 1.990864
1.988418 1.87875 1.99001 1.988892 1.991554
1.908935 1.977275
0.1311673
0.2010969 0.009187885 0.01350515 0.0192823 0.006274823
-0.002127601 -0.03083595 0.1530872 0.005458072 0.005672568
-0.01950096 0.02795016 -0.007540362 0.06141582 0.07162818
0.3131429 0.0209651 0.02398788 -0.05424116 -0.3006861
-0.1031349 0.1258919 0.006445966 -0.007928013 0.02201083
-0.03305126 0.01859533 -0.004118363 -0.01892857 0.002984606
0.01895917 -0.01281788 0.02675301 0.01607017 0.01670941
-0.01495121 -0.02175089 -0.04190905
0.1223905 0.005110573 0.01330533 0.02493655 0.01590326
-0.008823151 -0.01705082 0.1827843 0.02768378 0.0127327
-0.01118308 0.02106416 -0.006927215 0.05438535 0.06512264
0.3029989 0.02941974 0.01890253 -0.01706638 -0.2861836
-0.08632902 0.1310834 0.01968513 -0.003293137 -0.003256428
-0.02355509 0.01035207 0.0002049597 -0.01493707 0.03632304
-0.01514005 -0.01040979 0.03019863 -0.001808758 -0.01081927
0.008658501 -0.06103151 -0.01693289
0.8048054 1.982556 1.9975 1.988321 1.938146
1.988811 1.997454 1.988042 0.5795417 1.995003
1.981946 1.98287 1.992775 1.991399 0.3142642
1.989628 1.992327 1.995615 1.284307 1.985821
1.977309 1.986509 1.996951 1.99861 1.999454
1.992847 1.98713 0.4217558 0.03160889 1.990864
1.988418 0.3659289 1.99001 1.988892 1.991554
1.908935 1.977275
1.998024 1.982556 1.9975 1.988321 1.997171
1.988811 0.1803855 1.988042 1.989319 1.995003
1.981946 1.982957 1.992775 1.991399 0.2968496
1.989628 1.992327 1.995615 0.5543188 1.985821
0.7815371 1.986509 1.996951 1.99861 1.999454
1.992847 1.98713 1.992573 1.991697 1.990864
1.988418 1.878857 1.99001 1.988892 1.991554
1.908935 1.977275
0.9944688
0.1119633 0.00317906 0.01165727 0.02047367 0.01824861
-0.00768005 -0.0159386 0.2033805 0.02662958 0.01394723
-0.00774984 0.02262312 -0.004147688 0.05624131 0.07413427
0.2978689 0.03017534 0.02020631 -0.01995353 -0.2881216
-0.09058661 0.1295985 0.01669756 -0.002382399 -0.002467571
-0.02379051 0.01373711 0.003288468 -0.01213267 0.0337121
-0.01322563 -0.00876411 0.02684871 -0.001583457 -0.009420444
0.005941439 -0.05170041 -0.01424072
0.1223904 0.005110817 0.01330492 0.02493578 0.01590241
-0.008822421 -0.01705002 0.1827852 0.02768459 0.01273276
-0.01118315 0.02106407 -0.006927273 0.05438576 0.06512273
0.3029963 0.0294191 0.01890201 -0.01706625 -0.2861814
-0.08632897 0.1310848 0.01968571 -0.003293825 -0.003256548
-0.0235548 0.01035223 0.0002043973 -0.01493759 0.03632183
-0.01513947 -0.01041036 0.03019919 -0.001808939 -0.01081974
0.008657815 -0.06103096 -0.01693325
1.998024 1.982556 1.9975 1.988321 1.997171
1.988811 0.1874777 1.988042 1.989319 1.995003
1.981946 1.982957 1.992775 1.991399 0.3135869
1.989628 1.992327 1.995615 0.5261236 1.985821
0.8051753 1.986509 1.996951 1.99861 1.999454
1.992847 1.98713 1.992573 1.991697 1.990864
1.988418 1.993131 1.99001 1.988892 1.991554
1.908935 1.977275
1.998024 1.982556 1.9975 1.988321 1.997171
1.988811 0.1803913 1.988042 1.989319 1.995003
1.981946 1.982957 1.992775 1.991399 0.2968362
1.989628 1.992327 1.995615 0.5542841 1.985821
0.7815994 1.986509 1.996951 1.99861 1.999454
1.992847 1.98713 1.992573 1.991697 1.990864
1.988418 1.878485 1.99001 1.988892 1.991554
1.908935 1.977275
0.9944676
0.1119656 0.003179458 0.01165746 0.0204736 0.01824895
-0.00768013 -0.01593857 0.2033782 0.02662926 0.01394724
-0.007750005 0.02262306 -0.004148315 0.05624082 0.07413417
0.2978691 0.03017549 0.02020677 -0.01995403 -0.2881231
-0.0905867 0.1295992 0.01669751 -0.002382597 -0.002467337
-0.02379032 0.01373722 0.003288007 -0.01213267 0.03371231
-0.01322576 -0.008764372 0.02684938 -0.0015836 -0.009420401
0.005941733 -0.05170095 -0.01424065
0.1223927 0.005111145 0.01330504 0.02493658 0.01590373
-0.008822979 -0.01705051 0.1827817 0.02768501 0.01273301
-0.01118309 0.02106409 -0.006927754 0.05438524 0.0651231
0.3029957 0.02941909 0.01890203 -0.01706699 -0.2861812
-0.08632915 0.1310826 0.01968581 -0.003293217 -0.003256741
-0.02355496 0.01035152 0.0002047128 -0.0149371 0.03632243
-0.01513981 -0.01041033 0.03019943 -0.001809022 -0.01081918
0.008658949 -0.06103207 -0.01693284
1.998024 1.982556 1.9975 1.988321 1.997171
1.988811 0.1874688 1.988042 1.989319 1.995003
1.981946 1.982957 1.992775 1.991399 0.3135711
1.989628 1.992327 1.995615 0.5261325 1.985821
0.8051687 1.986509 1.996951 1.99861 1.999454
1.992847 1.98713 1.992573 1.991697 1.990864
1.988418 1.993131 1.99001 1.988892 1.991554
1.908935 1.977275
1.998024 1.982556 1.9975 1.988321 1.997171
1.988811 0.1803824 1.988042 1.989319 1.995003
1.981946 1.982957 1.992775 1.991399 0.2968394
1.989628 1.992327 1.995615 0.5542637 1.985821
0.7815371 1.986509 1.996951 1.99861 1.999454
1.992847 1.98713 1.992573 1.991697 1.990864
1.988418 1.87911 1.99001 1.988892 1.991554
1.908935 1.977275
0.9944688
0.1119646 0.00317945 0.0116572 0.02047362 0.01824864
-0.007680046 -0.01593829 0.2033792 0.02662978 0.01394728
-0.007749856 0.0226231 -0.004148083 0.05624113 0.07413442
0.2978681 0.03017518 0.0202063 -0.01995379 -0.2881213
-0.09058668 0.1295986 0.01669777 -0.002382546 -0.002467605
-0.02379042 0.013737 0.003288162 -0.01213282 0.03371191
-0.01322555 -0.008764281 0.0268491 -0.001583593 -0.009420451
0.005941465 -0.05170067 -0.01424069
0.1223893 0.005110593 0.01330486 0.02493622 0.01590303
-0.008822768 -0.0170504 0.1827853 0.02768508 0.01273295
-0.01118297 0.0210642 -0.006927057 0.05438584 0.06512292
0.3029956 0.02941919 0.01890168 -0.01706609 -0.2861804
-0.08632891 0.1310834 0.01968585 -0.003293312 -0.003256822
-0.02355496 0.01035169 0.0002049594 -0.01493718 0.03632215
-0.01513966 -0.01041012 0.0301989 -0.001808965 -0.01081942
0.008658315 -0.06103121 -0.01693297
1.998024 1.982556 1.9975 1.988321 1.997171
1.988811 0.1874755 1.988042 1.989319 1.995003
1.981946 1.982957 1.992775 1.991399 0.3135767
1.989628 1.992327 1.995615 0.5261111 1.985821
0.8051663 1.986509 1.996951 1.99861 1.999454
1.992847 1.98713 1.992573 1.991697 1.990864
1.988418 1.993131 1.99001 1.988892 1.991554
1.908935 1.977275
1.998024 1.982556 1.9975 1.988321 1.997171
1.988811 0.1803921 1.988042 1.989319 1.995003
1.981946 1.982957 1.992775 1.991399 0.2968475
1.989628 1.992327 1.995615 0.5542744 1.985821
0.7815877 1.986509 1.996951 1.99861 1.999454
1.992847 1.98713 1.992573 1.991697 1.990864
1.988418 1.878957 1.99001 1.988892 1.991554
1.908935 1.977275
0.9944687
0.1119641 0.003179202 0.0116573 0.02047359 0.0182487
-0.007679828 -0.01593861 0.2033798 0.0266299 0.01394719
-0.007749925 0.02262305 -0.0041478 0.05624129 0.07413435
0.2978685 0.03017511 0.0202063 -0.01995386 -0.2881212
-0.09058667 0.1295986 0.01669769 -0.002382464 -0.00246755
-0.0237905 0.01373709 0.003288287 -0.01213265 0.0337119
-0.01322552 -0.008764398 0.026849 -0.001583416 -0.009420447
0.005941681 -0.05170055 -0.0142408
0.1223886 0.005110321 0.01330511 0.02493583 0.01590293
-0.008822685 -0.01705071 0.1827864 0.02768397 0.01273287
-0.01118316 0.02106422 -0.006926956 0.05438579 0.06512227
0.3029969 0.02941992 0.01890234 -0.01706581 -0.2861828
-0.08632872 0.1310855 0.01968543 -0.003293521 -0.003256323
-0.02355459 0.01035232 0.0002046167 -0.01493721 0.03632251
-0.01514003 -0.01041015 0.03019912 -0.001809145 -0.01081953
0.008657956 -0.06103114 -0.01693308
1.998024 1.982556 1.9975 1.988321 1.997171
1.988811 0.187475 1.988042 1.989319 1.995003
1.981946 1.982957 1.992775 1.991399 0.3135852
1.989628 1.992327 1.995615 0.5261101 1.985821
0.8051846 1.986509 1.996951 1.99861 1.999454
1.992847 1.98713 1.992573 1.991697 1.990864
1.988418 1.993131 1.99001 1.988892 1.991554
1.908935 1.977275
1.998024 1.982556 1.9975 1.988321 1.997171
1.988811 0.1803884 1.988042 1.989319 1.995003
1.981946 1.982957 1.992775 1.991399 0.296836
1.989628 1.992327 1.995615 0.5543329 1.985821
0.7816326 1.986509 1.996951 1.99861 1.999454
1.992847 1.98713 1.992573 1.991697 1.990864
1.988418 1.878745 1.99001 1.988892 1.991554
1.908935 1.977275
0.9944692
0.1119643 0.003179227 0.01165733 0.02047356 0.01824875
-0.007679797 -0.01593865 0.2033795 0.0266299 0.01394718
-0.007749958 0.02262303 -0.004147849 0.05624125 0.07413433
0.2978685 0.03017511 0.02020635 -0.01995394 -0.2881214
-0.09058667 0.1295988 0.01669768 -0.002382487 -0.002467513
-0.02379048 0.01373711 0.003288231 -0.01213263 0.03371191
-0.01322553 -0.008764463 0.02684909 -0.001583416 -0.009420443
0.005941749 -0.05170061 -0.01424081
0.1223902 0.005110907 0.01330472 0.02493599 0.01590274
-0.008822677 -0.01704996 0.1827849 0.02768506 0.01273301
-0.01118299 0.02106414 -0.006927361 0.05438577 0.06512295
0.3029948 0.02941907 0.01890169 -0.01706616 -0.2861802
-0.08632894 0.1310838 0.019686 -0.003293614 -0.003256825
-0.0235548 0.01035178 0.0002045976 -0.01493746 0.03632183
-0.01513952 -0.01041027 0.03019921 -0.001809128 -0.01081958
0.008657979 -0.06103121 -0.01693307
1.998024 1.982556 1.9975 1.988321 1.997171
1.988811 0.1874737 1.988042 1.989319 1.995003
1.981946 1.982957 1.992775 1.991399 0.3135839
1.989628 1.992327 1.995615 0.5261106 1.985821
0.8051876 1.986509 1.996951 1.99861 1.999454
1.992847 1.98713 1.992573 1.991697 1.990864
1.988418 1.993131 1.99001 1.988892 1.991554
1.908935 1.977275
1.998024 1.982556 1.9975 1.988321 1.997171
1.988811 0.1803927 1.988042 1.989319 1.995003
1.981946 1.982957 1.992775 1.991399 0.2968357
1.989628 1.992327 1.995615 0.5542689 1.985821
0.7815886 1.986509 1.996951 1.99861 1.999454
1.992847 1.98713 1.992573 1.991697 1.990864
1.988418 1.878783 1.99001 1.988892 1.991554
1.908935 1.977275
0.9944687
0.1119632 0.003179218 0.01165713 0.02047363 0.01824848
-0.007680218 -0.01593827 0.2033805 0.0266295 0.01394736
-0.007749747 0.0226232 -0.004147865 0.05624125 0.07413431
0.2978683 0.03017545 0.02020625 -0.01995331 -0.2881215
-0.09058657 0.1295986 0.01669768 -0.002382496 -0.002467646
-0.02379038 0.01373703 0.003288371 -0.01213285 0.03371205
-0.01322566 -0.008763983 0.02684879 -0.00158367 -0.009420476
0.00594112 -0.05170042 -0.01424062
0.1223901 0.005110809 0.01330482 0.0249361 0.01590292
-0.00882285 -0.01705018 0.1827849 0.02768472 0.01273301
-0.01118299 0.02106418 -0.006927334 0.05438568 0.06512283
0.3029955 0.02941934 0.01890188 -0.0170661 -0.286181
-0.08632891 0.1310838 0.01968583 -0.003293484 -0.003256739
-0.02355479 0.01035181 0.0002046782 -0.01493734 0.03632215
-0.01513972 -0.01041014 0.03019913 -0.001809149 -0.01081948
0.008658061 -0.06103133 -0.01693299
1.998024 1.982556 1.9975 1.988321 1.997171
1.988811 0.1874795 1.988042 1.989319 1.995003
1.981946 1.982957 1.992775 1.991399 0.3135784
1.989628 1.992327 1.995615 0.5261264 1.985821
0.8051702 1.986509 1.996951 1.99861 1.999454
1.992847 1.98713 1.992573 1.991697 1.990864
1.988418 1.993131 1.99001 1.988892 1.991554
1.908935 1.977275
1.998024 1.982556 1.9975 1.988321 1.997171
1.988811 0.1803911 1.988042 1.989319 1.995003
1.981946 1.982957 1.992775 1.991399 0.2968363
1.989628 1.992327 1.995615 0.5542859 1.985821
0.7815829 1.986509 1.996951 1.99861 1.999454
1.992847 1.98713 1.992573 1.991697 1.990864
1.988418 1.878855 1.99001 1.988892 1.991554
1.908935 1.977275
0.9943759
0.1119577 0.003178407 0.01165672 0.02047351 0.01824778
-0.007680267 -0.01593816 0.2033856 0.02662957 0.0139476
-0.007749375 0.02262345 -0.004146821 0.05624206 0.0741342
0.2978673 0.03017572 0.02020558 -0.01995185 -0.2881195
-0.09058619 0.1295986 0.01669776 -0.002382335 -0.002467986
-0.02379032 0.01373697 0.003289072 -0.01213298 0.03371187
-0.01322567 -0.008763333 0.02684779 -0.001583794 -0.009420628
0.00594007 -0.05169934 -0.01424061
0.1223917 0.005111176 0.01330484 0.02493566 0.01590187
-0.008822321 -0.01704948 0.1827847 0.0276845 0.01273264
-0.01118317 0.02106396 -0.006927556 0.05438564 0.06512288
0.3029966 0.02941877 0.01890205 -0.01706646 -0.2861814
-0.08632912 0.1310848 0.01968573 -0.003294136 -0.003256564
-0.02355488 0.01035239 0.0002041093 -0.01493797 0.03632151
-0.01513918 -0.0104104 0.0301992 -0.001808836 -0.01081996
0.008657458 -0.06103078 -0.01693341
1.998024 1.982556 1.9975 1.988321 1.997171
1.988811 0.1874963 1.988042 1.989319 1.995003
1.981946 1.982957 1.992775 1.991399 0.3135919
1.989628 1.992327 1.995615 0.5261414 1.985821
0.8052136 1.986509 1.996951 1.99861 1.999454
1.992847 1.98713 1.992573 1.991697 1.990864
1.988418 1.993131 1.99001 1.988892 1.991554
1.908935 1.977275
1.998024 1.982556 1.9975 1.988321 1.997171
1.988811 0.1803933 1.988042 1.989319 1.995003
1.981946 1.982957 1.992775 1.991399 0.2968316
1.989628 1.992327 1.995615 0.5542705 1.985821
0.7815721 1.986509 1.996951 1.99861 1.999454
1.992847 1.98713 1.992573 1.991697 1.990864
1.988418 1.878165 1.99001 1.988892 1.991554
1.908935 1.977275
0.9943772
0.1119635 0.003179039 0.01165735 0.0204737 0.01824869
-0.007680044 -0.01593872 0.2033803 0.02662951 0.01394719
-0.007749882 0.02262309 -0.004147696 0.05624126 0.07413424
0.2978693 0.03017536 0.0202064 -0.01995364 -0.288122
-0.09058664 0.1295985 0.01669748 -0.002382374 -0.002467516
-0.02379055 0.01373716 0.003288475 -0.01213261 0.03371218
-0.01322565 -0.008764139 0.02684872 -0.001583397 -0.009420422
0.005941566 -0.05170046 -0.01424072
0.1223925 0.005111525 0.01330437 0.02493587 0.01590267
-0.008822174 -0.01704935 0.1827828 0.0276866 0.01273312
-0.01118302 0.02106399 -0.006927791 0.05438583 0.06512357
0.3029918 0.02941794 0.01890098 -0.01706685 -0.2861772
-0.08632917 0.131083 0.01968673 -0.003293912 -0.003257199
-0.02355486 0.01035137 0.0002043006 -0.01493772 0.03632078
-0.01513888 -0.01041091 0.03019983 -0.001809115 -0.0108197
0.008658235 -0.06103134 -0.01693322
1.998024 1.982556 1.9975 1.988321 1.997171
1.988811 0.1874762 1.988042 1.989319 1.995003
1.981946 1.982957 1.992775 1.991399 0.3135884
1.989628 1.992327 1.995615 0.5261256 1.985821
0.8051727 1.986509 1.996951 1.99861 1.999454
1.992847 1.98713 1.992573 1.991697 1.990864
1.988418 1.993131 1.99001 1.988892 1.991554
1.908935 1.977275
1.998024 1.982556 1.9975 1.988321 1.997171
1.988811 0.1803932 1.988042 1.989319 1.995003
1.981946 1.982957 1.992775 1.991399 0.2968317
1.989628 1.992327 1.995615 0.5541904 1.985821
0.7815868 1.986509 1.996951 1.99861 1.999454
1.992847 1.98713 1.992573 1.991697 1.990864
1.988418 1.878769 1.99001 1.988892 1.991554
1.908935 1.977275
0.9943772
0.1119631 0.003178992 0.01165731 0.02047365 0.01824864
-0.007680046 -0.01593869 0.2033806 0.02662949 0.01394723
-0.007749858 0.02262312 -0.004147652 0.05624131 0.07413421
0.2978691 0.03017542 0.02020638 -0.01995351 -0.2881219
-0.09058659 0.1295987 0.0166975 -0.002382396 -0.002467526
-0.02379049 0.01373717 0.003288483 -0.01213264 0.03371217
-0.01322567 -0.008764108 0.02684871 -0.001583451 -0.009420443
0.005941457 -0.05170039 -0.01424072
0.1223909 0.005111138 0.0133045 0.02493601 0.01590278
-0.008822462 -0.01704971 0.1827841 0.02768604 0.0127331
-0.01118295 0.0210641 -0.006927473 0.05438588 0.06512333
0.302993 0.02941846 0.01890118 -0.01706643 -0.2861783
-0.08632904 0.131083 0.01968643 -0.003293655 -0.003257108
-0.02355489 0.01035144 0.0002046072 -0.0149375 0.03632131
-0.01513919 -0.01041054 0.03019941 -0.001809102 -0.01081959
0.008658196 -0.06103125 -0.0169331
1.998024 1.982556 1.9975 1.988321 1.997171
1.988811 0.1874771 1.988042 1.989319 1.995003
1.981946 1.982957 1.992775 1.991399 0.3135871
1.989628 1.992327 1.995615 0.526129 1.985821
0.8051807 1.986509 1.996951 1.99861 1.999454
1.992847 1.98713 1.992573 1.991697 1.990864
1.988418 1.993131 1.99001 1.988892 1.991554
1.908935 1.977275
1.998024 1.982556 1.9975 1.988321 1.997171
1.988811 0.1803941 1.988042 1.989319 1.995003
1.981946 1.982957 1.992775 1.991399 0.2968378
1.989628 1.992327 1.995615 0.5542233 1.985821
0.7815879 1.986509 1.996951 1.99861 1.999454
1.992847 1.98713 1.992573 1.991697 1.990864
1.988418 1.878874 1.99001 1.988892 1.991554
1.908935 1.977275
0.9943759
0.1119685 0.003180153 0.01165736 0.02047397 0.01824896
-0.007680464 -0.01593805 0.2033758 0.02662941 0.01394718
-0.007749952 0.02262301 -0.004148943 0.05624044 0.07413461
0.2978692 0.03017514 0.02020672 -0.01995452 -0.2881229
-0.09058699 0.1295978 0.01669765 -0.002382581 -0.0024675
-0.02379056 0.01373691 0.003287829 -0.01213288 0.03371221
-0.0132256 -0.008764296 0.02684944 -0.001583599 -0.009420317
0.005941851 -0.0517014 -0.01424054
0.1223924 0.005111144 0.01330498 0.02493612 0.01590323
-0.008822692 -0.01705025 0.1827827 0.02768477 0.01273296
-0.01118318 0.02106405 -0.006927737 0.05438537 0.06512288
0.3029955 0.02941914 0.01890213 -0.01706679 -0.2861815
-0.08632907 0.1310839 0.01968582 -0.003293592 -0.003256585
-0.02355474 0.01035188 0.0002043574 -0.01493737 0.03632212
-0.0151397 -0.01041049 0.03019963 -0.001809124 -0.01081944
0.008658441 -0.06103176 -0.01693304
1.998024 1.982556 1.9975 1.988321 1.997171
1.988811 0.1874676 1.988042 1.989319 1.995003
1.981946 1.982957 1.992775 1.991399 0.3135663
1.989628 1.992327 1.995615 0.5261054 1.985821
0.8050894 1.986509 1.996951 1.99861 1.999454
1.992847 1.98713 1.992573 1.991697 1.990864
1.988418 1.993131 1.99001 1.988892 1.991554
1.908935 1.977275
1.998024 1.982556 1.9975 1.988321 1.997171
1.988811 0.1803841 1.988042 1.989319 1.995003
1.981946 1.982957 1.992775 1.991399 0.2968301
1.989628 1.992327 1.995615 0.5542755 1.985821
0.7815717 1.986509 1.996951 1.99861 1.999454
1.992847 1.98713 1.992573 1.991697 1.990864
1.988418 1.878819 1.99001 1.988892 1.991554
1.908935 1.977275
0.9943767
0.111964 0.003179277 0.01165716 0.0204736 0.01824856
-0.007679766 -0.01593842 0.20338 0.02663024 0.0139472
-0.007749859 0.02262306 -0.004147754 0.05624141 0.07413452
0.2978678 0.03017489 0.02020605 -0.01995382 -0.2881202
-0.09058668 0.1295983 0.01669786 -0.002382459 -0.002467694
-0.02379055 0.01373695 0.003288308 -0.01213274 0.03371165
-0.01322539 -0.008764403 0.02684892 -0.001583418 -0.009420471
0.005941583 -0.05170047 -0.01424083
0.1223908 0.005110946 0.0133048 0.02493609 0.01590294
-0.008822704 -0.01705009 0.1827843 0.02768505 0.01273299
-0.01118303 0.02106413 -0.006927431 0.05438567 0.06512297
0.302995 0.02941906 0.01890177 -0.01706635 -0.2861805
-0.08632898 0.1310836 0.01968595 -0.003293546 -0.00325679
-0.02355483 0.01035175 0.0002046071 -0.01493739 0.03632194
-0.01513957 -0.01041031 0.03019927 -0.001809095 -0.0108195
0.008658188 -0.06103138 -0.01693304
1.998024 1.982556 1.9975 1.988321 1.997171
1.988811 0.1874779 1.988042 1.989319 1.995003
1.981946 1.982957 1.992775 1.991399 0.3135868
1.989628 1.992327 1.995615 0.5260951 1.985821
0.8051809 1.986509 1.996951 1.99861 1.999454
1.992847 1.98713 1.992573 1.991697 1.990864
1.988418 1.993131 1.99001 1.988892 1.991554
1.908935 1.977275
1.998024 1.982556 1.9975 1.988321 1.997171
1.988811 0.1803904 1.988042 1.989319 1.995003
1.981946 1.982957 1.992775 1.991399 0.2968366
1.989628 1.992327 1.995615 0.5542678 1.985821
0.7815808 1.986509 1.996951 1.99861 1.999454
1.992847 1.98713 1.992573 1.991697 1.990864
1.988418 1.878838 1.99001 1.988892 1.991554
1.908935 1.977275
0.9943764
0.1119633 0.003178969 0.0116573 0.0204738 0.01824861
-0.007679912 -0.01593877 0.2033807 0.02662986 0.0139471
-0.007749862 0.02262305 -0.004147479 0.05624145 0.0741344
0.2978693 0.03017508 0.02020618 -0.01995371 -0.2881211
-0.09058669 0.1295979 0.01669753 -0.002382256 -0.002467624
-0.02379075 0.01373707 0.003288639 -0.01213257 0.033712
-0.0132255 -0.008764161 0.02684847 -0.001583219 -0.009420414
0.005941675 -0.05170033 -0.01424081
0.1223909 0.005110832 0.01330502 0.02493633 0.0159032
-0.008822946 -0.01705043 0.182784 0.02768454 0.01273292
-0.01118305 0.02106414 -0.006927407 0.05438548 0.06512284
0.3029965 0.02941938 0.0189021 -0.01706641 -0.2861818
-0.086329 0.1310834 0.01968564 -0.003293338 -0.003256649
-0.02355491 0.01035182 0.0002047492 -0.01493722 0.03632244
-0.01513982 -0.0104101 0.03019908 -0.001809007 -0.01081936
0.008658393 -0.06103155 -0.01693294
1.998024 1.982556 1.9975 1.988321 1.997171
1.988811 0.1874786 1.988042 1.989319 1.995003
1.981946 1.982957 1.992775 1.991399 0.3135983
1.989628 1.992327 1.995615 0.5261092 1.985821
0.8051659 1.986509 1.996951 1.99861 1.999454
1.992847 1.98713 1.992573 1.991697 1.990864
1.988418 1.993131 1.99001 1.988892 1.991554
1.908935 1.977275
1.998024 1.982556 1.9975 1.988321 1.997171
1.988811 0.1803874 1.988042 1.989319 1.995003
1.981946 1.982957 1.992775 1.991399 0.2968405
1.989628 1.992327 1.995615 0.5542891 1.985821
0.7815599 1.986509 1.996951 1.99861 1.999454
1.992847 1.98713 1.992573 1.991697 1.990864
1.988418 1.878906 1.99001 1.988892 1.991554
1.908935 1.977275
0.9943792
0.111969 0.003179806 0.01165796 0.02047368 0.01824964
-0.007680335 -0.01593895 0.2033747 0.0266284 0.0139471
-0.007750328 0.02262292 -0.004149076 0.05624004 0.07413388
0.2978711 0.03017587 0.0202077 -0.01995488 -0.2881265
-0.09058688 0.1296 0.01669708 -0.002382715 -0.002466849
-0.02379023 0.01373753 0.003287553 -0.01213245 0.03371299
-0.01322607 -0.008764653 0.0268501 -0.001583582 -0.009420263
0.005942444 -0.05170176 -0.01424055
0.1223841 0.005109993 0.01330425 0.02493626 0.01590293
-0.008823249 -0.01705024 0.1827896 0.02768571 0.01273344
-0.01118245 0.02106455 -0.006926345 0.05438656 0.06512299
0.3029928 0.02941962 0.01890074 -0.01706455 -0.2861777
-0.08632847 0.1310827 0.01968636 -0.003292913 -0.00325743
-0.02355487 0.01035102 0.0002057214 -0.01493692 0.03632207
-0.01513979 -0.0104095 0.03019822 -0.001809414 -0.01081931
0.008657762 -0.06103071 -0.01693268
1.998024 1.982556 1.9975 1.988321 1.997171
1.988811 0.1874534 1.988042 1.989319 1.995003
1.981946 1.982957 1.992775 1.991399 0.3135577
1.989628 1.992327 1.995615 0.526159 1.985821
0.8051453 1.986509 1.996951 1.99861 1.999454
1.992847 1.98713 1.992573 1.991697 1.990864
1.988418 1.993131 1.99001 1.988892 1.991554
1.908935 1.977275
1.998024 1.982556 1.9975 1.988321 1.997171
1.988811 0.1804067 1.988042 1.989319 1.995003
1.981946 1.982957 1.992775 1.991399 0.2968539
1.989628 1.992327 1.995615 0.5542785 1.985821
0.781629 1.986509 1.996951 1.99861 1.999454
1.992847 1.98713 1.992573 1.991697 1.990864
1.988418 1.879442 1.99001 1.988892 1.991554
1.908935 1.977275
0.9943764
0.1119623 0.003178645 0.01165735 0.02047382 0.01824858
-0.00767971 -0.01593908 0.2033817 0.02663005 0.013947
-0.00774988 0.02262301 -0.004147057 0.05624171 0.07413437
0.2978697 0.03017496 0.02020605 -0.01995366 -0.2881207
-0.09058667 0.1295977 0.01669746 -0.00238211 -0.00246764
-0.0237909 0.01373712 0.003288894 -0.01213242 0.03371195
-0.01322544 -0.008764182 0.02684817 -0.001582997 -0.009420413
0.005941814 -0.05170008 -0.01424092
0.1223896 0.0051104 0.01330536 0.02493629 0.01590272
-0.008823 -0.01705069 0.1827858 0.02768336 0.01273255
-0.01118312 0.02106415 -0.006927001 0.0543855 0.06512244
0.3029999 0.02941984 0.01890266 -0.01706608 -0.2861842
-0.08632896 0.1310843 0.01968495 -0.003293343 -0.003256288
-0.02355507 0.01035243 0.0002048676 -0.01493726 0.03632296
-0.01513998 -0.01040971 0.03019841 -0.001808666 -0.01081948
0.008658041 -0.06103105 -0.01693304
1.998024 1.982556 1.9975 1.988321 1.997171
1.988811 0.1874805 1.988042 1.989319 1.995003
1.981946 1.982957 1.992775 1.991399 0.3136112
1.989628 1.992327 1.995615 0.5261051 1.985821
0.8051796 1.986509 1.996951 1.99861 1.999454
1.992847 1.98713 1.992573 1.991697 1.990864
1.988418 1.993131 1.99001 1.988892 1.991554
1.908935 1.977275
1.998024 1.982556 1.9975 1.988321 1.997171
1.988811 0.1803886 1.988042 1.989319 1.995003
1.981946 1.982957 1.992775 1.991399 0.2968499
1.989628 1.992327 1.995615 0.5543358 1.985821
0.7815531 1.986509 1.996951 1.99861 1.999454
1.992847 1.98713 1.992573 1.991697 1.990864
1.988418 1.878576 1.99001 1.988892 1.991554
1.908935 1.977275
0.9943773
0.1119618 0.003178787 0.01165723 0.02047358 0.0182485
-0.007680041 -0.01593868 0.2033819 0.02662946 0.0139473
-0.007749783 0.02262318 -0.004147419 0.05624149 0.07413413
0.2978688 0.03017553 0.02020625 -0.01995315 -0.2881215
-0.09058648 0.1295989 0.01669752 -0.002382388 -0.002467578
-0.02379043 0.01373718 0.003288611 -0.01213266 0.03371214
-0.0132257 -0.008763981 0.02684854 -0.001583511 -0.009420486
0.0059412 -0.05170015 -0.01424071
0.1223905 0.005111139 0.01330441 0.02493649 0.0159033
-0.008823086 -0.01704984 0.1827838 0.02768602 0.01273334
-0.01118272 0.02106423 -0.006927546 0.05438574 0.06512348
0.3029927 0.02941878 0.01890108 -0.01706622 -0.2861781
-0.086329 0.1310817 0.01968648 -0.003293213 -0.00325735
-0.02355496 0.01035095 0.0002050055 -0.01493723 0.03632178
-0.01513949 -0.01041013 0.03019916 -0.001809287 -0.01081928
0.008658423 -0.06103164 -0.01693277
1.998024 1.982556 1.9975 1.988321 1.997171
1.988811 0.1874805 1.988042 1.989319 1.995003
1.981946 1.982957 1.992775 1.991399 0.3135886
1.989628 1.992327 1.995615 0.5261357 1.985821
0.8051977 1.986509 1.996951 1.99861 1.999454
1.992847 1.98713 1.992573 1.991697 1.990864
1.988418 1.993131 1.99001 1.988892 1.991554
1.908935 1.977275
1.998024 1.982556 1.9975 1.988321 1.997171
1.988811 0.1803948 1.988042 1.989319 1.995003
1.981946 1.982957 1.992775 1.991399 0.2968401
1.989628 1.992327 1.995615 0.5542287 1.985821
0.7815512 1.986509 1.996951 1.99861 1.999454
1.992847 1.98713 1.992573 1.991697 1.990864
1.988418 1.879279 1.99001 1.988892 1.991554
1.908935 1.977275
0.04266425
0.2163996 0.004781381 0.01444083 0.02154468 0.01134724
-0.002059517 -0.03361748 0.1429444 0.01656308 0.009098063
-0.01256169 0.0265055 -0.02591877 0.06253208 0.08242313
0.307264 0.005976009 0.01767036 -0.05893054 -0.3001326
-0.1075566 0.1388202 0.0201346 0.001255945 0.01016463
-0.02634995 0.02014563 -0.003586354 -0.02517617 0.01549012
0.01740043 -0.02755317 0.0344016 0.006609129 0.008594212
-0.00650181 -0.05010876 -0.0407533
0.1933351 -0.002568049 0.01781983 0.02416214 -0.005620229
-0.0008763592 -0.02940515 0.128292 0.0354377 0.00378712
-0.03429703 0.03097269 -0.01262438 0.05816384 0.07234923
0.3060586 0.01742541 0.02326805 -0.0465676 -0.2947384
-0.09224105 0.1239993 0.03050115 -0.007056178 0.01308362
-0.0212144 0.01786269 -0.002268613 -0.007694388 0.007659645
-0.006076669 -0.0183675 0.0405266 0.02247262 -6.517447e-05
-0.01335462 -0.04793588 -0.03378416
0.03829319 1.982556 1.9975 1.988321 1.997171
1.988811 1.997454 1.988042 1.989319 1.995003
1.981946 0.5570144 1.992775 1.991399 1.995308
1.989628 1.992327 1.995615 1.988922 0.4139664
1.977309 1.986509 1.996951 1.99861 1.999454
0.587639 1.98713 1.992573 0.2360729 1.990864
1.988418 1.993131 1.99001 1.988892 1.991554
0.2765383 1.977275
0.5593552 1.982556 1.9975 1.988321 1.997171
1.988811 1.997454 1.988042 1.989319 1.995003
1.981946 1.982957 1.992775 1.991399 1.995308
1.989628 1.992327 0.9540144 1.988922 1.985821
0.1279563 1.986509 1.996951 1.99861 0.6089821
1.280791 1.98713 1.992573 1.991697 1.990864
1.988418 0.04281822 1.99001 1.988892 1.991554
1.908935 1.977275
0.9943767
0.1119625 0.00317884 0.01165731 0.02047353 0.01824862
-0.007679812 -0.01593882 0.2033812 0.02662973 0.01394721
-0.007749888 0.0226231 -0.004147447 0.05624148 0.07413418
0.2978688 0.03017532 0.02020628 -0.01995349 -0.2881214
-0.09058654 0.1295989 0.01669756 -0.0023824 -0.002467527
-0.02379047 0.0137372 0.003288506 -0.01213258 0.03371202
-0.01322561 -0.008764252 0.02684874 -0.001583396 -0.009420473
0.005941518 -0.05170027 -0.01424081
0.1223911 0.005111032 0.01330479 0.02493618 0.0159029
-0.00882282 -0.01705 0.182784 0.02768497 0.01273299
-0.01118299 0.02106412 -0.006927515 0.05438559 0.06512303
0.3029952 0.02941905 0.01890179 -0.01706637 -0.2861806
-0.08632902 0.1310833 0.01968593 -0.003293523 -0.003256829
-0.02355489 0.01035171 0.0002046274 -0.01493742 0.03632199
-0.01513956 -0.01041021 0.03019919 -0.001809076 -0.01081949
0.008658156 -0.06103141 -0.01693301
1.998024 1.982556 1.9975 1.988321 1.997171
1.988811 0.1874776 1.988042 1.989319 1.995003
1.981946 1.982957 1.992775 1.991399 0.3135905
1.989628 1.992327 1.995615 0.5261246 1.985821
0.8052061 1.986509 1.996951 1.99861 1.999454
1.992847 1.98713 1.992573 1.991697 1.990864
1.988418 1.993131 1.99001 1.988892 1.991554
1.908935 1.977275
1.998024 1.982556 1.9975 1.988321 1.997171
1.988811 0.1803908 1.988042 1.989319 1.995003
1.981946 1.982957 1.992775 1.991399 0.2968367
1.989628 1.992327 1.995615 0.5542667 1.985821
0.7815625 1.986509 1.996951 1.99861 1.999454
1.992847 1.98713 1.992573 1.991697 1.990864
1.988418 1.878828 1.99001 1.988892 1.991554
1.908935 1.977275
0.9943769
0.1119635 0.003179076 0.0116573 0.02047372 0.01824864
-0.007680064 -0.01593863 0.2033804 0.02662957 0.01394721
-0.007749851 0.0226231 -0.004147704 0.05624128 0.07413429
0.2978691 0.03017532 0.02020634 -0.01995359 -0.2881217
-0.09058664 0.1295984 0.01669753 -0.002382376 -0.002467563
-0.02379056 0.01373711 0.003288481 -0.01213265 0.03371213
-0.01322563 -0.008764109 0.02684869 -0.00158342 -0.00942043
0.005941499 -0.05170044 -0.01424072
0.1223911 0.005111104 0.01330458 0.024936 0.01590313
-0.008822487 -0.01704996 0.1827836 0.02768593 0.01273318
-0.01118302 0.02106412 -0.006927532 0.0543858 0.06512319
0.3029928 0.02941868 0.01890133 -0.0170665 -0.2861787
-0.08632898 0.1310834 0.01968641 -0.003293598 -0.003256999
-0.02355474 0.01035144 0.0002045407 -0.01493737 0.03632147
-0.01513939 -0.01041064 0.03019967 -0.001809241 -0.01081949
0.008658382 -0.06103152 -0.01693305
1.998024 1.982556 1.9975 1.988321 1.997171
1.988811 0.1874772 1.988042 1.989319 1.995003
1.981946 1.982957 1.992775 1.991399 0.3135881
1.989628 1.992327 1.995615 0.5261225 1.985821
0.8051693 1.986509 1.996951 1.99861 1.999454
1.992847 1.98713 1.992573 1.991697 1.990864
1.988418 1.993131 1.99001 1.988892 1.991554
1.908935 1.977275
1.998024 1.982556 1.9975 1.988321 1.997171
1.988811 0.1803905 1.988042 1.989319 1.995003
1.981946 1.982957 1.992775 1.991399 0.2968333
1.989628 1.992327 1.995615 0.5542349 1.985821
0.7816024 1.986509 1.996951 1.99861 1.999454
1.992847 1.98713 1.992573 1.991697 1.990864
1.988418 1.878992 1.99001 1.988892 1.991554
1.908935 1.977275
0.9943786
0.1119625 0.003179027 0.01165715 0.02047356 0.01824847
-0.007679969 -0.01593846 0.2033812 0.02662978 0.01394731
-0.00774978 0.02262316 -0.004147594 0.05624146 0.0741343
0.2978681 0.0301753 0.02020613 -0.01995333 -0.2881209
-0.09058654 0.1295987 0.01669771 -0.002382451 -0.002467657
-0.02379043 0.01373706 0.00328846 -0.01213276 0.03371191
-0.01322558 -0.008764115 0.02684872 -0.001583547 -0.009420495
0.005941237 -0.05170026 -0.01424073
0.1223897 0.005111249 0.01330418 0.02493469 0.01590025
-0.008821458 -0.01704823 0.1827879 0.02768557 0.01273263
-0.01118308 0.02106391 -0.006927252 0.05438646 0.06512308
0.3029936 0.02941789 0.01890111 -0.01706578 -0.2861781
-0.086329 0.1310861 0.01968645 -0.003294977 -0.003256901
-0.02355473 0.01035259 0.0002037057 -0.01493873 0.03631987
-0.01513827 -0.01041077 0.03019926 -0.001808895 -0.01082067
0.008656177 -0.06102952 -0.0169339
1.998024 1.982556 1.9975 1.988321 1.997171
1.988811 0.1874803 1.988042 1.989319 1.995003
1.981946 1.982957 1.992775 1.991399 0.3135852
1.989628 1.992327 1.995615 0.5261197 1.985821
0.8051915 1.986509 1.996951 1.99861 1.999454
1.992847 1.98713 1.992573 1.991697 1.990864
1.988418 1.993131 1.99001 1.988892 1.991554
1.908935 1.977275
1.998024 1.982556 1.9975 1.988321 1.997171
1.988811 0.1804088 1.988042 1.989319 1.995003
1.981946 1.982957 1.992775 1.991399 0.296825
1.989628 1.992327 1.995615 0.5542236 1.985821
0.7816444 1.986509 1.996951 1.99861 1.999454
1.992847 1.98713 1.992573 1.991697 1.990864
1.988418 1.877589 1.99001 1.988892 1.991554
1.908935 1.977275
0.9943898
0.1119661 0.003179663 0.01165723 0.02047351 0.01824877
-0.007679481 -0.01593837 0.203378 0.02663071 0.01394711
-0.007750016 0.02262293 -0.004148123 0.05624124 0.07413468
0.2978672 0.0301745 0.0202061 -0.0199545 -0.2881199
-0.09058683 0.1295983 0.01669807 -0.002382587 -0.002467642
-0.02379053 0.01373689 0.003287925 -0.01213274 0.03371136
-0.01322522 -0.008764889 0.02684948 -0.00158337 -0.009420453
0.00594204 -0.05170085 -0.01424093
0.1223913 0.005111092 0.01330474 0.02493622 0.01590302
-0.008822839 -0.01704999 0.1827837 0.02768515 0.01273305
-0.01118297 0.02106413 -0.006927576 0.05438558 0.0651231
0.3029947 0.029419 0.01890171 -0.01706643 -0.2861802
-0.08632903 0.1310831 0.01968603 -0.003293492 -0.003256889
-0.02355487 0.0103516 0.0002046335 -0.01493739 0.03632195
-0.01513956 -0.01041026 0.03019928 -0.00180913 -0.01081945
0.008658245 -0.06103151 -0.01693298
1.998024 1.982556 1.9975 1.988321 1.997171
1.988811 0.187472 1.988042 1.989319 1.995003
1.981946 1.982957 1.992775 1.991399 0.3135811
1.989628 1.992327 1.995615 0.5260717 1.985821
0.8051825 1.986509 1.996951 1.99861 1.999454
1.992847 1.98713 1.992573 1.991697 1.990864
1.988418 1.993131 1.99001 1.988892 1.991554
1.908935 1.977275
1.998024 1.982556 1.9975 1.988321 1.997171
1.988811 0.1803904 1.988042 1.989319 1.995003
1.981946 1.982957 1.992775 1.991399 0.2968357
1.989628 1.992327 1.995615 0.5542599 1.985821
0.781562 1.986509 1.996951 1.99861 1.999454
1.992847 1.98713 1.992573 1.991697 1.990864
1.988418 1.878904 1.99001 1.988892 1.991554
1.908935 1.977275
0.9943933
0.1119644 0.00317928 0.01165731 0.02047366 0.01824872
-0.007680039 -0.01593853 0.2033795 0.02662961 0.01394722
-0.007749899 0.02262308 -0.004147951 0.05624114 0.07413432
0.2978688 0.03017528 0.02020642 -0.0199538 -0.2881218
-0.09058668 0.1295986 0.01669761 -0.002382474 -0.002467524
-0.02379048 0.0137371 0.003288271 -0.0121327 0.03371208
-0.01322562 -0.008764256 0.02684898 -0.00158349 -0.009420428
0.005941587 -0.05170063 -0.01424071
0.1223856 0.005110678 0.01330373 0.02493515 0.01590114
-0.008822111 -0.01704865 0.1827901 0.02768659 0.01273326
-0.01118261 0.02106428 -0.006926681 0.05438695 0.06512328
0.3029904 0.02941833 0.01890019 -0.01706473 -0.2861752
-0.08632862 0.1310844 0.01968701 -0.003294166 -0.003257544
-0.02355468 0.01035152 0.0002046886 -0.01493804 0.03632017
-0.01513865 -0.01041029 0.03019884 -0.001809369 -0.01082019
0.008656523 -0.06102972 -0.01693338
1.998024 1.982556 1.9975 1.988321 1.997171
1.988811 0.1874745 1.988042 1.989319 1.995003
1.981946 1.982957 1.992775 1.991399 0.3135815
1.989628 1.992327 1.995615 0.5261191 1.985821
0.8051689 1.986509 1.996951 1.99861 1.999454
1.992847 1.98713 1.992573 1.991697 1.990864
1.988418 1.993131 1.99001 1.988892 1.991554
1.908935 1.977275
1.998024 1.982556 1.9975 1.988321 1.997171
1.988811 0.180416 1.988042 1.989319 1.995003
1.981946 1.982957 1.992775 1.991399 0.2968356
1.989628 1.992327 1.995615 0.5542171 1.985821
0.7816727 1.986509 1.996951 1.99861 1.999454
1.992847 1.98713 1.992573 1.991697 1.990864
1.988418 1.878515 1.99001 1.988892 1.991554
1.908935 1.977275
0.9943898
0.1119633 0.003178978 0.01165737 0.02047373 0.0182487
-0.007680181 -0.01593874 0.2033805 0.02662924 0.01394722
-0.007749862 0.02262312 -0.004147698 0.05624121 0.07413415
0.2978697 0.03017555 0.0202065 -0.01995349 -0.2881225
-0.09058661 0.1295987 0.01669738 -0.002382363 -0.002467477
-0.02379052 0.01373721 0.003288525 -0.01213261 0.03371236
-0.01322575 -0.008764005 0.02684864 -0.001583441 -0.009420415
0.005941468 -0.05170044 -0.01424067
0.1223911 0.005111077 0.01330477 0.02493582 0.01590228
-0.008822461 -0.01704969 0.1827847 0.02768484 0.01273281
-0.01118309 0.02106404 -0.006927481 0.0543857 0.06512295
0.3029956 0.02941884 0.01890185 -0.01706637 -0.2861807
-0.08632905 0.1310843 0.01968589 -0.003293899 -0.003256704
-0.02355485 0.01035208 0.0002043318 -0.01493774 0.03632161
-0.01513931 -0.01041037 0.03019923 -0.001808961 -0.01081978
0.008657732 -0.06103099 -0.01693326
1.998024 1.982556 1.9975 1.988321 1.997171
1.988811 0.1874763 1.988042 1.989319 1.995003
1.981946 1.982957 1.992775 1.991399 0.3135873
1.989628 1.992327 1.995615 0.5261372 1.985821
0.8051692 1.986509 1.996951 1.99861 1.999454
1.992847 1.98713 1.992573 1.991697 1.990864
1.988418 1.993131 1.99001 1.988892 1.991554
1.908935 1.977275
1.998024 1.982556 1.9975 1.988321 1.997171
1.988811 0.1803929 1.988042 1.989319 1.995003
1.981946 1.982957 1.992775 1.991399 0.2968338
1.989628 1.992327 1.995615 0.5542654 1.985821
0.7815791 1.986509 1.996951 1.99861 1.999454
1.992847 1.98713 1.992573 1.991697 1.990864
1.988418 1.878457 1.99001 1.988892 1.991554
1.908935 1.977275
0.9943907
0.1119641 0.003179156 0.01165735 0.02047369 0.01824873
-0.007680005 -0.01593866 0.2033798 0.0266296 0.01394718
-0.007749909 0.02262307 -0.004147815 0.0562412 0.07413428
0.2978691 0.03017528 0.02020642 -0.01995378 -0.2881219
-0.09058667 0.1295986 0.01669754 -0.002382415 -0.00246751
-0.02379053 0.01373714 0.003288371 -0.01213263 0.03371212
-0.01322562 -0.008764236 0.02684886 -0.001583412 -0.00942042
0.005941639 -0.05170056 -0.01424073
0.122389 0.005110803 0.01330461 0.02493622 0.0159026
-0.008823238 -0.01704982 0.1827862 0.02768452 0.01273311
-0.01118275 0.02106427 -0.006927283 0.05438574 0.06512292
0.3029954 0.02941952 0.01890173 -0.01706558 -0.2861807
-0.08632884 0.1310833 0.01968587 -0.003293409 -0.003256962
-0.02355484 0.01035165 0.0002048809 -0.01493744 0.03632222
-0.01513973 -0.0104097 0.03019869 -0.001809258 -0.0108195
0.0086576 -0.06103111 -0.01693289
1.998024 1.982556 1.9975 1.988321 1.997171
1.988811 0.1874749 1.988042 1.989319 1.995003
1.981946 1.982957 1.992775 1.991399 0.3135859
1.989628 1.992327 1.995615 0.5261206 1.985821
0.8051714 1.986509 1.996951 1.99861 1.999454
1.992847 1.98713 1.992573 1.991697 1.990864
1.988418 1.993131 1.99001 1.988892 1.991554
1.908935 1.977275
1.998024 1.982556 1.9975 1.988321 1.997171
1.988811 0.1803978 1.988042 1.989319 1.995003
1.981946 1.982957 1.992775 1.991399 0.2968364
1.989628 1.992327 1.995615 0.5542927 1.985821
0.7815587 1.986509 1.996951 1.99861 1.999454
1.992847 1.98713 1.992573 1.991697 1.990864
1.988418 1.878873 1.99001 1.988892 1.991554
1.908935 1.977275
0.994389
0.1119631 0.003178785 0.01165751 0.0204735 0.01824886
-0.007679749 -0.01593912 0.2033806 0.0266295 0.01394714
-0.007750022 0.02262304 -0.004147511 0.05624134 0.07413402
0.2978695 0.03017543 0.02020656 -0.01995375 -0.2881224
-0.09058656 0.1295993 0.01669739 -0.002382408 -0.002467339
-0.02379045 0.01373736 0.003288427 -0.01213242 0.03371223
-0.01322571 -0.008764402 0.02684892 -0.001583319 -0.009420438
0.005941818 -0.05170043 -0.01424083
0.1223928 0.005111241 0.013305 0.02493637 0.01590321
-0.008822987 -0.01705016 0.1827824 0.02768451 0.01273293
-0.01118309 0.02106406 -0.00692784 0.05438521 0.06512298
0.3029963 0.0294192 0.01890221 -0.0170668 -0.2861819
-0.08632914 0.1310832 0.01968569 -0.003293474 -0.003256651
-0.02355488 0.0103518 0.0002044816 -0.01493739 0.03632235
-0.01513975 -0.01041023 0.03019936 -0.00180906 -0.01081938
0.008658412 -0.06103181 -0.01693295
1.998024 1.982556 1.9975 1.988321 1.997171
1.988811 0.1874728 1.988042 1.989319 1.995003
1.981946 1.982957 1.992775 1.991399 0.3135901
1.989628 1.992327 1.995615 0.5261346 1.985821
0.8052143 1.986509 1.996951 1.99861 1.999454
1.992847 1.98713 1.992573 1.991697 1.990864
1.988418 1.993131 1.99001 1.988892 1.991554
1.908935 1.977275
1.998024 1.982556 1.9975 1.988321 1.997171
1.988811 0.180385 1.988042 1.989319 1.995003
1.981946 1.982957 1.992775 1.991399 0.2968326
1.989628 1.992327 1.995615 0.5542783 1.985821
0.7815327 1.986509 1.996951 1.99861 1.999454
1.992847 1.98713 1.992573 1.991697 1.990864
1.988418 1.878832 1.99001 1.988892 1.991554
1.908935 1.977275
0.08894187
0.2164045 0.00478502 0.01444336 0.02155154 0.01134495
-0.002062634 -0.03361808 0.1429466 0.01656367 0.009091035
-0.01256814 0.02649972 -0.02592374 0.06253604 0.0824222
0.3072597 0.005978174 0.01767234 -0.05893261 -0.3001323
-0.1075554 0.1388257 0.02013246 0.001248233 0.0101588
-0.02634649 0.020162 -0.003590285 -0.02518187 0.01549078
0.01740686 -0.02755735 0.03441043 0.006601064 0.008592647
-0.0064895 -0.05011877 -0.04075638
0.1971197 0.000948303 0.01753185 0.03526963 -0.005046741
-0.008751739 -0.02468072 0.1246205 0.02615408 0.007627028
-0.02263146 0.03030555 -0.01736327 0.0598586 0.07037411
0.3217073 0.009048978 0.01311727 -0.04266472 -0.3018689
-0.08076184 0.1299097 0.01444927 -0.004893362 0.01257702
-0.02639064 0.01654946 -0.002560532 -0.01562816 0.02091162
-0.0004129735 -0.01164251 0.02756466 0.01550426 0.009854496
-0.01170227 -0.06433195 -0.03673538
0.03829456 1.982556 1.9975 1.988321 1.986372
1.988811 1.997454 1.988042 1.989319 1.995003
1.981946 0.5566145 1.992775 1.991399 1.995308
1.989628 1.992327 1.995615 1.988922 0.4146169
1.977309 1.986509 1.996951 1.99861 1.999454
0.5874008 1.98713 1.992573 0.2360886 1.990864
1.988418 1.993131 1.99001 1.988892 1.991554
0.2765903 1.977275
1.998024 1.982556 1.9975 0.5824569 1.997171
1.988811 1.997454 1.988042 1.989319 1.995003
1.981946 1.982957 1.992775 1.991399 1.995308
1.989628 1.097895 1.995615 1.988922 0.2456908
1.977309 1.986509 1.996951 1.99861 1.169642
1.992847 1.98713 1.162746 1.991697 1.990864
1.988418 0.4095325 0.07663403 1.988892 1.991554
0.2716771 1.977275
0.9943901
0.1119669 0.003180002 0.011657 0.02047357 0.01824857
-0.007679266 -0.01593798 0.2033775 0.0266316 0.01394707
-0.007749951 0.02262288 -0.004148194 0.0562414 0.07413513
0.2978659 0.03017385 0.02020562 -0.01995478 -0.2881178
-0.09058696 0.1295974 0.01669848 -0.002382588 -0.002467922
-0.0237907 0.01373656 0.003287845 -0.0121329 0.03371075
-0.01322486 -0.00876508 0.0268495 -0.001583299 -0.009420474
0.005942097 -0.05170087 -0.01424104
0.1223903 0.005110868 0.01330476 0.02493609 0.01590301
-0.008822719 -0.01705015 0.1827845 0.02768514 0.01273304
-0.011183 0.02106416 -0.006927355 0.05438573 0.06512295
0.3029947 0.02941911 0.01890169 -0.01706624 -0.2861802
-0.08632894 0.1310836 0.019686 -0.003293494 -0.003256824
-0.0235548 0.01035169 0.0002046742 -0.01493732 0.03632195
-0.01513961 -0.0104103 0.03019926 -0.001809141 -0.01081948
0.008658209 -0.06103137 -0.01693301
1.998024 1.982556 1.9975 1.988321 1.997171
1.988811 0.1874753 1.988042 1.989319 1.995003
1.981946 1.982957 1.992775 1.991399 0.3135842
1.989628 1.992327 1.995615 0.5260287 1.985821
0.8051649 1.986509 1.996951 1.99861 1.999454
1.992847 1.98713 1.992573 1.991697 1.990864
1.988418 1.993131 1.99001 1.988892 1.991554
1.908935 1.977275
1.998024 1.982556 1.9975 1.988321 1.997171
1.988811 0.1803909 1.988042 1.989319 1.995003
1.981946 1.982957 1.992775 1.991399 0.2968372
1.989628 1.992327 1.995615 0.5542686 1.985821
0.7815894 1.986509 1.996951 1.99861 1.999454
1.992847 1.98713 1.992573 1.991697 1.990864
1.988418 1.878908 1.99001 1.988892 1.991554
1.908935 1.977275
0.4857438
0.1119633 0.003179052 0.01165729 0.02047367 0.01824863
-0.007680024 -0.01593863 0.2033805 0.0266296 0.01394722
-0.007749853 0.02262311 -0.004147679 0.05624131 0.07413427
0.297869 0.03017533 0.02020632 -0.01995356 -0.2881216
-0.09058662 0.1295986 0.01669755 -0.002382396 -0.002467561
-0.02379052 0.01373712 0.003288466 -0.01213266 0.03371209
-0.01322562 -0.008764136 0.02684872 -0.001583438 -0.009420442
0.005941478 -0.05170041 -0.01424073
0.1970004 0.0009114189 0.01747483 0.03533966 -0.005026924
-0.008744557 -0.02464574 0.124596 0.02618094 0.007627536
-0.0226134 0.03031187 -0.01731551 0.05987676 0.07039427
0.3216421 0.009049844 0.01314231 -0.04262009 -0.30189
-0.08070728 0.1299454 0.01444016 -0.004855824 0.01260427
-0.02635382 0.01652485 -0.002606002 -0.01561575 0.02086678
-0.0003561203 -0.01163496 0.02753167 0.01548062 0.009874779
-0.01174512 -0.06431793 -0.03673425
1.998024 1.982556 1.9975 1.988321 1.997171
1.988811 0.1874773 1.988042 1.989319 1.995003
1.981946 1.982957 1.992775 1.991399 0.3135874
1.989628 1.992327 1.995615 0.5261229 1.985821
0.8051766 1.986509 1.996951 1.99861 1.999454
1.992847 1.98713 1.992573 1.991697 1.990864
1.988418 1.993131 1.99001 1.988892 1.991554
1.908935 1.977275
1.998024 1.982556 1.9975 0.5767927 1.997171
1.988811 1.997454 1.988042 1.989319 1.995003
1.981946 1.982957 1.992775 1.991399 1.995308
1.989628 1.104938 1.995615 1.988922 0.2454937
1.977309 1.986509 1.996951 1.99861 1.180995
1.992847 1.98713 1.176919 1.991697 1.990864
1.988418 0.4100342 0.07652883 1.988892 1.991554
0.2714769 1.977275
0.9943907
0.1119663 0.003179076 0.01165797 0.02047405 0.0182494
-0.007680465 -0.01593942 0.2033776 0.02662822 0.01394695
-0.00775018 0.02262295 -0.004148167 0.05624052 0.07413385
0.2978729 0.03017593 0.02020745 -0.01995432 -0.2881262
-0.09058684 0.1295988 0.0166967 -0.002382253 -0.002466983
-0.0237907 0.01373757 0.003288412 -0.01213223 0.03371326
-0.01322609 -0.008764093 0.02684887 -0.001583167 -0.009420219
0.005942327 -0.05170111 -0.01424058
0.1223893 0.005110723 0.01330476 0.02493579 0.01590287
-0.008822921 -0.01705016 0.1827859 0.02768423 0.01273317
-0.01118301 0.02106425 -0.006927357 0.0543857 0.06512247
0.3029949 0.02941987 0.01890209 -0.01706567 -0.2861817
-0.08632869 0.1310851 0.01968583 -0.003293634 -0.003256585
-0.0235544 0.01035201 0.0002044345 -0.0149374 0.03632222
-0.01513997 -0.01041014 0.03019941 -0.001809537 -0.01081955
0.008657643 -0.06103134 -0.01693299
1.998024 1.982556 1.9975 1.988321 1.997171
1.988811 0.1874624 1.988042 1.989319 1.995003
1.981946 1.982957 1.992775 1.991399 0.3135879
1.989628 1.992327 1.995615 0.5261666 1.985821
0.8051252 1.986509 1.996951 1.99861 1.999454
1.992847 1.98713 1.992573 1.991697 1.990864
1.988418 1.993131 1.99001 1.988892 1.991554
1.908935 1.977275
1.998024 1.982556 1.9975 1.988321 1.997171
1.988811 0.1803912 1.988042 1.989319 1.995003
1.981946 1.982957 1.992775 1.991399 0.2968219
1.989628 1.992327 1.995615 0.5543198 1.985821
0.7816204 1.986509 1.996951 1.99861 1.999454
1.992847 1.98713 1.992573 1.991697 1.990864
1.988418 1.878833 1.99001 1.988892 1.991554
1.908935 1.977275
0.9943874
0.1119643 0.003179031 0.01165753 0.02047359 0.01824894
-0.007679783 -0.01593902 0.2033795 0.0266296 0.01394709
-0.007750056 0.02262299 -0.004147751 0.05624119 0.07413415
0.2978695 0.03017528 0.0202066 -0.01995404 -0.2881224
-0.09058668 0.129599 0.01669743 -0.002382419 -0.002467346
-0.02379052 0.01373729 0.003288308 -0.01213245 0.03371219
-0.01322565 -0.008764484 0.02684905 -0.001583289 -0.009420404
0.005941984 -0.05170064 -0.01424082
0.1224167 0.005116029 0.01330912 0.02491318 0.01585085
-0.00879933 -0.01702584 0.1828228 0.02766055 0.01271379
-0.0111912 0.02105634 -0.006926721 0.05438858 0.06511668
0.3030768 0.02940443 0.01891474 -0.01707042 -0.2862263
-0.08633436 0.131146 0.01967352 -0.003321503 -0.003244125
-0.0235579 0.01038542 0.0001830045 -0.01496343 0.03630077
-0.01512036 -0.01041626 0.03019379 -0.001793538 -0.01084202
0.008624933 -0.06099845 -0.01695232
1.998024 1.982556 1.9975 1.988321 1.997171
1.988811 0.1874707 1.988042 1.989319 1.995003
1.981946 1.982957 1.992775 1.991399 0.3135882
1.989628 1.992327 1.995615 0.5261244 1.985821
0.805193 1.986509 1.996951 1.99861 1.999454
1.992847 1.98713 1.992573 1.991697 1.990864
1.988418 1.993131 1.99001 1.988892 1.991554
1.908935 1.977275
1.998024 1.982556 1.9975 1.988321 1.997171
1.988811 0.1805321 1.988042 1.989319 1.995003
1.981946 1.982957 1.992775 1.991399 0.2967432
1.989628 1.992327 1.995615 0.5544464 1.985821
0.7817187 1.986509 1.996951 1.99861 1.999454
1.992847 1.98713 1.992573 1.991697 1.990864
1.988418 1.846546 1.99001 1.988892 1.991554
1.908935 1.977275
0.9943906
0.1119635 0.003179074 0.0116573 0.02047368 0.01824865
-0.007680024 -0.01593864 0.2033804 0.02662959 0.01394721
-0.007749864 0.0226231 -0.004147707 0.05624129 0.07413427
0.297869 0.03017532 0.02020634 -0.01995361 -0.2881217
-0.09058663 0.1295985 0.01669755 -0.002382398 -0.002467551
-0.02379053 0.01373713 0.003288449 -0.01213265 0.0337121
-0.01322562 -0.008764153 0.02684875 -0.001583431 -0.009420436
0.005941511 -0.05170044 -0.01424073
0.1223884 0.005110667 0.01330441 0.02493692 0.01590448
-0.008823606 -0.01705068 0.1827842 0.02768627 0.01273374
-0.01118255 0.02106447 -0.006927238 0.05438582 0.06512337
0.3029914 0.02941945 0.0189009 -0.0170658 -0.2861776
-0.08632874 0.1310809 0.01968659 -0.003292504 -0.003257508
-0.02355483 0.01035035 0.0002056257 -0.01493651 0.03632247
-0.01514009 -0.01040989 0.03019911 -0.001809635 -0.01081876
0.008659099 -0.06103221 -0.01693233
1.998024 1.982556 1.9975 1.988321 1.997171
1.988811 0.1874769 1.988042 1.989319 1.995003
1.981946 1.982957 1.992775 1.991399 0.3135872
1.989628 1.992327 1.995615 0.5261225 1.985821
0.8051749 1.986509 1.996951 1.99861 1.999454
1.992847 1.98713 1.992573 1.991697 1.990864
1.988418 1.993131 1.99001 1.988892 1.991554
1.908935 1.977275
1.998024 1.982556 1.9975 1.988321 1.997171
1.988811 0.1803921 1.988042 1.989319 1.995003
1.981946 1.982957 1.992775 1.991399 0.2968455
1.989628 1.992327 1.995615 0.5542482 1.985821
0.7815739 1.986509 1.996951 1.99861 1.999454
1.992847 1.98713 1.992573 1.991697 1.990864
1.988418 1.880038 1.99001 1.988892 1.991554
1.908935 1.977275
0.994388
0.1119646 0.003178581 0.01165793 0.02047379 0.01824928
-0.007679463 -0.01593992 0.2033795 0.02662962 0.01394673
-0.007750285 0.02262279 -0.004147277 0.05624131 0.07413403
0.2978717 0.03017509 0.02020682 -0.01995458 -0.2881232
-0.09058681 0.1295986 0.01669701 -0.002382107 -0.002467134
-0.02379094 0.01373752 0.00328865 -0.01213197 0.03371245
-0.01322562 -0.008764695 0.0268487 -0.001582697 -0.009420295
0.005942815 -0.05170061 -0.01424103
0.122395 0.005111215 0.0133057 0.02493621 0.01590311
-0.008822608 -0.01705066 0.182781 0.02768323 0.01273238
-0.01118355 0.02106385 -0.006927956 0.05438479 0.06512249
0.3030003 0.02941939 0.0189033 -0.01706756 -0.2861856
-0.08632933 0.1310848 0.01968486 -0.003293745 -0.003255885
-0.02355493 0.01035275 0.0002040049 -0.01493749 0.03632281
-0.01513988 -0.01041048 0.03019952 -0.001808602 -0.01081952
0.008658617 -0.06103186 -0.01693323
1.998024 1.982556 1.9975 1.988321 1.997171
1.988811 0.1874662 1.988042 1.989319 1.995003
1.981946 1.982957 1.992775 1.991399 0.3136127
1.989628 1.992327 1.995615 0.5261222 1.985821
0.8051938 1.986509 1.996951 1.99861 1.999454
1.992847 1.98713 1.992573 1.991697 1.990864
1.988418 1.993131 1.99001 1.988892 1.991554
1.908935 1.977275
1.998024 1.982556 1.9975 1.988321 1.997171
1.988811 0.1803741 1.988042 1.989319 1.995003
1.981946 1.982957 1.992775 1.991399 0.2968328
1.989628 1.992327 1.995615 0.5543179 1.985821
0.7815257 1.986509 1.996951 1.99861 1.999454
1.992847 1.98713 1.992573 1.991697 1.990864
1.988418 1.878325 1.99001 1.988892 1.991554
1.908935 1.977275
0.9943905
0.1119633 0.003179058 0.01165728 0.02047367 0.01824862
-0.00768004 -0.01593861 0.2033805 0.02662959 0.01394723
-0.007749845 0.02262311 -0.004147686 0.05624131 0.07413427
0.2978689 0.03017534 0.02020632 -0.01995354 -0.2881216
-0.09058661 0.1295985 0.01669756 -0.002382398 -0.002467567
-0.02379052 0.01373712 0.003288466 -0.01213267 0.0337121
-0.01322563 -0.00876412 0.02684872 -0.00158345 -0.009420443
0.005941454 -0.05170041 -0.01424072
0.1223928 0.005111758 0.01330443 0.02493623 0.01590241
-0.008823447 -0.01704899 0.1827833 0.02768436 0.01273323
-0.01118276 0.02106412 -0.006928279 0.05438518 0.06512322
0.3029945 0.02941922 0.01890192 -0.01706618 -0.2861808
-0.08632909 0.1310829 0.01968607 -0.00329378 -0.00325704
-0.02355471 0.01035157 0.000204251 -0.01493793 0.03632193
-0.01513956 -0.01040985 0.03019926 -0.00180951 -0.01081961
0.008657321 -0.06103158 -0.01693291
1.998024 1.982556 1.9975 1.988321 1.997171
1.988811 0.1874775 1.988042 1.989319 1.995003
1.981946 1.982957 1.992775 1.991399 0.3135871
1.989628 1.992327 1.995615 0.5261232 1.985821
0.8051757 1.986509 1.996951 1.99861 1.999454
1.992847 1.98713 1.992573 1.991697 1.990864
1.988418 1.993131 1.99001 1.988892 1.991554
1.908935 1.977275
1.998024 1.982556 1.9975 1.988321 1.997171
1.988811 0.1803954 1.988042 1.989319 1.995003
1.981946 1.982957 1.992775 1.991399 0.2968143
1.989628 1.992327 1.995615 0.5542736 1.985821
0.7814967 1.986509 1.996951 1.99861 1.999454
1.992847 1.98713 1.992573 1.991697 1.990864
1.988418 1.878671 1.99001 1.988892 1.991554
1.908935 1.977275
0.9943905
0.1119609 0.003178424 0.01165733 0.02047371 0.01824851
-0.007679958 -0.01593907 0.2033828 0.02662945 0.01394717
-0.007749804 0.02262314 -0.004146992 0.05624169 0.07413408
0.2978699 0.03017549 0.02020622 -0.01995311 -0.2881216
-0.09058649 0.1295985 0.01669731 -0.002382173 -0.002467559
-0.02379067 0.01373726 0.003288956 -0.01213246 0.03371227
-0.01322569 -0.008763893 0.0268481 -0.001583231 -0.009420451
0.005941386 -0.05169992 -0.01424079
0.122387 0.005110187 0.01330477 0.02493617 0.01590361
-0.00882314 -0.01705085 0.1827868 0.02768475 0.01273333
-0.01118286 0.02106442 -0.006926836 0.05438597 0.06512251
0.3029944 0.02942009 0.01890173 -0.01706535 -0.2861807
-0.08632854 0.1310841 0.01968591 -0.003293038 -0.003256785
-0.02355453 0.01035153 0.0002051294 -0.01493681 0.03632262
-0.01514024 -0.01040994 0.03019906 -0.001809526 -0.01081919
0.008658255 -0.06103148 -0.01693272
1.998024 1.982556 1.9975 1.988321 1.997171
1.988811 0.1874821 1.988042 1.989319 1.995003
1.981946 1.982957 1.992775 1.991399 0.3136042
1.989628 1.992327 1.995615 0.5261373 1.985821
0.8051972 1.986509 1.996951 1.99861 1.999454
1.992847 1.98713 1.992573 1.991697 1.990864
1.988418 1.993131 1.99001 1.988892 1.991554
1.908935 1.977275
1.998024 1.982556 1.9975 1.988321 1.997171
1.988811 0.1803916 1.988042 1.989319 1.995003
1.981946 1.982957 1.992775 1.991399 0.2968381
1.989628 1.992327 1.995615 0.5543187 1.985821
0.7816385 1.986509 1.996951 1.99861 1.999454
1.992847 1.98713 1.992573 1.991697 1.990864
1.988418 1.879371 1.99001 1.988892 1.991554
1.908935 1.977275
0.9943892
0.1119613 0.003178973 0.01165697 0.02047384 0.01824818
-0.007680697 -0.0159381 0.2033823 0.02662898 0.01394749
-0.007749509 0.02262336 -0.004147612 0.05624136 0.07413426
0.2978689 0.03017583 0.02020614 -0.01995255 -0.2881217
-0.09058646 0.1295982 0.01669751 -0.002382349 -0.002467788
-0.02379044 0.013737 0.003288784 -0.01213296 0.03371235
-0.01322582 -0.008763328 0.02684811 -0.001583771 -0.009420483
0.005940509 -0.05170005 -0.01424045
0.1223903 0.005110858 0.0133048 0.02493624 0.01590311
-0.008822976 -0.01705021 0.1827845 0.02768481 0.01273307
-0.01118295 0.02106419 -0.006927397 0.05438562 0.06512291
0.3029952 0.02941935 0.01890184 -0.01706615 -0.2861808
-0.08632892 0.1310834 0.01968588 -0.003293375 -0.003256811
-0.02355481 0.01035166 0.0002047585 -0.01493727 0.03632223
-0.01513977 -0.0104101 0.03019913 -0.001809186 -0.01081939
0.008658194 -0.06103148 -0.01693291
1.998024 1.982556 1.9975 1.988321 1.997171
1.988811 0.1874872 1.988042 1.989319 1.995003
1.981946 1.982957 1.992775 1.991399 0.3135827
1.989628 1.992327 1.995615 0.5261468 1.985821
0.8051439 1.986509 1.996951 1.99861 1.999454
1.992847 1.98713 1.992573 1.991697 1.990864
1.988418 1.993131 1.99001 1.988892 1.991554
1.908935 1.977275
1.998024 1.982556 1.9975 1.988321 1.997171
1.988811 0.1803906 1.988042 1.989319 1.995003
1.981946 1.982957 1.992775 1.991399 0.2968368
1.989628 1.992327 1.995615 0.5542821 1.985821
0.7815722 1.986509 1.996951 1.99861 1.999454
1.992847 1.98713 1.992573 1.991697 1.990864
1.988418 1.87897 1.99001 1.988892 1.991554
1.908935 1.977275
0.9943914
0.1119727 0.003179348 0.01165901 0.02047357 0.01825085
-0.007678634 -0.01594107 0.2033716 0.02662964 0.01394617
-0.007751242 0.02262222 -0.004148548 0.05624017 0.07413376
0.2978737 0.03017469 0.02020826 -0.01995737 -0.2881272
-0.0905873 0.1296002 0.01669668 -0.002382421 -0.002466179
-0.02379088 0.01373805 0.003287398 -0.01213129 0.03371279
-0.01322567 -0.008766433 0.0268508 -0.001582234 -0.009420068
0.005945243 -0.05170233 -0.01424134
0.1223931 0.005111503 0.01330473 0.02493609 0.01590247
-0.008822696 -0.01704946 0.1827828 0.02768493 0.01273287
-0.01118304 0.02106399 -0.006927926 0.05438539 0.06512322
0.3029954 0.02941865 0.01890187 -0.01706677 -0.2861806
-0.08632922 0.1310833 0.01968597 -0.003293852 -0.003256831
-0.02355494 0.01035185 0.0002042607 -0.0149378 0.03632165
-0.01513927 -0.01041035 0.03019935 -0.001808987 -0.01081969
0.008657915 -0.06103137 -0.01693316
1.998024 1.982556 1.9975 1.988321 1.997171
1.988811 0.1874302 1.988042 1.989319 1.995003
1.981946 1.982957 1.992775 1.991399 0.3135973
1.989628 1.992327 1.995615 0.526111 1.985821
0.8052145 1.986509 1.996951 1.99861 1.999454
1.992847 1.98713 1.992573 1.991697 1.990864
1.988418 1.993131 1.99001 1.988892 1.991554
1.908935 1.977275
1.998024 1.982556 1.9975 1.988321 1.997171
1.988811 0.180391 1.988042 1.989319 1.995003
1.981946 1.982957 1.992775 1.991399 0.2968301
1.989628 1.992327 1.995615 0.5542482 1.985821
0.781531 1.986509 1.996951 1.99861 1.999454
1.992847 1.98713 1.992573 1.991697 1.990864
1.988418 1.878524 1.99001 1.988892 1.991554
1.908935 1.977275
0.9943886
0.1119631 0.003179059 0.01165725 0.02047371 0.01824858
-0.007680173 -0.01593855 0.2033807 0.02662942 0.01394727
-0.007749804 0.02262315 -0.004147716 0.05624127 0.07413425
0.2978691 0.03017545 0.02020634 -0.01995341 -0.2881218
-0.0905866 0.1295985 0.01669752 -0.002382396 -0.002467575
-0.0237905 0.01373712 0.003288498 -0.01213271 0.03371219
-0.01322568 -0.008763991 0.02684865 -0.001583507 -0.009420442
0.005941325 -0.05170039 -0.01424066
0.1223904 0.005110603 0.01330501 0.02493627 0.01590435
-0.008822664 -0.01705118 0.182783 0.02768556 0.01273326
-0.01118317 0.02106422 -0.00692729 0.05438566 0.06512276
0.3029937 0.02941942 0.01890178 -0.0170666 -0.2861803
-0.08632882 0.1310837 0.01968608 -0.00329308 -0.003256667
-0.02355458 0.01035142 0.0002048163 -0.01493668 0.03632237
-0.01514008 -0.01041069 0.03019989 -0.001809353 -0.01081905
0.008659274 -0.06103217 -0.0169328
1.998024 1.982556 1.9975 1.988321 1.997171
1.988811 0.1874783 1.988042 1.989319 1.995003
1.981946 1.982957 1.992775 1.991399 0.3135855
1.989628 1.992327 1.995615 0.5261296 1.985821
0.8051688 1.986509 1.996951 1.99861 1.999454
1.992847 1.98713 1.992573 1.991697 1.990864
1.988418 1.993131 1.99001 1.988892 1.991554
1.908935 1.977275
1.998024 1.982556 1.9975 1.988321 1.997171
1.988811 0.18038 1.988042 1.989319 1.995003
1.981946 1.982957 1.992775 1.991399 0.2968374
1.989628 1.992327 1.995615 0.5542755 1.985821
0.7816359 1.986509 1.996951 1.99861 1.999454
1.992847 1.98713 1.992573 1.991697 1.990864
1.988418 1.879474 1.99001 1.988892 1.991554
1.908935 1.977275
