0.334605
0.1119636 0.003179063 0.01165734 0.0204737 0.01824869
-0.007680009 -0.0159387 0.2033802 0.02662959 0.01394718
-0.007749886 0.02262308 -0.004147702 0.05624127 0.07413427
0.2978692 0.0301753 0.02020637 -0.01995367 -0.2881218
-0.09058665 0.1295985 0.01669751 -0.002382379 -0.002467529
-0.02379056 0.01373714 0.003288458 -0.01213262 0.03371213
-0.01322562 -0.008764175 0.02684874 -0.001583389 -0.009420425
0.005941588 -0.05170047 -0.01424074
0.0933271 0.008798365 0.002156724 0.01563754 -0.005213423
0.003537352 -0.007349417 0.02381212 0.2336099 0.01853039
0.004169806 -0.006940303 -0.001388263 0.009207014 0.1482733
0.02598295 0.0334755 0.00542812 -0.006135461 -0.1333599
-0.02244845 0.01541227 -0.007167988 -0.00330219 0.003255634
-0.02661622 0.001435114 0.0227913 -0.006696038 -0.0007257298
0.004463305 0.0005792459 0.004405908 0.006228369 0.01266859
0.0142429 -0.02754079 0.007998097
1.998024 1.982556 1.9975 1.988321 1.997171
1.988811 0.1874762 1.988042 1.989319 1.995003
1.981946 1.982957 1.992775 1.991399 0.3135885
1.989628 1.992327 1.995615 0.5261222 1.985821
0.8051733 1.986509 1.996951 1.99861 1.999454
1.992847 1.98713 1.992573 1.991697 1.990864
1.988418 1.993131 1.99001 1.988892 1.991554
1.908935 1.977275
1.998024 1.187762 1.9975 1.988321 0.7190403
1.988811 1.997454 0.09542281 1.989319 1.995003
1.981946 1.982957 1.992775 0.7120731 1.995308
1.989628 1.992327 1.995615 1.040777 1.985821
1.977309 1.986509 1.996951 1.99861 1.999454
1.992847 1.98713 1.992573 1.991697 1.990864
1.988418 1.993131 1.99001 1.988892 0.5144208
1.077286 1.977275
0.3346265
0.1119637 0.00317911 0.01165731 0.02047369 0.01824866
-0.007680012 -0.01593864 0.2033802 0.02662963 0.0139472
-0.007749874 0.02262309 -0.004147736 0.05624127 0.0741343
0.297869 0.03017527 0.02020634 -0.01995367 -0.2881217
-0.09058665 0.1295985 0.01669756 -0.002382395 -0.002467552
-0.02379055 0.01373711 0.003288432 -0.01213265 0.03371209
-0.01322561 -0.00876418 0.02684876 -0.001583413 -0.00942043
0.00594156 -0.05170048 -0.01424073
0.09332109 0.008796887 0.002154309 0.01563844 -0.005213712
0.003538591 -0.007351328 0.02381323 0.2336141 0.01853244
0.004170653 -0.006944035 -0.001384982 0.009205851 0.1482722
0.02597903 0.03347675 0.005430667 -0.006130658 -0.1333643
-0.02245053 0.01541478 -0.007170805 -0.003300898 0.003261038
-0.0266176 0.001436127 0.0227863 -0.006697218 -0.0007275664
0.004462195 0.0005810685 0.0044053 0.006228176 0.01266972
0.01423935 -0.02753633 0.007997223
1.998024 1.982556 1.9975 1.988321 1.997171
1.988811 0.1874764 1.988042 1.989319 1.995003
1.981946 1.982957 1.992775 1.991399 0.3135874
1.989628 1.992327 1.995615 0.5261199 1.985821
0.8051719 1.986509 1.996951 1.99861 1.999454
1.992847 1.98713 1.992573 1.991697 1.990864
1.988418 1.993131 1.99001 1.988892 1.991554
1.908935 1.977275
1.998024 1.185592 1.9975 1.988321 0.7186309
1.988811 1.997454 0.09542302 1.989319 1.995003
1.981946 1.982957 1.992775 0.7116181 1.995308
1.989628 1.992327 1.995615 1.041437 1.985821
1.977309 1.986509 1.996951 1.99861 1.999454
1.992847 1.98713 1.992573 1.991697 1.990864
1.988418 1.993131 1.99001 1.988892 0.5145915
1.079365 1.977275
0.3346567
0.1119637 0.003179144 0.0116573 0.02047367 0.01824866
-0.007680033 -0.01593859 0.2033801 0.0266296 0.01394722
-0.00774987 0.0226231 -0.004147789 0.05624124 0.07413429
0.2978689 0.03017531 0.02020636 -0.01995366 -0.2881217
-0.09058664 0.1295986 0.01669757 -0.002382426 -0.002467548
-0.02379051 0.01373711 0.003288389 -0.01213267 0.03371209
-0.01322562 -0.00876418 0.02684882 -0.001583459 -0.009420436
0.005941519 -0.0517005 -0.01424072
0.09332527 0.008795284 0.00215293 0.01564109 -0.005214158
0.003543232 -0.007353114 0.02381883 0.2336154 0.01853209
0.004170281 -0.006950936 -0.001380173 0.009206791 0.1482709
0.02597494 0.03347814 0.005432952 -0.006127661 -0.1333707
-0.02245124 0.01541278 -0.007176031 -0.003298782 0.003265112
-0.02661716 0.001436616 0.02278161 -0.006695445 -0.000732126
0.004458256 0.000578488 0.004405164 0.006228269 0.01266766
0.01423887 -0.02753485 0.007993781
1.998024 1.982556 1.9975 1.988321 1.997171
1.988811 0.1874763 1.988042 1.989319 1.995003
1.981946 1.982957 1.992775 1.991399 0.3135851
1.989628 1.992327 1.995615 0.5261214 1.985821
0.8051731 1.986509 1.996951 1.99861 1.999454
1.992847 1.98713 1.992573 1.991697 1.990864
1.988418 1.993131 1.99001 1.988892 1.991554
1.908935 1.977275
1.998024 1.184809 1.9975 1.988321 0.7187698
1.988811 1.997454 0.0954161 1.989319 1.995003
1.981946 1.982957 1.992775 0.7120401 1.995308
1.989628 1.992327 1.995615 1.041999 1.985821
1.977309 1.986509 1.996951 1.99861 1.999454
1.992847 1.98713 1.992573 1.991697 1.990864
1.988418 1.993131 1.99001 1.988892 0.5145444
1.082247 1.977275
0.2566171
0.1119631 0.003178862 0.01165742 0.02047379 0.01824872
-0.007680131 -0.0159389 0.2033807 0.02662926 0.01394715
-0.007749882 0.02262309 -0.004147553 0.05624128 0.07413415
0.2978701 0.0301755 0.02020649 -0.01995354 -0.2881225
-0.09058663 0.1295985 0.0166973 -0.00238228 -0.002467467
-0.02379063 0.01373724 0.003288641 -0.01213252 0.03371239
-0.01322574 -0.008764002 0.0268485 -0.001583317 -0.009420398
0.005941583 -0.05170038 -0.0142407
0.09544759 0.01494347 0.006797412 0.009707687 -0.004243185
-0.001514442 -0.0055467 0.02328509 0.2258178 0.0257607
0.008824862 -0.008077126 -0.0102682 0.005759232 0.1470301
0.02349881 0.02416978 0.005088404 -0.004315443 -0.1219707
-0.026963 0.02452785 0.001811391 -0.002893229 0.006558744
-0.0361591 0.0005498717 0.02075886 -0.0146785 0.006274462
0.005320628 0.002792875 0.001781773 -0.003922581 0.01000925
0.01693303 -0.02439523 0.01491905
1.998024 1.982556 1.9975 1.988321 1.997171
1.988811 0.1874765 1.988042 1.989319 1.995003
1.981946 1.982957 1.992775 1.991399 0.3135935
1.989628 1.992327 1.995615 0.5261359 1.985821
0.8051678 1.986509 1.996951 1.99861 1.999454
1.992847 1.98713 1.992573 1.991697 1.990864
1.988418 1.993131 1.99001 1.988892 1.991554
1.908935 1.977275
1.998024 1.982556 1.9975 1.988321 1.997171
1.988811 1.997454 1.988042 1.989319 1.995003
1.981946 0.3849829 1.992775 1.991399 1.995308
0.2507117 1.992327 0.8386928 0.6472256 1.985821
1.977309 1.986509 1.996951 1.99861 0.09148354
1.992847 1.98713 1.992573 0.4237754 1.990864
1.988418 1.993131 1.99001 0.1944945 1.991554
1.908935 1.977275
0.3346444
0.1119623 0.003178933 0.01165722 0.02047366 0.01824851
-0.007680208 -0.01593855 0.2033813 0.0266293 0.01394732
-0.007749764 0.0226232 -0.004147607 0.05624134 0.07413417
0.297869 0.03017559 0.02020633 -0.01995318 -0.2881219
-0.09058652 0.1295988 0.01669749 -0.002382402 -0.002467578
-0.02379043 0.01373715 0.003288562 -0.01213272 0.03371224
-0.01322574 -0.008763896 0.02684857 -0.001583566 -0.009420465
0.005941159 -0.05170027 -0.01424064
0.09331581 0.008794501 0.00215422 0.01564022 -0.00521438
0.003543161 -0.007352751 0.0238176 0.2336107 0.01853229
0.004171487 -0.006948603 -0.001380378 0.009208429 0.1482754
0.02597744 0.03347572 0.0054309 -0.006129409 -0.1333654
-0.02244864 0.01541457 -0.007173947 -0.003299579 0.003264656
-0.02661799 0.001435449 0.02278398 -0.006698764 -0.0007293653
0.004461942 0.0005805709 0.004403283 0.00622724 0.01266929
0.01424086 -0.02753514 0.00799491
1.998024 1.982556 1.9975 1.988321 1.997171
1.988811 0.1874799 1.988042 1.989319 1.995003
1.981946 1.982957 1.992775 1.991399 0.313585
1.989628 1.992327 1.995615 0.5261379 1.985821
0.8051791 1.986509 1.996951 1.99861 1.999454
1.992847 1.98713 1.992573 1.991697 1.990864
1.988418 1.993131 1.99001 1.988892 1.991554
1.908935 1.977275
1.998024 1.185127 1.9975 1.988321 0.7183302
1.988811 1.997454 0.09541691 1.989319 1.995003
1.981946 1.982957 1.992775 0.7123991 1.995308
1.989628 1.992327 1.995615 1.041198 1.985821
1.977309 1.986509 1.996951 1.99861 1.999454
1.992847 1.98713 1.992573 1.991697 1.990864
1.988418 1.993131 1.99001 1.988892 0.5144996
1.080657 1.977275
0.3346533
0.1119632 0.003179041 0.01165728 0.02047365 0.01824861
-0.007680023 -0.01593862 0.2033806 0.0266296 0.01394723
-0.007749846 0.02262312 -0.004147669 0.05624132 0.07413426
0.2978689 0.03017534 0.02020631 -0.01995353 -0.2881216
-0.0905866 0.1295986 0.01669756 -0.002382404 -0.002467564
-0.0237905 0.01373712 0.003288464 -0.01213267 0.03371209
-0.01322563 -0.00876413 0.02684873 -0.001583455 -0.009420448
0.005941447 -0.0517004 -0.01424072
0.09331862 0.00879279 0.002153955 0.01564285 -0.005215184
0.003550361 -0.007355036 0.02382454 0.2336093 0.01853026
0.004169096 -0.006955123 -0.001374796 0.009211572 0.1482765
0.02597472 0.03347509 0.005432255 -0.006127698 -0.1333692
-0.02244635 0.01541096 -0.00717827 -0.003297644 0.00326802
-0.02661656 0.001436768 0.02278079 -0.006698238 -0.0007341613
0.004457964 0.0005764072 0.004403201 0.006226555 0.01266697
0.01424421 -0.02753559 0.007991748
1.998024 1.982556 1.9975 1.988321 1.997171
1.988811 0.1874776 1.988042 1.989319 1.995003
1.981946 1.982957 1.992775 1.991399 0.313587
1.989628 1.992327 1.995615 0.5261238 1.985821
0.8051791 1.986509 1.996951 1.99861 1.999454
1.992847 1.98713 1.992573 1.991697 1.990864
1.988418 1.993131 1.99001 1.988892 1.991554
1.908935 1.977275
1.998024 1.184741 1.9975 1.988321 0.7187533
1.988811 1.997454 0.09540591 1.989319 1.995003
1.981946 1.982957 1.992775 0.7134167 1.995308
1.989628 1.992327 1.995615 1.040707 1.985821
1.977309 1.986509 1.996951 1.99861 1.999454
1.992847 1.98713 1.992573 1.991697 1.990864
1.988418 1.993131 1.99001 1.988892 0.5142916
1.083111 1.977275
0.3346393
0.1119635 0.003179104 0.01165727 0.02047364 0.01824863
-0.007679978 -0.0159386 0.2033803 0.02662969 0.01394722
-0.007749864 0.0226231 -0.00414772 0.05624131 0.0741343
0.2978688 0.03017527 0.0202063 -0.01995362 -0.2881215
-0.09058663 0.1295986 0.01669761 -0.002382422 -0.002467568
-0.02379051 0.0137371 0.00328841 -0.01213267 0.03371203
-0.01322559 -0.0087642 0.0268488 -0.001583448 -0.009420447
0.005941506 -0.05170045 -0.01424074
0.09331548 0.008795361 0.002154938 0.01563885 -0.005214299
0.003541129 -0.007351855 0.02381512 0.2336098 0.01853202
0.004171319 -0.006945268 -0.001382732 0.00920822 0.1482759
0.02597963 0.03347492 0.005429603 -0.006131078 -0.1333622
-0.02244813 0.01541508 -0.007171309 -0.003300709 0.003262208
-0.026618 0.00143524 0.02278651 -0.006699541 -0.0007274103
0.004463724 0.0005813953 0.004403584 0.006227181 0.01267006
0.01424156 -0.02753637 0.007996531
1.998024 1.982556 1.9975 1.988321 1.997171
1.988811 0.1874769 1.988042 1.989319 1.995003
1.981946 1.982957 1.992775 1.991399 0.3135862
1.989628 1.992327 1.995615 0.5261192 1.985821
0.8051788 1.986509 1.996951 1.99861 1.999454
1.992847 1.98713 1.992573 1.991697 1.990864
1.988418 1.993131 1.99001 1.988892 1.991554
1.908935 1.977275
1.998024 1.185682 1.9975 1.988321 0.7183334
1.988811 1.997454 0.09542321 1.989319 1.995003
1.981946 1.982957 1.992775 0.7122482 1.995308
1.989628 1.992327 1.995615 1.040841 1.985821
1.977309 1.986509 1.996951 1.99861 1.999454
1.992847 1.98713 1.992573 1.991697 1.990864
1.988418 1.993131 1.99001 1.988892 0.5144888
1.079229 1.977275
0.3345664
0.1119643 0.003179897 0.01165668 0.02047336 0.01824816
-0.007679816 -0.01593739 0.2033796 0.02663085 0.0139475
-0.007749648 0.0226232 -0.004148239 0.05624141 0.07413487
0.2978648 0.03017463 0.02020557 -0.01995357 -0.2881181
-0.09058663 0.1295983 0.01669854 -0.002382791 -0.002468028
-0.02379021 0.01373657 0.003287868 -0.01213327 0.03371097
-0.01322517 -0.008764451 0.02684939 -0.001583927 -0.009420596
0.005940921 -0.05170053 -0.01424074
0.09333154 0.008793497 0.002152344 0.01563949 -0.00521482
0.003543601 -0.007357988 0.0238222 0.2336034 0.01853203
0.00417301 -0.006954242 -0.001379812 0.009208481 0.1482749
0.02597505 0.03347896 0.005430806 -0.006129267 -0.1333683
-0.0224516 0.0154137 -0.007177089 -0.003298987 0.003268484
-0.02662043 0.001433643 0.02278353 -0.006696408 -0.0007309058
0.004461806 0.0005792922 0.004400435 0.006225446 0.01266833
0.01423894 -0.02753381 0.007993924
1.998024 1.982556 1.9975 1.988321 1.997171
1.988811 0.1874829 1.988042 1.989319 1.995003
1.981946 1.982957 1.992775 1.991399 0.3135648
1.989628 1.992327 1.995615 0.5260695 1.985821
0.8051825 1.986509 1.996951 1.99861 1.999454
1.992847 1.98713 1.992573 1.991697 1.990864
1.988418 1.993131 1.99001 1.988892 1.991554
1.908935 1.977275
1.998024 1.184892 1.9975 1.988321 0.7181321
1.988811 1.997454 0.09540611 1.989319 1.995003
1.981946 1.982957 1.992775 0.7125521 1.988386
1.989628 1.992327 1.995615 1.041733 1.985821
1.977309 1.986509 1.996951 1.99861 1.999454
1.992847 1.98713 1.992573 1.991697 1.990864
1.988418 1.993131 1.99001 1.988892 0.5143132
1.081903 1.977275
0.2356131
0.1119625 0.00317892 0.01165721 0.02047341 0.01824854
-0.007679545 -0.0159387 0.2033812 0.02663026 0.01394721
-0.007749891 0.02262307 -0.0041474 0.05624164 0.07413433
0.2978678 0.030175 0.02020603 -0.01995361 -0.2881202
-0.09058655 0.1295989 0.01669781 -0.002382453 -0.00246763
-0.02379046 0.01373709 0.003288411 -0.01213263 0.03371164
-0.01322543 -0.008764477 0.02684888 -0.001583383 -0.009420514
0.005941564 -0.05170023 -0.01424091
0.09454963 0.01629799 0.003194853 0.01139606 0.00189054
-0.001164967 0.0001000874 0.01848124 0.2339752 0.02327841
0.002837927 -0.005347257 -0.01155116 0.008191347 0.1530327
0.02232549 0.02448735 0.00518414 -0.005191201 -0.1228944
-0.02923208 0.02423913 0.003795529 -0.002121069 0.0006638699
-0.03334845 0.001025122 0.02141383 -0.01808851 0.00669833
0.007647114 0.0035108 0.004347386 -0.004261254 0.006725484
0.01215056 -0.02343901 0.01279529
1.998024 1.982556 1.9975 1.988321 1.997171
1.988811 0.1874787 1.988042 1.989319 1.995003
1.981946 1.982957 1.992775 1.991399 0.3135908
1.989628 1.992327 1.995615 0.5261046 1.985821
0.8052218 1.986509 1.996951 1.99861 1.999454
1.992847 1.98713 1.992573 1.991697 1.990864
1.988418 1.993131 1.99001 1.988892 1.991554
1.908935 1.977275
1.998024 1.982556 1.9975 1.988321 1.997171
0.9806273 1.997454 1.988042 1.989319 1.995003
1.981946 1.982957 1.992775 1.991399 1.995308
1.989628 1.992327 1.995615 1.988922 1.985821
1.977309 1.986509 0.08771161 1.99861 1.999454
1.992847 0.1415069 1.992573 1.991697 1.990864
1.988418 1.993131 1.99001 1.988892 0.1340183
0.209614 1.977275
0.334641
0.1119645 0.003179164 0.0116574 0.02047388 0.01824876
-0.007680114 -0.01593873 0.2033796 0.02662952 0.0139471
-0.007749906 0.02262304 -0.0041478 0.05624116 0.07413435
0.2978698 0.03017523 0.02020644 -0.01995388 -0.2881221
-0.09058676 0.129598 0.01669742 -0.002382297 -0.002467523
-0.02379072 0.01373711 0.003288503 -0.01213258 0.03371223
-0.01322561 -0.008764128 0.02684864 -0.001583278 -0.00942037
0.005941757 -0.05170059 -0.01424072
0.09332633 0.00879528 0.002154869 0.01564005 -0.005214507
0.003542145 -0.007352188 0.02381774 0.2336104 0.01853115
0.004171545 -0.006948527 -0.001381577 0.009207926 0.1482736
0.02597785 0.03347668 0.005430498 -0.006130844 -0.133366
-0.02244961 0.01541292 -0.00717443 -0.003299871 0.003262462
-0.0266175 0.001434486 0.02278487 -0.006696819 -0.0007299499
0.004461391 0.0005791159 0.004403824 0.006228043 0.01266774
0.01424082 -0.02753652 0.007994121
1.998024 1.982556 1.9975 1.988321 1.997171
1.988811 0.187475 1.988042 1.989319 1.995003
1.981946 1.982957 1.992775 1.991399 0.313592
1.989628 1.992327 1.995615 0.5261179 1.985821
0.8051453 1.986509 1.996951 1.99861 1.999454
1.992847 1.98713 1.992573 1.991697 1.990864
1.988418 1.993131 1.99001 1.988892 1.991554
1.908935 1.977275
1.998024 1.186152 1.9975 1.988321 0.7185303
1.988811 1.997454 0.0954168 1.989319 1.995003
1.981946 1.982957 1.992775 0.7123841 1.995308
1.989628 1.992327 1.995615 1.041507 1.985821
1.977309 1.986509 1.996951 1.99861 1.999454
1.992847 1.98713 1.992573 1.991697 1.990864
1.988418 1.993131 1.99001 1.988892 0.5143848
1.080504 1.977275
0.3347101
0.1119499 0.00317678 0.0116565 0.02047431 0.01824693
-0.007681273 -0.01593864 0.2033934 0.02662825 0.01394764
-0.007748759 0.0226238 -0.004144974 0.05624298 0.07413392
0.297871 0.03017664 0.02020508 -0.01994958 -0.2881198
-0.09058587 0.1295965 0.01669685 -0.002381432 -0.002468364
-0.02379102 0.01373706 0.003291052 -0.01213282 0.03371286
-0.01322604 -0.008761366 0.02684484 -0.001583413 -0.009420594
0.005938772 -0.05169769 -0.01424035
0.09332918 0.008796552 0.002155931 0.01563815 -0.005215613
0.003537251 -0.007349031 0.02381364 0.2336094 0.01853044
0.004172708 -0.006944134 -0.00138564 0.009207497 0.1482722
0.02598123 0.03347698 0.005428116 -0.00613254 -0.1333614
-0.02245071 0.01541486 -0.007170376 -0.003301348 0.003257777
-0.02661745 0.001431729 0.02278717 -0.006698318 -0.0007282875
0.004463518 0.0005807536 0.004406033 0.00622879 0.01266829
0.01424042 -0.02753881 0.007996309
1.998024 1.982556 1.9975 1.988321 1.997171
1.988811 0.1875226 1.988042 1.989319 1.995003
1.981946 1.982957 1.992775 1.991399 0.3136421
1.989628 1.992327 1.995615 0.5261991 1.985821
0.8051561 1.986509 1.996951 1.99861 1.999454
1.992847 1.98713 1.992573 1.991697 1.990864
1.988418 1.993131 1.99001 1.988892 1.991554
1.908935 1.977275
1.998024 1.187906 1.9975 1.988321 0.7182915
1.988811 1.997454 0.09543867 1.989319 1.995003
1.981946 1.982957 1.992775 0.7118711 1.995308
1.989628 1.992327 1.995615 1.041111 1.985821
1.977309 1.986509 1.996951 1.99861 1.999454
1.992847 1.98713 1.992573 1.991697 1.990864
1.988418 1.993131 1.99001 1.988892 0.5145135
1.078965 1.977275
0.3346447
0.1119649 0.003179664 0.01165685 0.02047366 0.01824828
-0.007679326 -0.01593798 0.2033796 0.02663167 0.0139471
-0.007749788 0.02262296 -0.004147707 0.05624175 0.07413517
0.2978659 0.03017386 0.0202053 -0.01995425 -0.2881169
-0.09058687 0.1295969 0.01669846 -0.00238242 -0.002468102
-0.02379084 0.0137365 0.003288254 -0.01213292 0.0337107
-0.01322482 -0.008764749 0.02684889 -0.001583227 -0.009420504
0.005941758 -0.05170042 -0.01424104
0.09332776 0.008795982 0.002154467 0.01563989 -0.005214041
0.003541747 -0.007352112 0.02381723 0.2336122 0.01853117
0.004170554 -0.006947842 -0.001382429 0.009207298 0.1482724
0.02597778 0.03347698 0.005430917 -0.00613085 -0.1333668
-0.02244997 0.01541224 -0.007173894 -0.003300014 0.003261823
-0.02661705 0.001435569 0.02278523 -0.006695718 -0.0007299536
0.004460558 0.0005785793 0.004404632 0.006228187 0.01266766
0.01424067 -0.02753697 0.007994624
1.998024 1.982556 1.9975 1.988321 1.997171
1.988811 0.1874829 1.988042 1.989319 1.995003
1.981946 1.982957 1.992775 1.991399 0.3135958
1.989628 1.992327 1.995615 0.5260289 1.985821
0.8051643 1.986509 1.996951 1.99861 1.999454
1.992847 1.98713 1.992573 1.991697 1.990864
1.988418 1.993131 1.99001 1.988892 1.991554
1.908935 1.977275
1.998024 1.186013 1.9975 1.988321 0.7187864
1.988811 1.997454 0.09541878 1.989319 1.995003
1.981946 1.982957 1.992775 0.7122329 1.995308
1.989628 1.992327 1.995615 1.041617 1.985821
1.977309 1.986509 1.996951 1.99861 1.999454
1.992847 1.98713 1.992573 1.991697 1.990864
1.988418 1.993131 1.99001 1.988892 0.5144135
1.080445 1.977275
0.3346334
0.1119641 0.003179193 0.01165725 0.02047373 0.01824862
-0.007679809 -0.0159386 0.20338 0.02663013 0.01394712
-0.007749886 0.02262302 -0.004147674 0.05624139 0.07413451
0.2978686 0.0301749 0.02020612 -0.01995391 -0.2881206
-0.09058673 0.129598 0.01669771 -0.002382353 -0.002467657
-0.02379069 0.01373699 0.003288438 -0.01213265 0.03371179
-0.01322541 -0.008764345 0.02684874 -0.001583279 -0.009420429
0.005941734 -0.05170047 -0.01424083
0.09332612 0.008795845 0.002154819 0.01563878 -0.005215196
0.00354151 -0.007352656 0.02381605 0.233612 0.01853053
0.004169957 -0.00694679 -0.001382245 0.00920767 0.1482729
0.02597844 0.03347608 0.005430401 -0.006130057 -0.1333642
-0.02244945 0.0154138 -0.007172616 -0.003300506 0.003262109
-0.0266174 0.001435533 0.022785 -0.006698825 -0.0007299419
0.00446176 0.0005796352 0.004404953 0.006227874 0.01266871
0.01424125 -0.0275365 0.007995681
1.998024 1.982556 1.9975 1.988321 1.997171
1.988811 0.1874773 1.988042 1.989319 1.995003
1.981946 1.982957 1.992775 1.991399 0.313593
1.989628 1.992327 1.995615 0.5260969 1.985821
0.8051679 1.986509 1.996951 1.99861 1.999454
1.992847 1.98713 1.992573 1.991697 1.990864
1.988418 1.993131 1.99001 1.988892 1.991554
1.908935 1.977275
1.998024 1.185802 1.9975 1.988321 0.7185912
1.988811 1.997454 0.09542201 1.989319 1.995003
1.981946 1.982957 1.992775 0.7120454 1.995308
1.989628 1.992327 1.995615 1.040887 1.985821
1.977309 1.986509 1.996951 1.99861 1.999454
1.992847 1.98713 1.992573 1.991697 1.990864
1.988418 1.993131 1.99001 1.988892 0.5143741
1.080251 1.977275
0.334525
0.1119641 0.003179176 0.01165734 0.02047372 0.01824872
-0.007680076 -0.01593863 0.2033798 0.02662953 0.01394719
-0.007749891 0.02262308 -0.004147843 0.05624118 0.07413429
0.2978692 0.03017532 0.02020643 -0.01995374 -0.288122
-0.09058668 0.1295985 0.01669752 -0.002382406 -0.002467519
-0.02379054 0.01373713 0.003288388 -0.01213265 0.03371216
-0.01322564 -0.008764174 0.02684882 -0.001583427 -0.009420414
0.005941596 -0.05170057 -0.01424071
0.09329634 0.008792648 0.002154246 0.01564176 -0.005215241
0.003549842 -0.007356572 0.02382066 0.2336112 0.01853238
0.004167816 -0.006951723 -0.001374706 0.009210978 0.1482794
0.02597486 0.03347309 0.005433267 -0.006124958 -0.1333649
-0.02244458 0.01541593 -0.007175112 -0.003297683 0.003272018
-0.02661751 0.001439407 0.02277965 -0.006704022 -0.0007317468
0.00445968 0.0005803046 0.004402937 0.006225496 0.01267117
0.01424399 -0.02753206 0.007995439
1.998024 1.982556 1.9975 1.988321 1.997171
1.988811 0.1874752 1.988042 1.989319 1.995003
1.981946 1.982957 1.992775 1.991399 0.3135855
1.989628 1.992327 1.995615 0.5261223 1.985821
0.8051647 1.986509 1.996951 1.99861 1.999454
1.992847 1.98713 1.992573 1.991697 1.990864
1.988418 1.993131 1.99001 1.988892 1.991554
1.908935 1.977275
1.998024 1.18254 1.9975 1.988321 0.7184081
1.988811 1.997454 0.09538151 1.989319 1.995003
1.981946 1.982957 1.992775 0.712879 1.995308
1.989628 1.992327 1.995615 1.039397 1.985821
1.977309 1.986509 1.996951 1.99861 1.999454
1.992847 1.98713 1.992573 1.991697 1.990864
1.988418 1.993131 1.99001 1.988892 0.5145176
1.082697 1.977275
0.3346247
0.1119634 0.003179056 0.01165731 0.02047365 0.01824866
-0.007680002 -0.01593866 0.2033804 0.02662959 0.01394722
-0.007749873 0.0226231 -0.004147698 0.05624129 0.07413425
0.297869 0.03017533 0.02020635 -0.0199536 -0.2881217
-0.09058662 0.1295986 0.01669755 -0.002382408 -0.002467536
-0.02379051 0.01373714 0.003288437 -0.01213264 0.03371211
-0.01322563 -0.008764174 0.02684877 -0.001583437 -0.009420441
0.005941518 -0.05170044 -0.01424073
0.09331349 0.008793543 0.002151342 0.0156395 -0.005214591
0.00354739 -0.007357831 0.02381906 0.2336164 0.01853251
0.004167854 -0.006951233 -0.001376213 0.00920788 0.1482752
0.02597374 0.03347451 0.005433699 -0.006124612 -0.1333687
-0.02244829 0.01541486 -0.007175766 -0.00329932 0.003270212
-0.02661883 0.001440671 0.0227807 -0.006701231 -0.0007314612
0.004461006 0.0005808228 0.004402365 0.006225811 0.0126711
0.01424052 -0.0275312 0.007995094
1.998024 1.982556 1.9975 1.988321 1.997171
1.988811 0.1874766 1.988042 1.989319 1.995003
1.981946 1.982957 1.992775 1.991399 0.3135868
1.989628 1.992327 1.995615 0.5261237 1.985821
0.8051793 1.986509 1.996951 1.99861 1.999454
1.992847 1.98713 1.992573 1.991697 1.990864
1.988418 1.993131 1.99001 1.988892 1.991554
1.908935 1.977275
1.998024 1.181791 1.9975 1.988321 0.718479
1.988811 1.997454 0.09542065 1.989319 1.995003
1.981946 1.982957 1.992775 0.7120985 1.995308
1.989628 1.992327 1.995615 1.040971 1.985821
1.977309 1.986509 1.996951 1.99861 1.999454
1.992847 1.98713 1.992573 1.991697 1.990864
1.988418 1.993131 1.99001 1.988892 0.5143416
1.082223 1.977275
0.3348035
0.1119634 0.00317919 0.01165716 0.02047363 0.01824851
-0.007680014 -0.01593839 0.2033805 0.02662981 0.01394728
-0.007749796 0.02262313 -0.004147757 0.05624135 0.07413439
0.2978682 0.03017521 0.02020616 -0.01995351 -0.2881209
-0.09058661 0.1295985 0.01669773 -0.002382455 -0.002467663
-0.02379047 0.01373701 0.003288389 -0.01213278 0.0337119
-0.01322555 -0.00876415 0.02684879 -0.001583531 -0.009420471
0.005941333 -0.0517004 -0.01424072
0.09337937 0.008794709 0.002154192 0.01564185 -0.005220588
0.003539063 -0.007351139 0.02382324 0.2336152 0.01852657
0.004175922 -0.006960643 -0.001378414 0.009205012 0.1482585
0.02597124 0.03348658 0.005432508 -0.00612531 -0.1333777
-0.0224615 0.01541176 -0.007184737 -0.003297567 0.003262196
-0.02661758 0.001425332 0.02277363 -0.006692968 -0.0007425473
0.004454633 0.0005749182 0.004408737 0.006233214 0.0126598
0.01423246 -0.027535 0.007985942
1.998024 1.982556 1.9975 1.988321 1.997171
1.988811 0.187479 1.988042 1.989319 1.995003
1.981946 1.982957 1.992775 1.991399 0.3135838
1.989628 1.992327 1.995615 0.5261137 1.985821
0.8051757 1.986509 1.996951 1.99861 1.999454
1.992847 1.98713 1.992573 1.991697 1.990864
1.988418 1.993131 1.99001 1.988892 1.991554
1.908935 1.977275
1.998024 1.189108 1.9975 1.988321 0.7180284
1.988811 1.997454 0.09543551 1.989319 1.995003
1.981946 1.982957 1.992775 0.7112366 1.995308
1.989628 1.992327 1.995615 1.04387 1.985821
1.977309 1.986509 1.996951 1.99861 1.999454
1.992847 1.98713 1.992573 1.991697 1.990864
1.988418 1.993131 1.99001 1.988892 0.514212
1.086642 1.977275
0.3346171
0.1119634 0.00317906 0.0116573 0.02047368 0.01824864
-0.007680037 -0.01593864 0.2033804 0.02662958 0.01394721
-0.007749858 0.0226231 -0.004147694 0.05624129 0.07413427
0.2978691 0.03017533 0.02020634 -0.01995359 -0.2881217
-0.09058663 0.1295985 0.01669754 -0.00238239 -0.002467552
-0.02379053 0.01373713 0.003288465 -0.01213265 0.03371212
-0.01322563 -0.008764133 0.02684872 -0.00158343 -0.009420436
0.005941498 -0.05170043 -0.01424072
0.09332371 0.008796585 0.002154011 0.0156381 -0.005214336
0.003539912 -0.007352812 0.02381397 0.2336148 0.0185317
0.004169586 -0.00694503 -0.001383648 0.009206043 0.148272
0.02597824 0.03347639 0.00543109 -0.006129585 -0.1333647
-0.02245034 0.0154146 -0.007171528 -0.003300903 0.003262176
-0.02661773 0.001436967 0.02278538 -0.006698319 -0.0007286855
0.004462011 0.0005807105 0.004405147 0.006227915 0.01266977
0.01423975 -0.02753561 0.007996936
1.998024 1.982556 1.9975 1.988321 1.997171
1.988811 0.1874771 1.988042 1.989319 1.995003
1.981946 1.982957 1.992775 1.991399 0.3135875
1.989628 1.992327 1.995615 0.5261234 1.985821
0.8051744 1.986509 1.996951 1.99861 1.999454
1.992847 1.98713 1.992573 1.991697 1.990864
1.988418 1.993131 1.99001 1.988892 1.991554
1.908935 1.977275
1.998024 1.185044 1.9975 1.988321 0.7186574
1.988811 1.997454 0.09542327 1.989319 1.995003
1.981946 1.982957 1.992775 0.7115976 1.995308
1.989628 1.992327 1.995615 1.041196 1.985821
1.977309 1.986509 1.996951 1.99861 1.999454
1.992847 1.98713 1.992573 1.991697 1.990864
1.988418 1.993131 1.99001 1.988892 0.5144712
1.079852 1.977275
0.3346718
0.111964 0.003179371 0.01165722 0.02047338 0.01824867
-0.007680056 -0.01593829 0.2033795 0.02662948 0.01394742
-0.007749874 0.02262317 -0.004148152 0.05624107 0.07413417
0.2978677 0.03017553 0.02020648 -0.01995354 -0.288122
-0.09058653 0.1295996 0.01669776 -0.00238271 -0.002467483
-0.02379011 0.01373714 0.003287997 -0.01213284 0.03371202
-0.01322572 -0.00876431 0.02684939 -0.001583826 -0.009420502
0.005941258 -0.05170067 -0.01424064
0.09333086 0.008796054 0.002156214 0.01563743 -0.00521457
0.003538144 -0.007350442 0.023814 0.2336065 0.01853059
0.00417349 -0.006943528 -0.001385368 0.009207746 0.1482751
0.02598197 0.03347544 0.005427199 -0.006134894 -0.1333602
-0.02244927 0.01541379 -0.007171018 -0.00330221 0.003257519
-0.02661848 0.00143203 0.02278999 -0.006697878 -0.0007260385
0.004466414 0.0005811322 0.004402609 0.006227979 0.01266855
0.01424143 -0.02753856 0.007995592
1.998024 1.982556 1.9975 1.988321 1.997171
1.988811 0.187474 1.988042 1.989319 1.995003
1.981946 1.982957 1.992775 1.991399 0.3135658
1.989628 1.992327 1.995615 0.5261322 1.985821
0.8052 1.986509 1.996951 1.99861 1.999454
1.992847 1.98713 1.992573 1.991697 1.990864
1.988418 1.993131 1.99001 1.988892 1.991554
1.908935 1.977275
1.998024 1.187717 1.9975 1.988321 0.7181844
1.988811 1.997454 0.09543755 1.989319 1.995003
1.981946 1.982957 1.992775 0.7122855 1.995308
1.989628 1.992327 1.995615 1.04142 1.985821
1.977309 1.986509 1.996951 1.99861 1.999454
1.992847 1.98713 1.992573 1.991697 1.990864
1.988418 1.993131 1.99001 1.988892 0.5142444
1.07762 1.977275
0.3346035
0.1119629 0.003178924 0.01165731 0.02047366 0.01824863
-0.007679999 -0.01593874 0.2033809 0.02662955 0.01394721
-0.007749857 0.02262311 -0.004147555 0.05624137 0.07413421
0.2978692 0.03017538 0.02020633 -0.01995349 -0.2881217
-0.09058659 0.1295986 0.0166975 -0.002382363 -0.00246754
-0.02379053 0.01373717 0.003288542 -0.01213261 0.03371214
-0.01322565 -0.008764111 0.02684864 -0.001583402 -0.009420444
0.005941479 -0.05170033 -0.01424074
0.09331581 0.008797038 0.002155762 0.01563746 -0.005212874
0.003539164 -0.007350999 0.02381237 0.2336093 0.0185319
0.004170168 -0.006940643 -0.001386304 0.009207624 0.1482766
0.02598235 0.03347379 0.005428402 -0.006134359 -0.1333593
-0.02244692 0.01541385 -0.007168123 -0.003302149 0.003258586
-0.02661745 0.001436472 0.02279104 -0.006698187 -0.0007243128
0.004465195 0.0005812345 0.0044036 0.006227025 0.01267057
0.01424306 -0.02753863 0.007998491
1.998024 1.982556 1.9975 1.988321 1.997171
1.988811 0.1874778 1.988042 1.989319 1.995003
1.981946 1.982957 1.992775 1.991399 0.3135901
1.989628 1.992327 1.995615 0.5261271 1.985821
0.8051834 1.986509 1.996951 1.99861 1.999454
1.992847 1.98713 1.992573 1.991697 1.990864
1.988418 1.993131 1.99001 1.988892 1.991554
1.908935 1.977275
1.998024 1.186255 1.9975 1.988321 0.7187158
1.988811 1.997454 0.09542429 1.989319 1.995003
1.981946 1.982957 1.992775 0.7122406 1.995308
1.989628 1.992327 1.995615 1.040657 1.985821
1.977309 1.986509 1.996951 1.99861 1.999454
1.992847 1.98713 1.992573 1.991697 1.990864
1.988418 1.993131 1.99001 1.988892 0.5144321
1.077083 1.977275
0.3344678
0.111965 0.003178841 0.01165754 0.0204742 0.01824884
-0.007679165 -0.0159395 0.2033798 0.02663117 0.01394651
-0.007750099 0.02262268 -0.004146926 0.05624182 0.0741349
0.2978706 0.03017386 0.02020581 -0.01995491 -0.2881192
-0.09058709 0.1295958 0.01669752 -0.002381796 -0.002467727
-0.02379161 0.01373692 0.003289018 -0.01213212 0.03371151
-0.01322494 -0.00876473 0.02684799 -0.001582251 -0.009420279
0.005942974 -0.05170033 -0.01424124
0.09327794 0.00879078 0.002145408 0.01564304 -0.00521276
0.0035551 -0.007365823 0.02382669 0.2336142 0.01853779
0.004164374 -0.006960444 -0.001370613 0.00921012 0.148279
0.02596647 0.03347641 0.005439111 -0.0061159 -0.1333757
-0.02244729 0.01541762 -0.007177389 -0.003294558 0.003286219
-0.02661995 0.001447264 0.02277332 -0.00670167 -0.0007343251
0.0044538 0.000580648 0.004401983 0.006220669 0.01267512
0.0142395 -0.02752558 0.007998419
1.998024 1.982556 1.9975 1.988321 1.997171
1.988811 0.1874766 1.988042 1.989319 1.995003
1.981946 1.982957 1.992775 1.991399 0.3136382
1.989628 1.992327 1.995615 0.526043 1.985821
0.805136 1.986509 1.996951 1.99861 1.999454
1.992847 1.98713 1.992573 1.991697 1.990864
1.988418 1.993131 1.99001 1.988892 1.991554
1.908935 1.977275
1.998024 1.176511 1.9975 1.988321 0.7187544
1.988811 1.997454 0.09537319 1.989319 1.995003
1.981946 1.982957 1.992775 0.7124741 1.985971
1.989628 1.992327 1.995615 1.039871 1.985821
1.977309 1.986509 1.996951 1.99861 1.999454
1.992847 1.98713 1.992573 1.991697 1.990864
1.988418 1.993131 1.99001 1.988892 0.5150802
1.086985 1.977275
0.2274195
0.1900412 -0.001144362 0.01662467 0.03440653 -0.003018204
-0.008127733 -0.0245631 0.1429119 0.02479329 0.008229861
-0.01862714 0.03447549 -0.01522265 0.06485108 0.08051204
0.3188573 0.008943859 0.01233163 -0.04857699 -0.3080828
-0.08395025 0.1295378 0.01144242 -0.00179581 0.01454959
-0.02886732 0.0203495 -0.0006262365 -0.01479164 0.01620681
0.004008524 -0.009853832 0.02411743 0.01416846 0.01459753
-0.01410894 -0.05374474 -0.03699147
0.09564339 0.01550552 0.006814934 0.01082133 0.003636823
-0.002698268 -0.004639881 0.01938363 0.2327753 0.02791642
0.002000665 -0.008355527 -0.01245708 0.005573191 0.1531422
0.02421928 0.0292463 0.003219501 -0.009114845 -0.1228752
-0.02286169 0.02675728 0.003136308 -0.003850189 -0.002615821
-0.03374111 -0.002556908 0.02492318 -0.02048344 0.004247949
0.01004913 0.001475223 0.003409829 -0.00310789 0.003177813
0.01527781 -0.02482011 0.01707946
1.998024 1.982556 1.9975 0.4839497 1.997171
1.988811 1.997454 1.988042 1.989319 1.995003
1.981946 1.982957 1.992775 1.991399 1.995308
1.989628 1.564241 1.995615 1.988922 0.2360284
1.977309 1.986509 1.996951 1.99861 1.929645
1.992847 1.98713 0.7740265 1.991697 1.990864
1.988418 0.454758 0.07908807 1.988892 1.991554
0.2847122 1.977275
1.998024 1.982556 1.9975 1.988321 1.997171
0.1364358 1.997454 1.988042 0.3372297 1.995003
1.981946 1.982957 0.4506441 1.991399 1.995308
1.989628 0.3345558 1.995615 1.988922 1.985821
1.134662 0.5367758 1.996951 1.99861 1.999454
1.992847 0.7346172 1.992573 1.991697 1.990864
1.988418 1.993131 1.99001 1.988892 0.2670255
1.908935 1.977275
0.1001619
0.1119612 0.003178995 0.01165689 0.02047365 0.01824813
-0.007680248 -0.01593809 0.2033825 0.02662972 0.01394745
-0.007749557 0.02262329 -0.004147472 0.0562416 0.07413441
0.2978677 0.03017539 0.02020585 -0.01995277 -0.2881201
-0.09058646 0.1295982 0.0166978 -0.002382408 -0.002467877
-0.02379043 0.01373691 0.003288669 -0.01213296 0.03371185
-0.01322557 -0.008763704 0.02684832 -0.001583698 -0.009420535
0.005940678 -0.05169999 -0.01424062
0.09345125 0.01472173 0.006802305 0.01129481 0.002082027
-0.001439441 -0.001243126 0.01996689 0.2302616 0.02654505
0.004784692 -0.006531482 -0.01418195 0.005222746 0.1489493
0.02111225 0.02486208 0.004973192 -0.005760432 -0.1209665
-0.02753865 0.02627019 0.002550923 -0.003707593 0.003160695
-0.03280401 -0.0004499914 0.01927008 -0.01581833 0.003043901
0.009298434 0.005049334 0.003388958 -0.001890971 0.009502105
0.01021562 -0.02172792 0.01536723
1.998024 1.982556 1.9975 1.988321 1.997171
1.988811 0.1874877 1.988042 1.989319 1.995003
1.981946 1.982957 1.992775 1.991399 0.3135853
1.989628 1.992327 1.995615 0.5261213 1.985821
0.8051746 1.986509 1.996951 1.99861 1.999454
1.992847 1.98713 1.992573 1.991697 1.990864
1.988418 1.993131 1.99001 1.988892 1.991554
1.908935 1.977275
1.998024 1.982556 1.9975 1.988321 1.997171
1.988811 1.997454 1.988042 1.989319 1.995003
1.981946 1.982957 0.02277937 1.991399 1.791356
1.989628 1.992327 1.995615 1.988922 1.985821
1.977309 0.2975359 1.996951 1.99861 1.999454
1.992847 1.98713 0.1630232 1.991697 1.990864
1.988418 1.993131 0.4651486 0.25417 1.991554
1.908935 0.4882309
0.3370698
0.1119667 0.003179427 0.01165767 0.02047486 0.01824898
-0.007681615 -0.01593867 0.2033777 0.02662753 0.01394702
-0.007749764 0.02262312 -0.004148428 0.05624026 0.07413426
0.2978743 0.03017614 0.02020724 -0.01995374 -0.2881264
-0.09058704 0.1295963 0.01669651 -0.002381938 -0.002467369
-0.02379115 0.01373719 0.003288939 -0.01213258 0.0337137
-0.01322616 -0.008762946 0.02684775 -0.001583238 -0.00942011
0.005941596 -0.05170104 -0.01424019
0.0933078 0.00879413 0.002153015 0.01563903 -0.005213745
0.003544972 -0.007354248 0.02381703 0.233611 0.01853264
0.004169628 -0.006946936 -0.001379728 0.009209351 0.1482783
0.02597822 0.03347304 0.005430519 -0.006129229 -0.1333635
-0.02244625 0.01541477 -0.007171996 -0.00330049 0.003265307
-0.02661841 0.001438328 0.02278576 -0.006700786 -0.0007276505
0.004463843 0.000581612 0.004402177 0.00622555 0.01267142
0.01424276 -0.02753497 0.007996577
1.998024 1.982556 1.9975 1.988321 1.997171
1.988811 0.1874729 1.988042 1.989319 1.995003
1.981946 1.982957 1.992775 1.991399 0.3135933
1.989628 1.992327 1.995615 0.5261687 1.985821
0.8049869 1.986509 1.996951 1.99861 1.999454
1.992847 1.98713 1.992573 1.991697 1.990864
1.988418 1.993131 1.99001 1.988892 1.991554
1.908935 1.977275
1.998024 1.183822 1.9975 1.988321 0.7183945
1.988811 1.997454 0.09543372 1.989319 1.995003
1.981946 1.982957 1.992775 0.7125522 1.995308
1.989628 1.992327 1.995615 1.040643 1.985821
1.977309 1.986509 1.996951 1.99861 1.999454
1.992847 1.98713 1.992573 1.991697 1.990864
1.988418 1.993131 1.99001 1.988892 0.5144355
1.079668 1.977275
0.3370145
0.1119636 0.003178973 0.01165748 0.02047359 0.01824885
-0.007680081 -0.01593888 0.2033801 0.02662913 0.01394722
-0.007749958 0.0226231 -0.004147793 0.05624112 0.07413401
0.2978697 0.03017565 0.02020669 -0.01995363 -0.2881231
-0.09058658 0.1295993 0.01669734 -0.002382454 -0.002467338
-0.02379039 0.01373733 0.003288361 -0.01213254 0.03371243
-0.01322583 -0.008764183 0.02684894 -0.001583485 -0.00942042
0.005941602 -0.05170056 -0.01424069
0.09330723 0.008794286 0.002155105 0.0156381 -0.00521284
0.003542353 -0.007353109 0.0238149 0.2336056 0.01853323
0.00417262 -0.006943713 -0.001382221 0.009209162 0.1482813
0.02598104 0.03347214 0.005428255 -0.006133489 -0.1333593
-0.02244535 0.01541534 -0.007170836 -0.003301659 0.003262741
-0.02661951 0.001435811 0.02278996 -0.006700581 -0.0007235533
0.004468046 0.0005832744 0.004399246 0.006225582 0.01267173
0.01424309 -0.02753566 0.007996701
1.998024 1.982556 1.9975 1.988321 1.997171
1.988811 0.1874726 1.988042 1.989319 1.995003
1.981946 1.982957 1.992775 1.991399 0.3135822
1.989628 1.992327 1.995615 0.5261453 1.985821
0.8051893 1.986509 1.996951 1.99861 1.999454
1.992847 1.98713 1.992573 1.991697 1.990864
1.988418 1.993131 1.99001 1.988892 1.991554
1.908935 1.977275
1.998024 1.185053 1.9975 1.988321 0.7180142
1.988811 1.997454 0.09542392 1.989319 1.995003
1.981946 1.982957 1.992775 0.712806 1.995308
1.989628 1.992327 1.995615 1.040876 1.985821
1.977309 1.986509 1.996951 1.99861 1.999454
1.992847 1.98713 1.992573 1.991697 1.990864
1.988418 1.993131 1.99001 1.988892 0.5143099
1.077313 1.977275
0.337
0.1119634 0.003179038 0.01165731 0.02047372 0.01824864
-0.00768006 -0.01593867 0.2033805 0.02662955 0.0139472
-0.007749855 0.0226231 -0.004147668 0.0562413 0.07413427
0.2978692 0.03017533 0.02020634 -0.01995358 -0.2881218
-0.09058664 0.1295984 0.0166975 -0.002382361 -0.002467554
-0.02379057 0.01373713 0.003288509 -0.01213264 0.03371215
-0.01322563 -0.008764099 0.02684865 -0.0015834 -0.009420427
0.005941512 -0.05170042 -0.01424072
0.09332212 0.008794501 0.002154423 0.01564139 -0.005213593
0.003545487 -0.007353858 0.02382036 0.2336103 0.01853164
0.004170655 -0.006950862 -0.001379192 0.009208644 0.1482752
0.02597622 0.03347606 0.005431738 -0.006130271 -0.1333682
-0.02244821 0.01541151 -0.007176474 -0.003298944 0.003265108
-0.02661728 0.001436339 0.02278401 -0.006695881 -0.0007305851
0.004460105 0.0005779737 0.004402452 0.006227389 0.01266749
0.01424179 -0.02753562 0.007993006
1.998024 1.982556 1.9975 1.988321 1.997171
1.988811 0.1874773 1.988042 1.989319 1.995003
1.981946 1.982957 1.992775 1.991399 0.3135892
1.989628 1.992327 1.995615 0.5261237 1.985821
0.80517 1.986509 1.996951 1.99861 1.999454
1.992847 1.98713 1.992573 1.991697 1.990864
1.988418 1.993131 1.99001 1.988892 1.991554
1.908935 1.977275
1.998024 1.185182 1.9975 1.988321 0.7187326
1.988811 1.997454 0.09540212 1.989319 1.995003
1.981946 1.982957 1.992775 0.7128484 1.995308
1.989628 1.992327 1.995615 1.041588 1.985821
1.977309 1.986509 1.996951 1.99861 1.999454
1.992847 1.98713 1.992573 1.991697 1.990864
1.988418 1.993131 1.99001 1.988892 0.5143241
1.081227 1.977275
0.3370389
0.1119694 0.003180357 0.01165731 0.0204742 0.01824891
-0.00768053 -0.0159379 0.2033752 0.02662968 0.01394708
-0.007749912 0.02262296 -0.004149019 0.05624042 0.07413489
0.2978694 0.03017483 0.02020655 -0.01995475 -0.2881223
-0.09058715 0.1295968 0.01669772 -0.002382471 -0.002467639
-0.02379081 0.01373673 0.003287909 -0.01213293 0.03371208
-0.01322544 -0.008764246 0.02684923 -0.001583457 -0.009420272
0.005941973 -0.05170147 -0.01424054
0.09331497 0.008795236 0.002154681 0.01564025 -0.005213963
0.003542248 -0.007351606 0.0238168 0.2336105 0.01853226
0.004171151 -0.006947153 -0.001381891 0.00920839 0.1482752
0.02597846 0.03347577 0.005430537 -0.006130472 -0.1333646
-0.02244839 0.01541411 -0.007172672 -0.003299742 0.003263074
-0.02661733 0.001435461 0.02278515 -0.00669788 -0.0007287172
0.004461544 0.0005801554 0.004404188 0.006227465 0.01266913
0.01424137 -0.02753648 0.007995626
1.998024 1.982556 1.9975 1.988321 1.997171
1.988811 0.187469 1.988042 1.989319 1.995003
1.981946 1.982957 1.992775 1.991399 0.3135725
1.989628 1.992327 1.995615 0.5260844 1.985821
0.8050504 1.986509 1.996951 1.99861 1.999454
1.992847 1.98713 1.992573 1.991697 1.990864
1.988418 1.993131 1.99001 1.988892 1.991554
1.908935 1.977275
1.998024 1.185671 1.9975 1.988321 0.7185212
1.988811 1.997454 0.09541593 1.989319 1.995003
1.981946 1.982957 1.992775 0.712407 1.995308
1.989628 1.992327 1.995615 1.041089 1.985821
1.977309 1.986509 1.996951 1.99861 1.999454
1.992847 1.98713 1.992573 1.991697 1.990864
1.988418 1.993131 1.99001 1.988892 0.5145698
1.080168 1.977275
0.3293405
0.1119642 0.003179393 0.01165712 0.02047384 0.01824849
-0.007680211 -0.01593822 0.2033798 0.02662979 0.01394725
-0.007749748 0.02262313 -0.004147925 0.05624123 0.07413455
0.2978685 0.03017512 0.02020613 -0.01995362 -0.2881209
-0.09058673 0.1295977 0.01669772 -0.002382392 -0.002467742
-0.02379062 0.0137369 0.003288425 -0.01213285 0.03371193
-0.0132255 -0.008764013 0.02684865 -0.001583496 -0.009420428
0.005941339 -0.05170051 -0.01424066
0.08380967 0.008772342 0.001665673 0.01618139 -0.003811895
0.002606995 -0.004568217 0.02331605 0.2361312 0.02024281
0.003440506 -0.005645662 -0.003307449 0.009435498 0.1488133
0.02523749 0.03246407 0.004128348 -0.005466121 -0.1325855
-0.02200174 0.01598781 -0.003866894 -0.003149158 0.003234238
-0.02667755 0.001310065 0.02363283 -0.007416066 0.0009684513
0.004412101 0.002069087 0.005702551 0.005998645 0.0149775
0.01282387 -0.02740536 0.01098556
1.998024 1.982556 1.9975 1.988321 1.997171
1.988811 0.1874797 1.988042 1.989319 1.995003
1.981946 1.982957 1.992775 1.991399 0.313585
1.989628 1.992327 1.995615 0.5261057 1.985821
0.8051379 1.986509 1.996951 1.99861 1.999454
1.992847 1.98713 1.992573 1.991697 1.990864
1.988418 1.993131 1.99001 1.988892 1.991554
1.908935 1.977275
1.958182 0.8887741 1.9975 1.988321 0.7390533
1.988811 1.997454 0.09475301 1.989319 1.995003
1.001644 1.982957 1.992775 0.610303 1.995308
1.989628 1.992327 1.995615 0.8846322 1.985821
1.977309 1.986509 1.996951 1.99861 1.999454
1.992847 1.98713 1.992573 1.991697 1.990864
1.988418 1.993131 1.99001 1.988892 1.94679
0.766866 1.977275
0.3370441
0.111963 0.003179047 0.01165723 0.02047359 0.01824856
-0.007680013 -0.01593855 0.2033808 0.02662963 0.01394728
-0.007749823 0.02262314 -0.004147671 0.05624135 0.07413426
0.2978686 0.03017536 0.02020627 -0.01995344 -0.2881214
-0.09058657 0.1295987 0.01669762 -0.002382444 -0.002467587
-0.02379044 0.01373711 0.003288433 -0.01213271 0.03371203
-0.01322563 -0.008764128 0.02684877 -0.001583521 -0.00942047
0.005941346 -0.05170036 -0.01424072
0.0932993 0.008797104 0.002157024 0.01563642 -0.005214297
0.00353607 -0.007347877 0.02380831 0.2336071 0.01853247
0.004171154 -0.006936247 -0.001388542 0.009208912 0.1482788
0.02598578 0.03347242 0.005426274 -0.006134158 -0.1333523
-0.02244564 0.01541856 -0.00716282 -0.003302751 0.003257078
-0.02661751 0.001434357 0.02279172 -0.006703497 -0.000722127
0.004467525 0.0005846755 0.004405789 0.006226711 0.01267323
0.01424386 -0.0275396 0.008002078
1.998024 1.982556 1.9975 1.988321 1.997171
1.988811 0.1874783 1.988042 1.989319 1.995003
1.981946 1.982957 1.992775 1.991399 0.3135847
1.989628 1.992327 1.995615 0.5261242 1.985821
0.805186 1.986509 1.996951 1.99861 1.999454
1.992847 1.98713 1.992573 1.991697 1.990864
1.988418 1.993131 1.99001 1.988892 1.991554
1.908935 1.977275
1.998024 1.187051 1.9975 1.988321 0.7181822
1.988811 1.997454 0.09543523 1.989319 1.995003
1.981946 1.982957 1.992775 0.7119371 1.995308
1.989628 1.992327 1.995615 1.039216 1.985821
1.977309 1.986509 1.996951 1.99861 1.999454
1.992847 1.98713 1.992573 1.991697 1.990864
1.988418 1.993131 1.99001 1.988892 0.5147941
1.075924 1.977275
0.3369778
0.1119633 0.003179151 0.01165711 0.02047387 0.01824841
-0.007680066 -0.0159384 0.2033808 0.02663 0.01394718
-0.007749731 0.02262311 -0.004147572 0.05624147 0.07413458
0.2978687 0.03017498 0.02020596 -0.01995354 -0.2881203
-0.09058671 0.1295975 0.0166977 -0.002382267 -0.002467802
-0.02379076 0.01373689 0.003288653 -0.01213276 0.03371184
-0.01322542 -0.008763994 0.02684835 -0.001583328 -0.009420433
0.005941389 -0.05170028 -0.01424074
0.09331894 0.008795291 0.002154414 0.01563986 -0.005211932
0.00354533 -0.007354486 0.02381848 0.2336096 0.01853193
0.004169299 -0.006947066 -0.001381086 0.009208588 0.1482777
0.02597833 0.03347379 0.00543073 -0.006132898 -0.1333655
-0.02244602 0.01541045 -0.007173907 -0.003300443 0.003263217
-0.02661742 0.00143869 0.02278842 -0.006695547 -0.0007271517
0.004462588 0.0005784264 0.004400894 0.006226316 0.01266884
0.01424373 -0.02753675 0.007994755
1.998024 1.982556 1.9975 1.988321 1.997171
1.988811 0.1874824 1.988042 1.989319 1.995003
1.981946 1.982957 1.992775 1.991399 0.3135958
1.989628 1.992327 1.995615 0.5260994 1.985821
0.8051455 1.986509 1.996951 1.99861 1.999454
1.992847 1.98713 1.992573 1.991697 1.990864
1.988418 1.993131 1.99001 1.988892 1.991554
1.908935 1.977275
1.998024 1.184798 1.9975 1.988321 0.7189957
1.988811 1.997454 0.09540803 1.989319 1.995003
1.981946 1.982957 1.992775 0.7130198 1.995308
1.989628 1.992327 1.995615 1.041386 1.985821
1.977309 1.986509 1.996951 1.99861 1.999454
1.992847 1.98713 1.992573 1.991697 1.990864
1.988418 1.993131 1.99001 1.988892 0.5141891
1.079069 1.977275
0.3370431
0.111963 0.003179315 0.01165698 0.02047375 0.0182483
-0.007680353 -0.01593801 0.2033808 0.02662963 0.0139474
-0.00774963 0.02262324 -0.004147864 0.0562413 0.07413448
0.297868 0.03017534 0.02020604 -0.01995316 -0.2881208
-0.0905866 0.129598 0.01669778 -0.002382452 -0.002467809
-0.02379046 0.01373688 0.003288466 -0.01213298 0.03371194
-0.01322558 -0.008763802 0.02684857 -0.0015837 -0.009420482
0.005940907 -0.05170033 -0.01424058
0.09332943 0.008795188 0.002155456 0.01564123 -0.005217393
0.00354373 -0.007352006 0.02381969 0.2336125 0.0185289
0.00416935 -0.006951691 -0.001379429 0.009209084 0.1482703
0.02597622 0.0334781 0.005431712 -0.006127115 -0.133367
-0.02245038 0.01541339 -0.007175311 -0.003298324 0.003264076
-0.02661583 0.001433833 0.02277977 -0.006699186 -0.0007353112
0.004456896 0.0005770353 0.004408114 0.006228968 0.0126664
0.01424145 -0.02753678 0.007993742
1.998024 1.982556 1.9975 1.988321 1.997171
1.988811 0.1874833 1.988042 1.989319 1.995003
1.981946 1.982957 1.992775 1.991399 0.3135798
1.989628 1.992327 1.995615 0.5261171 1.985821
0.8051484 1.986509 1.996951 1.99861 1.999454
1.992847 1.98713 1.992573 1.991697 1.990864
1.988418 1.993131 1.99001 1.988892 1.991554
1.908935 1.977275
1.998024 1.186528 1.9975 1.988321 0.7186995
1.988811 1.997454 0.09540764 1.989319 1.995003
1.981946 1.982957 1.992775 0.71219 1.995308
1.989628 1.992327 1.995615 1.040396 1.985821
1.977309 1.986509 1.996951 1.99861 1.999454
1.992847 1.98713 1.992573 1.991697 1.990864
1.988418 1.993131 1.99001 1.988892 0.5144991
1.08319 1.977275
0.3370592
0.1119634 0.003179059 0.0116573 0.02047368 0.01824864
-0.007680038 -0.01593864 0.2033804 0.02662957 0.01394721
-0.007749858 0.0226231 -0.004147694 0.05624129 0.07413427
0.2978691 0.03017533 0.02020634 -0.01995358 -0.2881217
-0.09058663 0.1295985 0.01669754 -0.00238239 -0.002467552
-0.02379053 0.01373713 0.003288466 -0.01213265 0.03371212
-0.01322563 -0.008764132 0.02684872 -0.00158343 -0.009420436
0.005941498 -0.05170043 -0.01424072
0.09331029 0.008794258 0.002154176 0.01563963 -0.005214735
0.003544217 -0.007353057 0.0238173 0.23361 0.0185319
0.004170267 -0.006947555 -0.001379971 0.009209644 0.1482772
0.02597842 0.03347405 0.005430286 -0.006129217 -0.1333631
-0.02244687 0.01541506 -0.007172298 -0.003299968 0.003264722
-0.02661786 0.001436389 0.02278466 -0.006700982 -0.0007289129
0.004462761 0.0005810074 0.004403478 0.00622638 0.01267039
0.01424267 -0.02753563 0.0079961
1.998024 1.982556 1.9975 1.988321 1.997171
1.988811 0.187477 1.988042 1.989319 1.995003
1.981946 1.982957 1.992775 1.991399 0.3135875
1.989628 1.992327 1.995615 0.5261234 1.985821
0.8051743 1.986509 1.996951 1.99861 1.999454
1.992847 1.98713 1.992573 1.991697 1.990864
1.988418 1.993131 1.99001 1.988892 1.991554
1.908935 1.977275
1.998024 1.184822 1.9975 1.988321 0.7183346
1.988811 1.997454 0.09542484 1.989319 1.995003
1.981946 1.982957 1.992775 0.7125369 1.995308
1.989628 1.992327 1.995615 1.040423 1.985821
1.977309 1.986509 1.996951 1.99861 1.999454
1.992847 1.98713 1.992573 1.991697 1.990864
1.988418 1.993131 1.99001 1.988892 0.5144918
1.08023 1.977275
0.3370226
0.1119637 0.0031791 0.01165729 0.02047371 0.01824864
-0.007679965 -0.01593864 0.2033802 0.02662975 0.01394717
-0.007749871 0.02262307 -0.004147684 0.05624132 0.07413435
0.297869 0.03017519 0.02020628 -0.01995371 -0.2881214
-0.09058667 0.1295983 0.01669758 -0.002382368 -0.002467584
-0.0237906 0.01373708 0.003288466 -0.01213264 0.03371202
-0.01322556 -0.0087642 0.02684871 -0.001583366 -0.009420429
0.005941595 -0.05170045 -0.01424076
0.09333736 0.00879464 0.002153465 0.0156397 -0.005217327
0.003542757 -0.007355248 0.02381873 0.2336163 0.01853007
0.004170519 -0.006953009 -0.001378207 0.009206133 0.1482684
0.02597341 0.03347912 0.005433225 -0.006124823 -0.1333701
-0.02245341 0.01541491 -0.007177939 -0.003298904 0.003266965
-0.02661833 0.001434768 0.02277807 -0.00669951 -0.000735192
0.004458915 0.0005792226 0.00440543 0.00622899 0.01266737
0.01423731 -0.02753229 0.007992746
1.998024 1.982556 1.9975 1.988321 1.997171
1.988811 0.187477 1.988042 1.989319 1.995003
1.981946 1.982957 1.992775 1.991399 0.3135899
1.989628 1.992327 1.995615 0.5261145 1.985821
0.8051706 1.986509 1.996951 1.99861 1.999454
1.992847 1.98713 1.992573 1.991697 1.990864
1.988418 1.993131 1.99001 1.988892 1.991554
1.908935 1.977275
1.998024 1.184632 1.9975 1.988321 0.7182721
1.988811 1.997454 0.09541312 1.989319 1.995003
1.981946 1.982957 1.992775 0.7114669 1.995308
1.989628 1.992327 1.995615 1.041601 1.985821
1.977309 1.986509 1.996951 1.99861 1.999454
1.992847 1.98713 1.992573 1.991697 1.990864
1.988418 1.993131 1.99001 1.988892 0.5143118
1.083605 1.977275
0.3293727
0.1119641 0.003179252 0.01165728 0.02047372 0.01824866
-0.007680211 -0.01593846 0.2033798 0.02662941 0.01394726
-0.007749838 0.02262313 -0.004147945 0.05624112 0.07413429
0.297869 0.03017542 0.02020643 -0.0199536 -0.2881221
-0.09058666 0.1295985 0.01669755 -0.002382448 -0.002467548
-0.02379048 0.01373709 0.003288353 -0.01213274 0.03371219
-0.01322568 -0.008764066 0.02684883 -0.001583543 -0.009420425
0.005941414 -0.05170058 -0.01424064
0.08383816 0.008744317 0.0016506 0.01619142 -0.003800239
0.002648065 -0.004578822 0.02332207 0.2361469 0.02026622
0.003429402 -0.005641884 -0.003308135 0.009447623 0.14878
0.02518297 0.03246045 0.004129915 -0.005448021 -0.1325904
-0.02202286 0.01599387 -0.003870076 -0.003143728 0.003248254
-0.02665865 0.001307868 0.0236397 -0.007434682 0.0009787279
0.004406442 0.002067866 0.00568824 0.005989887 0.01500915
0.01276314 -0.02737481 0.01100725
1.998024 1.982556 1.9975 1.988321 1.997171
1.988811 0.1874761 1.988042 1.989319 1.995003
1.981946 1.982957 1.992775 1.991399 0.313581
1.989628 1.992327 1.995615 0.5261266 1.985821
0.8051588 1.986509 1.996951 1.99861 1.999454
1.992847 1.98713 1.992573 1.991697 1.990864
1.988418 1.993131 1.99001 1.988892 1.991554
1.908935 1.977275
1.997525 0.8812807 1.9975 1.988321 0.7417545
1.988811 1.997454 0.09461428 1.989319 1.995003
0.9938516 1.982957 1.992775 0.6085697 1.995308
1.989628 1.992327 1.995615 0.8855703 1.985821
1.977309 1.986509 1.996951 1.99861 1.999454
1.992847 1.98713 1.992573 1.991697 1.990864
1.988418 1.993131 1.99001 1.988892 1.991454
0.7689669 1.977275
0.5067027
0.111965 0.003179998 0.01165645 0.0204735 0.01824792
-0.007678911 -0.0159374 0.2033797 0.02663294 0.01394715
-0.007749671 0.02262295 -0.004147683 0.05624211 0.07413568
0.2978633 0.03017308 0.02020456 -0.01995436 -0.2881136
-0.09058691 0.1295962 0.01669914 -0.002382526 -0.00246849
-0.02379085 0.01373609 0.003288088 -0.0121332 0.03370975
-0.01322435 -0.008765059 0.02684905 -0.001583279 -0.009420602
0.005941608 -0.05170028 -0.0142412
0.07219754 0.006877496 0.002382692 0.0153778 -0.004419112
0.004727141 -0.00543924 0.05333267 0.229842 0.0172253
0.003780333 -0.003660112 0.003068668 0.0105263 0.1489859
0.02058038 0.03097815 0.00480364 -4.512542e-05 -0.1354886
-0.02153269 0.01624733 -0.006406056 -7.626985e-05 0.002563153
-0.03056117 0.002727089 0.02378715 -0.007599579 0.004573997
0.00230726 0.002228226 -0.0004948473 0.009221085 0.01119848
0.01295775 -0.02364984 0.01066477
1.998024 1.982556 1.9975 1.988321 1.997171
1.988811 0.1874889 1.988042 1.989319 1.995003
1.981946 1.982957 1.992775 1.991399 0.3135953
1.989628 1.992327 1.995615 0.5259765 1.985821
0.8051755 1.986509 1.996951 1.99861 1.999454
1.992847 1.98713 1.992573 1.991697 1.990864
1.988418 1.993131 1.99001 1.988892 1.991554
1.908935 1.977275
1.998024 1.015215 1.9975 1.988321 0.7396324
1.988811 0.3331903 0.18728 1.989319 1.995003
0.7514085 1.982957 1.992775 1.991399 1.995308
1.989628 1.992327 1.956129 1.363805 1.295165
1.977309 1.986509 1.996951 1.99861 1.999454
1.992847 1.98713 1.992573 1.991697 1.990864
1.988418 1.993131 1.99001 1.988892 1.991554
1.908935 1.977275
0.3351666
0.1119693 0.003179894 0.01165777 0.02047491 0.01824922
-0.00768152 -0.01593858 0.2033754 0.02662778 0.01394692
-0.007749905 0.022623 -0.00414892 0.05623995 0.07413444
0.2978742 0.03017583 0.02020739 -0.01995445 -0.2881266
-0.09058723 0.1295961 0.01669661 -0.00238203 -0.002467305
-0.02379119 0.01373711 0.003288582 -0.01213259 0.03371357
-0.01322605 -0.008763301 0.02684823 -0.00158319 -0.009420057
0.005942047 -0.05170152 -0.01424022
0.09331199 0.008793829 0.002152899 0.01564051 -0.005214229
0.003545589 -0.00735468 0.02381888 0.2336127 0.01853271
0.004170095 -0.006950267 -0.001378169 0.009208616 0.1482759
0.0259757 0.03347513 0.005432212 -0.006127302 -0.1333672
-0.02244811 0.01541456 -0.007174967 -0.003299121 0.003267442
-0.02661819 0.001437702 0.02278235 -0.006699518 -0.0007303194
0.004461137 0.0005805299 0.004402826 0.006226497 0.01267001
0.01424094 -0.02753355 0.007994793
1.998024 1.982556 1.9975 1.988321 1.997171
1.988811 0.1874665 1.988042 1.989319 1.995003
1.981946 1.982957 1.992775 1.991399 0.313587
1.989628 1.992327 1.995615 0.5261495 1.985821
0.8049658 1.986509 1.996951 1.99861 1.999454
1.992847 1.98713 1.992573 1.991697 1.990864
1.988418 1.993131 1.99001 1.988892 1.991554
1.908935 1.977275
1.998024 1.183672 1.9975 1.988321 0.7184054
1.988811 1.997454 0.09541723 1.989319 1.995003
1.981946 1.982957 1.992775 0.7124242 1.995308
1.989628 1.992327 1.995615 1.04112 1.985821
1.977309 1.986509 1.996951 1.99861 1.999454
1.992847 1.98713 1.992573 1.991697 1.990864
1.988418 1.993131 1.99001 1.988892 0.5144831
1.081497 1.977275
0.3351133
0.111964 0.003179267 0.01165723 0.02047366 0.01824862
-0.00768001 -0.01593845 0.2033798 0.02662978 0.01394723
-0.00774985 0.0226231 -0.004147865 0.05624125 0.07413439
0.2978685 0.03017518 0.02020626 -0.01995371 -0.2881213
-0.09058667 0.1295984 0.01669769 -0.002382455 -0.00246761
-0.02379051 0.01373703 0.003288327 -0.01213274 0.03371195
-0.01322555 -0.008764223 0.02684888 -0.001583487 -0.009420445
0.005941497 -0.05170054 -0.01424073
0.09329822 0.008792867 0.002151378 0.01564417 -0.005212496
0.003548713 -0.007355507 0.02382205 0.2336162 0.01853568
0.004170053 -0.006954837 -0.001375034 0.009208067 0.1482757
0.02597131 0.03347677 0.005435978 -0.006123825 -0.1333738
-0.02244859 0.01541454 -0.007178558 -0.003296275 0.003273279
-0.02661767 0.00144 0.02277762 -0.00669681 -0.0007321848
0.004456443 0.0005797681 0.004402795 0.006226557 0.0126698
0.01423888 -0.02753057 0.007993379
1.998024 1.982556 1.9975 1.988321 1.997171
1.988811 0.1874768 1.988042 1.989319 1.995003
1.981946 1.982957 1.992775 1.991399 0.3135834
1.989628 1.992327 1.995615 0.5261125 1.985821
0.8051688 1.986509 1.996951 1.99861 1.999454
1.992847 1.98713 1.992573 1.991697 1.990864
1.988418 1.993131 1.99001 1.988892 1.991554
1.908935 1.977275
1.998024 1.181821 1.9975 1.988321 0.7186084
1.988811 1.997454 0.09538519 1.989319 1.995003
1.981946 1.982957 1.992775 0.7125789 1.995308
1.989628 1.992327 1.995615 1.04186 1.985821
1.977309 1.986509 1.996951 1.99861 1.999454
1.992847 1.98713 1.992573 1.991697 1.990864
1.988418 1.993131 1.99001 1.988892 0.5148226
1.084048 1.977275
0.3351766
0.1119624 0.003178805 0.0116573 0.02047373 0.01824857
-0.007679983 -0.01593882 0.2033814 0.02662961 0.01394717
-0.007749831 0.02262311 -0.004147375 0.05624149 0.07413424
0.2978694 0.03017532 0.02020624 -0.01995343 -0.2881215
-0.09058659 0.1295983 0.01669746 -0.002382271 -0.002467585
-0.02379064 0.01373715 0.0032887 -0.01213257 0.03371214
-0.01322561 -0.008764039 0.02684841 -0.001583303 -0.009420437
0.005941488 -0.05170021 -0.01424077
0.09332019 0.0087953 0.002154481 0.01563952 -0.005214308
0.003542132 -0.007352251 0.02381669 0.2336109 0.01853163
0.00417091 -0.006947144 -0.001381853 0.009208136 0.1482746
0.02597844 0.03347571 0.005430334 -0.006130519 -0.1333646
-0.02244877 0.01541381 -0.007172872 -0.003300213 0.003262657
-0.02661762 0.001435511 0.02278543 -0.006698103 -0.0007289521
0.004462143 0.0005800773 0.004403926 0.006227456 0.01266901
0.01424129 -0.0275364 0.007995428
1.998024 1.982556 1.9975 1.988321 1.997171
1.988811 0.1874796 1.988042 1.989319 1.995003
1.981946 1.982957 1.992775 1.991399 0.3135967
1.989628 1.992327 1.995615 0.5261242 1.985821
0.8051793 1.986509 1.996951 1.99861 1.999454
1.992847 1.98713 1.992573 1.991697 1.990864
1.988418 1.993131 1.99001 1.988892 1.991554
1.908935 1.977275
1.998024 1.185643 1.9975 1.988321 0.7185085
1.988811 1.997454 0.09542276 1.989319 1.995003
1.981946 1.982957 1.992775 0.7123136 1.995308
1.989628 1.992327 1.995615 1.041157 1.985821
1.977309 1.986509 1.996951 1.99861 1.999454
1.992847 1.98713 1.992573 1.991697 1.990864
1.988418 1.993131 1.99001 1.988892 0.5144516
1.080043 1.977275
0.3351824
0.1119633 0.00317904 0.01165731 0.0204737 0.01824865
-0.007680087 -0.01593866 0.2033805 0.02662948 0.01394722
-0.007749853 0.02262311 -0.004147697 0.05624127 0.07413424
0.2978692 0.0301754 0.02020638 -0.01995355 -0.2881219
-0.09058662 0.1295986 0.0166975 -0.002382384 -0.002467537
-0.02379053 0.01373715 0.003288484 -0.01213265 0.03371218
-0.01322567 -0.008764086 0.02684869 -0.00158344 -0.009420431
0.005941473 -0.05170043 -0.0142407
0.09332083 0.008794872 0.002154825 0.01563955 -0.005214728
0.003542182 -0.007352159 0.02381703 0.2336095 0.01853144
0.004171736 -0.006947609 -0.001381429 0.00920854 0.1482752
0.02597861 0.03347564 0.005429884 -0.006130713 -0.133364
-0.02244872 0.01541415 -0.007173277 -0.003300198 0.003262718
-0.02661793 0.001434463 0.02278531 -0.006698712 -0.0007290192
0.004462793 0.0005803516 0.004403427 0.00622746 0.01266887
0.01424135 -0.0275363 0.007994959
1.998024 1.982556 1.9975 1.988321 1.997171
1.988811 0.187477 1.988042 1.989319 1.995003
1.981946 1.982957 1.992775 1.991399 0.3135873
1.989628 1.992327 1.995615 0.5261273 1.985821
0.8051723 1.986509 1.996951 1.99861 1.999454
1.992847 1.98713 1.992573 1.991697 1.990864
1.988418 1.993131 1.99001 1.988892 1.991554
1.908935 1.977275
1.998024 1.185925 1.9975 1.988321 0.7183254
1.988811 1.997454 0.0954232 1.989319 1.995003
1.981946 1.982957 1.992775 0.71241 1.995308
1.989628 1.992327 1.995615 1.04113 1.985821
1.977309 1.986509 1.996951 1.99861 1.999454
1.992847 1.98713 1.992573 1.991697 1.990864
1.988418 1.993131 1.99001 1.988892 0.5144158
1.080039 1.977275
0.335152
0.111961 0.003178689 0.01165709 0.02047298 0.01824842
-0.007678981 -0.01593877 0.2033825 0.02663092 0.01394728
-0.007749925 0.02262307 -0.004147052 0.05624204 0.07413427
0.297866 0.03017477 0.02020573 -0.01995348 -0.2881186
-0.09058637 0.1295998 0.01669813 -0.002382595 -0.002467674
-0.02379024 0.01373711 0.003288298 -0.01213262 0.03371113
-0.01322527 -0.008764867 0.02684917 -0.001583438 -0.009420633
0.005941511 -0.05169995 -0.0142411
0.09327392 0.008793701 0.002153648 0.01563947 -0.005210901
0.00354571 -0.007352812 0.02381454 0.233607 0.01853611
0.004169769 -0.006941774 -0.00138112 0.009211348 0.1482864
0.02598152 0.03346891 0.005429294 -0.006131531 -0.1333576
-0.02244078 0.01541705 -0.007167035 -0.003300747 0.003266026
-0.0266185 0.001440621 0.02278999 -0.006702951 -0.0007213289
0.00446692 0.0005847639 0.004400126 0.006223288 0.01267538
0.01424591 -0.0275355 0.00800033
1.998024 1.982556 1.9975 1.988321 1.997171
1.988811 0.1874805 1.988042 1.989319 1.995003
1.981946 1.982957 1.992775 1.991399 0.3135903
1.989628 1.992327 1.995615 0.5260932 1.985821
0.805294 1.986509 1.996951 1.99861 1.999454
1.992847 1.98713 1.992573 1.991697 1.990864
1.988418 1.993131 1.99001 1.988892 1.991554
1.908935 1.977275
1.998024 1.182907 1.9975 1.988321 0.7182923
1.988811 1.997454 0.09542186 1.989319 1.995003
1.981946 1.982957 1.992775 0.7132015 1.995308
1.989628 1.992327 1.995615 1.039607 1.985821
1.977309 1.986509 1.996951 1.99861 1.999454
1.992847 1.98713 1.992573 1.991697 1.990864
1.988418 1.993131 1.99001 1.988892 0.5147755
1.077101 1.977275
0.3351353
0.111963 0.003178924 0.01165735 0.02047371 0.01824866
-0.007680139 -0.01593876 0.2033808 0.0266293 0.01394722
-0.007749852 0.02262313 -0.004147619 0.05624128 0.07413415
0.2978696 0.03017553 0.02020645 -0.01995344 -0.2881223
-0.09058659 0.1295987 0.0166974 -0.002382355 -0.002467496
-0.02379052 0.01373721 0.003288558 -0.0121326 0.03371231
-0.01322574 -0.008764007 0.0268486 -0.001583432 -0.009420427
0.00594144 -0.05170037 -0.01424068
0.09332786 0.008795769 0.002154603 0.01563913 -0.005214678
0.003543276 -0.007353811 0.02381743 0.2336122 0.01853023
0.004168908 -0.006947757 -0.001381318 0.009207894 0.1482733
0.02597775 0.03347572 0.005430951 -0.006130224 -0.1333655
-0.02244874 0.01541223 -0.007173656 -0.003300323 0.003262767
-0.02661712 0.001436859 0.02278516 -0.006697822 -0.0007303878
0.004461046 0.0005784395 0.004404301 0.006227584 0.01266825
0.0142421 -0.02753651 0.007995032
1.998024 1.982556 1.9975 1.988321 1.997171
1.988811 0.1874771 1.988042 1.989319 1.995003
1.981946 1.982957 1.992775 1.991399 0.3135886
1.989628 1.992327 1.995615 0.5261363 1.985821
0.8051749 1.986509 1.996951 1.99861 1.999454
1.992847 1.98713 1.992573 1.991697 1.990864
1.988418 1.993131 1.99001 1.988892 1.991554
1.908935 1.977275
1.998024 1.185408 1.9975 1.988321 0.7188353
1.988811 1.997454 0.09541649 1.989319 1.995003
1.981946 1.982957 1.992775 0.712286 1.995308
1.989628 1.992327 1.995615 1.040955 1.985821
1.977309 1.986509 1.996951 1.99861 1.999454
1.992847 1.98713 1.992573 1.991697 1.990864
1.988418 1.993131 1.99001 1.988892 0.51426
1.080452 1.977275
0.4127986
0.1119634 0.003178938 0.01165742 0.02047376 0.01824874
-0.007680132 -0.01593885 0.2033804 0.02662926 0.01394717
-0.007749895 0.02262309 -0.004147651 0.05624122 0.07413415
0.2978699 0.03017551 0.02020652 -0.01995359 -0.2881226
-0.09058663 0.1295986 0.01669733 -0.002382327 -0.002467452
-0.02379058 0.01373724 0.003288556 -0.01213255 0.03371238
-0.01322574 -0.008764047 0.02684862 -0.001583364 -0.009420401
0.005941587 -0.05170045 -0.0142407
0.09388051 0.01815557 0.008919533 0.00573981 -0.001780592
-0.0039204 0.001016674 0.02523369 0.2297202 0.02389448
0.007095992 -0.006049854 -0.01085032 -0.002588757 0.14613
0.02743023 0.02769558 0.01263809 -0.003474532 -0.1276656
-0.02348622 0.02586974 -0.007170296 0.001759689 -0.001062255
-0.03066872 -0.0009339806 0.01716196 -0.01323003 0.009199746
-0.0007356244 0.006562236 0.001201143 0.0003105303 0.006495263
0.01842929 -0.03116358 0.01322761
1.998024 1.982556 1.9975 1.988321 1.997171
1.988811 0.1874756 1.988042 1.989319 1.995003
1.981946 1.982957 1.992775 1.991399 0.3135902
1.989628 1.992327 1.995615 0.5261357 1.985821
0.8051689 1.986509 1.996951 1.99861 1.999454
1.992847 1.98713 1.992573 1.991697 1.990864
1.988418 1.993131 1.99001 1.988892 1.991554
1.908935 1.977275
1.998024 1.982556 1.9975 1.988321 1.997171
1.988811 0.1234516 1.988042 1.989319 1.995003
1.981946 1.982957 1.992775 1.991399 1.995308
0.9701086 1.992327 1.995615 1.988922 1.985821
1.977309 0.1432461 0.4593075 1.99861 1.999454
1.900344 0.6498073 1.992573 1.991697 1.990864
1.988418 0.9544285 1.99001 1.988892 1.073722
1.908935 0.6677756
0.08369758
0.1871752 -0.004036771 0.01816267 0.01979249 -0.005903913
0.0005843746 -0.03137839 0.1481226 0.03363117 0.004310557
-0.03184603 0.03509484 -0.01180197 0.06173839 0.08161052
0.3025669 0.0179108 0.02491047 -0.04982831 -0.2981017
-0.09713192 0.1236386 0.030142 -0.003670834 0.01546906
-0.02075325 0.02189212 -0.000217782 -0.004403944 0.001813071
-0.00249562 -0.01913359 0.03896754 0.0221472 0.004400976
-0.01782674 -0.03927859 -0.03366119
0.09335412 0.008790682 0.002145643 0.01564143 -0.005214566
0.003547702 -0.007368476 0.02383966 0.2335781 0.01853237
0.004175501 -0.006971899 -0.001379288 0.009213495 0.1482754
0.02596995 0.03348856 0.005429891 -0.006129447 -0.1333775
-0.02245691 0.01540899 -0.007182227 -0.0032949 0.003278364
-0.02662378 0.001428941 0.02278276 -0.006685969 -0.0007363638
0.004455109 0.0005722296 0.004397504 0.00621865 0.01266503
0.01423772 -0.02753646 0.007993553
0.5733533 1.982556 1.9975 1.988321 1.997171
1.988811 1.997454 1.988042 1.989319 1.995003
1.981946 1.982957 1.992775 1.991399 1.995308
1.989628 1.992327 0.9549616 1.988922 1.985821
0.1161576 1.986509 1.996951 1.99861 0.6590201
1.232756 1.98713 1.992573 1.991697 1.990864
1.988418 0.0413009 1.99001 1.988892 1.991554
1.908935 1.977275
1.998024 1.185661 1.9975 1.988321 0.7183992
1.988811 1.997454 0.09539002 1.989319 1.995003
1.981946 1.982957 1.992775 0.7141072 1.965877
1.989628 1.992327 1.995615 1.042172 1.985821
1.977309 1.986509 1.996951 1.99861 1.999454
1.992847 1.98713 1.992573 1.991697 1.990864
1.988418 1.993131 1.99001 1.988892 0.5145411
1.086483 1.977275
0.3351786
0.1119649 0.003179212 0.01165745 0.02047372 0.01824886
-0.007679894 -0.0159388 0.2033791 0.02662971 0.01394709
-0.007749996 0.02262299 -0.004147869 0.05624115 0.07413432
0.2978694 0.03017514 0.02020649 -0.01995409 -0.288122
-0.09058675 0.1295985 0.01669751 -0.002382393 -0.002467454
-0.02379061 0.01373715 0.003288316 -0.01213255 0.03371211
-0.01322557 -0.008764402 0.02684896 -0.001583292 -0.009420389
0.005941929 -0.05170069 -0.01424079
0.09333769 0.008798523 0.002158959 0.01563625 -0.005217883
0.003534523 -0.007347277 0.02381073 0.2336078 0.01852702
0.004170573 -0.006939996 -0.001388982 0.009208119 0.1482704
0.0259848 0.03347659 0.005426015 -0.006134441 -0.1333553
-0.02245006 0.01541488 -0.007166432 -0.003302561 0.003253035
-0.02661583 0.00143011 0.02278914 -0.006700969 -0.0007288304
0.004463567 0.000579551 0.004409625 0.006229759 0.01266763
0.01424318 -0.02754233 0.007998458
1.998024 1.982556 1.9975 1.988321 1.997171
1.988811 0.1874722 1.988042 1.989319 1.995003
1.981946 1.982957 1.992775 1.991399 0.3135884
1.989628 1.992327 1.995615 0.5261137 1.985821
0.8051679 1.986509 1.996951 1.99861 1.999454
1.992847 1.98713 1.992573 1.991697 1.990864
1.988418 1.993131 1.99001 1.988892 1.991554
1.908935 1.977275
1.998024 1.190062 1.9975 1.988321 0.7185541
1.988811 1.997454 0.09543432 1.989319 1.995003
1.981946 1.982957 1.992775 0.7116095 1.995308
1.989628 1.992327 1.995615 1.039481 1.985821
1.977309 1.986509 1.996951 1.99861 1.999454
1.992847 1.98713 1.992573 1.991697 1.990864
1.988418 1.993131 1.99001 1.988892 0.5144133
1.077971 1.977275
0.3351796
0.1119617 0.003178748 0.01165725 0.02047367 0.01824849
-0.007680197 -0.01593869 0.203382 0.02662924 0.0139473
-0.007749754 0.0226232 -0.00414741 0.05624144 0.07413411
0.2978693 0.03017565 0.02020631 -0.01995305 -0.2881219
-0.09058649 0.1295987 0.01669741 -0.002382333 -0.00246757
-0.02379048 0.0137372 0.003288707 -0.01213265 0.0337123
-0.01322577 -0.008763821 0.02684838 -0.001583502 -0.009420465
0.00594114 -0.05170013 -0.01424066
0.09332632 0.008795223 0.002155243 0.01563949 -0.00521657
0.003539773 -0.007351281 0.02381596 0.2336115 0.01853091
0.004172541 -0.006948398 -0.001381849 0.009207346 0.1482715
0.0259777 0.03347791 0.005430448 -0.006128576 -0.1333646
-0.02245156 0.01541614 -0.007173711 -0.003299708 0.00326294
-0.02661793 0.001432353 0.02278219 -0.00669987 -0.0007312529
0.004461418 0.00058081 0.004405762 0.006228853 0.01266828
0.01423891 -0.02753535 0.007994843
1.998024 1.982556 1.9975 1.988321 1.997171
1.988811 0.1874811 1.988042 1.989319 1.995003
1.981946 1.982957 1.992775 1.991399 0.31359
1.989628 1.992327 1.995615 0.5261428 1.985821
0.8051843 1.986509 1.996951 1.99861 1.999454
1.992847 1.98713 1.992573 1.991697 1.990864
1.988418 1.993131 1.99001 1.988892 1.991554
1.908935 1.977275
1.998024 1.186437 1.9975 1.988321 0.7180845
1.988811 1.997454 0.09541909 1.989319 1.995003
1.981946 1.982957 1.992775 0.7117532 1.995308
1.989628 1.992327 1.995615 1.041116 1.985821
1.977309 1.986509 1.996951 1.99861 1.999454
1.992847 1.98713 1.992573 1.991697 1.990864
1.988418 1.993131 1.99001 1.988892 0.5145438
1.081296 1.977275
0.3351127
0.1119713 0.003180079 0.01165798 0.02047335 0.01824982
-0.00767888 -0.01593924 0.203373 0.02663073 0.01394672
-0.007750666 0.02262254 -0.004148867 0.05624053 0.07413447
0.2978687 0.03017423 0.02020706 -0.01995634 -0.2881226
-0.09058714 0.1295995 0.01669781 -0.002382767 -0.002466991
-0.02379052 0.01373727 0.003287147 -0.01213224 0.0337116
-0.01322525 -0.008766056 0.02685083 -0.001583013 -0.009420302
0.005943696 -0.05170194 -0.01424116
0.09332408 0.008796218 0.002154227 0.01563891 -0.005211812
0.003541245 -0.007353156 0.02381569 0.2336113 0.01853272
0.004171078 -0.006945268 -0.001383729 0.009206336 0.1482751
0.0259787 0.03347553 0.005430528 -0.006133253 -0.1333658
-0.02244882 0.01541178 -0.007173163 -0.003301096 0.003261436
-0.02661812 0.001437222 0.02278885 -0.006694452 -0.0007260651
0.004463528 0.0005798752 0.004401416 0.006227339 0.01266895
0.01424071 -0.02753633 0.007995263
1.998024 1.982556 1.9975 1.988321 1.997171
1.988811 0.1874482 1.988042 1.989319 1.995003
1.981946 1.982957 1.992775 1.991399 0.3135736
1.989628 1.992327 1.995615 0.5260654 1.985821
0.8052019 1.986509 1.996951 1.99861 1.999454
1.992847 1.98713 1.992573 1.991697 1.990864
1.988418 1.993131 1.99001 1.988892 1.991554
1.908935 1.977275
1.998024 1.185264 1.9975 1.988321 0.7187899
1.988811 1.997454 0.0954156 1.989319 1.995003
1.981946 1.982957 1.992775 0.7123624 1.995308
1.989628 1.992327 1.995615 1.042154 1.985821
1.977309 1.986509 1.996951 1.99861 1.999454
1.992847 1.98713 1.992573 1.991697 1.990864
1.988418 1.993131 1.99001 1.988892 0.5142894
1.078549 1.977275
0.3351093
0.1119636 0.003179115 0.01165728 0.02047371 0.01824862
-0.00768009 -0.01593858 0.2033803 0.02662956 0.01394722
-0.007749841 0.02262311 -0.004147748 0.05624126 0.0741343
0.297869 0.03017533 0.02020633 -0.01995358 -0.2881217
-0.09058664 0.1295984 0.01669755 -0.002382394 -0.002467572
-0.02379054 0.0137371 0.003288455 -0.01213268 0.03371212
-0.01322563 -0.008764098 0.02684871 -0.001583451 -0.009420432
0.005941464 -0.05170046 -0.0142407
0.09332672 0.008797392 0.002156706 0.01563684 -0.005213778
0.003538569 -0.007351282 0.02381253 0.2336085 0.0185303
0.004170209 -0.006940869 -0.001386653 0.009207402 0.1482753
0.02598265 0.03347432 0.005427855 -0.006135225 -0.1333589
-0.02244764 0.01541296 -0.00716885 -0.003302547 0.003257231
-0.02661739 0.001435246 0.02279137 -0.006698045 -0.0007252302
0.004465412 0.0005802638 0.00440367 0.006227649 0.01266935
0.01424325 -0.02753923 0.007997629
1.998024 1.982556 1.9975 1.988321 1.997171
1.988811 0.1874773 1.988042 1.989319 1.995003
1.981946 1.982957 1.992775 1.991399 0.3135865
1.989628 1.992327 1.995615 0.5261225 1.985821
0.8051675 1.986509 1.996951 1.99861 1.999454
1.992847 1.98713 1.992573 1.991697 1.990864
1.988418 1.993131 1.99001 1.988892 1.991554
1.908935 1.977275
1.998024 1.187078 1.9975 1.988321 0.7187356
1.988811 1.997454 0.09542186 1.989319 1.995003
1.981946 1.982957 1.992775 0.7122008 1.995308
1.989628 1.992327 1.995615 1.040647 1.985821
1.977309 1.986509 1.996951 1.99861 1.999454
1.992847 1.98713 1.992573 1.991697 1.990864
1.988418 1.993131 1.99001 1.988892 0.514234
1.077051 1.977275
0.3274984
0.1119676 0.003179432 0.01165796 0.02047445 0.0182494
-0.007681206 -0.01593905 0.2033764 0.02662746 0.01394701
-0.007750052 0.02262303 -0.004148662 0.05624006 0.07413393
0.297874 0.03017628 0.02020769 -0.01995421 -0.2881276
-0.09058697 0.129598 0.01669648 -0.002382195 -0.002467008
-0.0237908 0.01373748 0.003288456 -0.0121324 0.03371375
-0.01322628 -0.008763556 0.02684863 -0.001583314 -0.009420131
0.00594206 -0.05170138 -0.0142403
0.0838359 0.008743227 0.001647824 0.01619159 -0.003802491
0.002646151 -0.004580071 0.02332067 0.2361517 0.02026837
0.003431784 -0.005641814 -0.003306698 0.009447384 0.1487821
0.02518269 0.03246169 0.004132372 -0.005447196 -0.1325928
-0.02202346 0.01599431 -0.003871839 -0.003144663 0.003249877
-0.02665587 0.001309719 0.02363787 -0.007435542 0.0009772675
0.004406342 0.002067562 0.005689734 0.005989011 0.01500829
0.01276416 -0.02737323 0.01100585
1.998024 1.982556 1.9975 1.988321 1.997171
1.988811 0.1874625 1.988042 1.989319 1.995003
1.981946 1.982957 1.992775 1.991399 0.3135809
1.989628 1.992327 1.995615 0.5261822 1.985821
0.805048 1.986509 1.996951 1.99861 1.999454
1.992847 1.98713 1.992573 1.991697 1.990864
1.988418 1.993131 1.99001 1.988892 1.991554
1.908935 1.977275
1.998024 0.8809375 1.9975 1.988321 0.7414577
1.988811 1.997454 0.09461847 1.989319 1.995003
0.9953695 1.982957 1.992775 0.6083189 1.995308
1.989628 1.992327 1.995615 0.8851826 1.985821
1.977309 1.986509 1.996951 1.99861 1.999454
1.992847 1.98713 1.992573 1.991697 1.990864
1.988418 1.993131 1.99001 1.988892 1.991486
0.769435 1.977275
0.3352306
0.1119603 0.003178255 0.01165746 0.02047392 0.01824857
-0.007680645 -0.01593914 0.2033832 0.0266282 0.01394728
-0.007749718 0.02262327 -0.004147107 0.05624137 0.07413374
0.2978716 0.03017631 0.02020669 -0.01995259 -0.2881241
-0.09058641 0.1295988 0.01669682 -0.002382107 -0.002467392
-0.02379059 0.01373747 0.00328916 -0.01213246 0.03371308
-0.01322613 -0.008763273 0.02684777 -0.001583405 -0.009420396
0.005941003 -0.05169993 -0.01424051
0.0933223 0.008794263 0.002156029 0.01563967 -0.005213823
0.003539846 -0.007349653 0.0238167 0.2336031 0.01853232
0.00417653 -0.006946542 -0.001383195 0.009209033 0.1482779
0.02598102 0.0334756 0.00542723 -0.006135029 -0.1333619
-0.0224487 0.01541416 -0.007173421 -0.00330091 0.003259639
-0.02661908 0.001430202 0.02278889 -0.006696878 -0.0007257448
0.004466546 0.0005816967 0.004400518 0.006227637 0.01266818
0.01424093 -0.02753772 0.007993627
1.998024 1.982556 1.9975 1.988321 1.997171
1.988811 0.187482 1.988042 1.989319 1.995003
1.981946 1.982957 1.992775 1.991399 0.313599
1.989628 1.992327 1.995615 0.5261862 1.985821
0.8051663 1.986509 1.996951 1.99861 1.999454
1.992847 1.98713 1.992573 1.991697 1.990864
1.988418 1.993131 1.99001 1.988892 1.991554
1.908935 1.977275
1.998024 1.187795 1.9975 1.988321 0.7177965
1.988811 1.997454 0.09543212 1.989319 1.995003
1.981946 1.982957 1.992775 0.712892 1.995308
1.989628 1.992327 1.995615 1.042036 1.985821
1.977309 1.986509 1.996951 1.99861 1.999454
1.992847 1.98713 1.992573 1.991697 1.990864
1.988418 1.993131 1.99001 1.988892 0.5143737
1.078179 1.977275
0.3351348
0.1119643 0.003179157 0.01165725 0.02047379 0.0182486
-0.007679537 -0.01593872 0.20338 0.02663067 0.01394698
-0.00774992 0.02262293 -0.004147463 0.05624159 0.0741347
0.2978685 0.03017447 0.02020589 -0.01995418 -0.2881196
-0.09058682 0.1295974 0.01669781 -0.002382239 -0.002467751
-0.02379091 0.0137369 0.003288547 -0.01213257 0.03371151
-0.01322519 -0.008764523 0.0268486 -0.001583029 -0.009420416
0.005942021 -0.0517004 -0.01424098
0.09328676 0.008797175 0.002156554 0.0156373 -0.005210347
0.003535855 -0.007347291 0.02380765 0.2336054 0.01853586
0.004172879 -0.006934085 -0.001390185 0.009208232 0.1482827
0.02598659 0.03347136 0.00542625 -0.006137433 -0.133353
-0.02244401 0.01541756 -0.007162344 -0.003302946 0.003256882
-0.02661811 0.001435955 0.02279574 -0.006699527 -0.0007171387
0.004469384 0.0005857801 0.00440229 0.00622583 0.01267429
0.01424365 -0.02753955 0.008002421
1.998024 1.982556 1.9975 1.988321 1.997171
1.988811 0.1874783 1.988042 1.989319 1.995003
1.981946 1.982957 1.992775 1.991399 0.3136044
1.989628 1.992327 1.995615 0.5260726 1.985821
0.8051655 1.986509 1.996951 1.99861 1.999454
1.992847 1.98713 1.992573 1.991697 1.990864
1.988418 1.993131 1.99001 1.988892 1.991554
1.908935 1.977275
1.998024 1.186454 1.9975 1.988321 0.7182877
1.988811 1.997454 0.09542557 1.989319 1.995003
1.981946 1.982957 1.992775 0.7124129 1.995308
1.989628 1.992327 1.995615 1.040284 1.985821
1.977309 1.986509 1.996951 1.99861 1.999454
1.992847 1.98713 1.992573 1.991697 1.990864
1.988418 1.993131 1.99001 1.988892 0.5149017
1.074017 1.977275
0.3351652
0.1119636 0.003179078 0.01165723 0.0204736 0.01824859
-0.00767954 -0.0159387 0.2033804 0.02663047 0.01394709
-0.007749916 0.022623 -0.004147482 0.05624158 0.07413452
0.2978681 0.03017473 0.02020598 -0.01995394 -0.2881199
-0.09058669 0.1295982 0.01669782 -0.002382363 -0.00246768
-0.02379067 0.01373699 0.003288439 -0.0121326 0.03371157
-0.01322531 -0.008764527 0.02684879 -0.001583218 -0.009420463
0.005941814 -0.05170035 -0.01424094
0.09331737 0.008795087 0.002155083 0.01563933 -0.005212593
0.003541738 -0.0073518 0.02381632 0.233607 0.01853264
0.004172776 -0.006945427 -0.001382994 0.009208439 0.148278
0.02598016 0.03347445 0.005428905 -0.006133977 -0.1333629
-0.0224473 0.01541302 -0.007172482 -0.003300977 0.00326116
-0.02661836 0.00143491 0.0227892 -0.006696603 -0.0007255035
0.004465074 0.0005808375 0.004400908 0.006226855 0.01266929
0.0142421 -0.02753715 0.007995173
1.998024 1.982556 1.9975 1.988321 1.997171
1.988811 0.1874779 1.988042 1.989319 1.995003
1.981946 1.982957 1.992775 1.991399 0.3135964
1.989628 1.992327 1.995615 0.5260882 1.985821
0.8051931 1.986509 1.996951 1.99861 1.999454
1.992847 1.98713 1.992573 1.991697 1.990864
1.988418 1.993131 1.99001 1.988892 1.991554
1.908935 1.977275
1.998024 1.186088 1.9975 1.988321 0.718383
1.988811 1.997454 0.0954222 1.989319 1.995003
1.981946 1.982957 1.992775 0.7127935 1.995308
1.989628 1.992327 1.995615 1.041629 1.985821
1.977309 1.986509 1.996951 1.99861 1.999454
1.992847 1.98713 1.992573 1.991697 1.990864
1.988418 1.993131 1.99001 1.988892 0.5143498
1.078196 1.977275
