1
0.1119625 0.003178856 0.01165734 0.02047354 0.01824865
-0.00768 -0.01593878 0.2033811 0.02662937 0.01394727
-0.007749873 0.02262314 -0.004147567 0.05624135 0.07413407
0.2978691 0.03017556 0.02020644 -0.01995337 -0.2881221
-0.09058651 0.1295992 0.01669747 -0.002382434 -0.002467466
-0.02379039 0.01373726 0.003288476 -0.0121326 0.03371223
-0.01322574 -0.008764123 0.02684877 -0.001583503 -0.009420466
0.005941394 -0.05170032 -0.01424072
0.1119632 0.003179023 0.01165731 0.02047371 0.01824863
-0.007680101 -0.01593866 0.2033806 0.02662946 0.01394722
-0.007749844 0.02262312 -0.004147676 0.05624128 0.07413424
0.2978692 0.03017541 0.02020637 -0.01995351 -0.2881219
-0.09058662 0.1295985 0.01669749 -0.002382374 -0.002467544
-0.02379053 0.01373715 0.003288507 -0.01213265 0.03371219
-0.01322567 -0.00876406 0.02684866 -0.001583438 -0.009420431
0.005941452 -0.05170041 -0.0142407
1.998024 1.982556 1.9975 1.988321 1.997171
1.988811 0.1874768 1.988042 1.989319 1.995003
1.981946 1.982957 1.992775 1.991399 0.3135854
1.989628 1.992327 1.995615 0.526139 1.985821
0.805201 1.986509 1.996951 1.99861 1.999454
1.992847 1.98713 1.992573 1.991697 1.990864
1.988418 1.993131 1.99001 1.988892 1.991554
1.908935 1.977275
1.998024 1.982556 1.9975 1.988321 1.997171
1.988811 0.1874774 1.988042 1.989319 1.995003
1.981946 1.982957 1.992775 1.991399 0.3135878
1.989628 1.992327 1.995615 0.5261279 1.985821
0.8051715 1.986509 1.996951 1.99861 1.999454
1.992847 1.98713 1.992573 1.991697 1.990864
1.988418 1.993131 1.99001 1.988892 1.991554
1.908935 1.977275
0.08305033
0.2071903 -0.0002059257 0.0146266 0.02147326 0.01048019
-0.003397715 -0.02839969 0.1480615 0.01661032 0.003016292
-0.02049994 0.02959006 -0.01599065 0.0674249 0.07645661
0.3038983 0.01372257 0.01337944 -0.04929378 -0.295257
-0.1006289 0.1352008 0.01888225 -0.01206766 0.00848476
-0.02433609 0.02307045 -0.007965022 -0.02052367 0.009322149
0.01608696 -0.02402994 0.03406969 0.01157508 0.002849218
-0.009622864 -0.03075007 -0.04114003
0.1119633 0.003178986 0.01165733 0.02047374 0.01824865
-0.007680075 -0.01593873 0.2033806 0.02662948 0.01394719
-0.007749859 0.0226231 -0.004147628 0.0562413 0.07413424
0.2978694 0.03017538 0.02020637 -0.01995356 -0.2881219
-0.09058663 0.1295984 0.01669746 -0.00238234 -0.002467536
-0.02379058 0.01373716 0.003288547 -0.01213261 0.0337122
-0.01322566 -0.008764072 0.02684861 -0.00158338 -0.009420422
0.005941521 -0.0517004 -0.01424072
1.998024 1.982556 1.9975 1.988321 1.997171
1.988811 1.997454 1.988042 1.989319 1.995003
0.2640569 1.982957 1.992775 1.991399 0.3018099
1.989628 1.992327 1.995615 1.988922 1.985821
1.977309 1.986509 1.996951 1.99861 1.999454
1.992847 0.02650322 1.992573 1.991697 1.990864
1.988418 1.993131 1.99001 1.988892 0.5065583
0.09318974 1.977275
1.998024 1.982556 1.9975 1.988321 1.997171
1.988811 0.1874772 1.988042 1.989319 1.995003
1.981946 1.982957 1.992775 1.991399 0.3135904
1.989628 1.992327 1.995615 0.5261267 1.985821
0.8051702 1.986509 1.996951 1.99861 1.999454
1.992847 1.98713 1.992573 1.991697 1.990864
1.988418 1.993131 1.99001 1.988892 1.991554
1.908935 1.977275
1
0.1119633 0.003178988 0.01165733 0.02047368 0.01824867
-0.007680011 -0.01593874 0.2033805 0.02662954 0.0139472
-0.007749877 0.0226231 -0.004147634 0.05624131 0.07413423
0.2978692 0.03017536 0.02020637 -0.01995358 -0.2881218
-0.09058662 0.1295986 0.01669749 -0.002382372 -0.002467522
-0.02379054 0.01373717 0.003288498 -0.01213261 0.03371216
-0.01322565 -0.008764141 0.0268487 -0.001583397 -0.009420432
0.00594154 -0.05170041 -0.01424074
0.1119633 0.003179058 0.01165729 0.02047363 0.01824864
-0.007679993 -0.01593864 0.2033804 0.02662961 0.01394723
-0.007749868 0.02262311 -0.004147699 0.0562413 0.07413425
0.2978689 0.03017534 0.02020634 -0.01995358 -0.2881217
-0.09058661 0.1295987 0.01669757 -0.002382422 -0.002467542
-0.02379049 0.01373714 0.003288423 -0.01213265 0.03371208
-0.01322563 -0.00876418 0.02684879 -0.001583457 -0.009420448
0.005941491 -0.05170043 -0.01424073
1.998024 1.982556 1.9975 1.988321 1.997171
1.988811 0.1874767 1.988042 1.989319 1.995003
1.981946 1.982957 1.992775 1.991399 0.3135891
1.989628 1.992327 1.995615 0.526126 1.985821
0.8051786 1.986509 1.996951 1.99861 1.999454
1.992847 1.98713 1.992573 1.991697 1.990864
1.988418 1.993131 1.99001 1.988892 1.991554
1.908935 1.977275
1.998024 1.982556 1.9975 1.988321 1.997171
1.988811 0.1874768 1.988042 1.989319 1.995003
1.981946 1.982957 1.992775 1.991399 0.3135861
1.989628 1.992327 1.995615 0.5261237 1.985821
0.805182 1.986509 1.996951 1.99861 1.999454
1.992847 1.98713 1.992573 1.991697 1.990864
1.988418 1.993131 1.99001 1.988892 1.991554
1.908935 1.977275
0.05999857
0.2082056 0.001775484 0.01466813 0.02541945 0.005121127
-0.002861664 -0.03138307 0.149075 0.01433476 0.004402057
-0.0208838 0.03028687 -0.01810317 0.06105796 0.07791155
0.3036913 0.01772641 0.01728824 -0.05089997 -0.3017638
-0.1030886 0.1350688 0.02250197 -0.01547293 0.007881412
-0.02633909 0.01825508 -0.008787627 -0.01841248 0.009199645
0.01286484 -0.01467876 0.04319495 0.01228016 0.00247064
-0.0103379 -0.03268628 -0.03830972
0.1119625 0.003178887 0.01165733 0.02047367 0.01824863
-0.007680352 -0.01593867 0.2033811 0.02662889 0.01394733
-0.007749801 0.02262321 -0.004147693 0.05624119 0.074134
0.2978696 0.03017586 0.02020658 -0.01995315 -0.288123
-0.0905865 0.1295991 0.01669732 -0.002382414 -0.00246745
-0.02379037 0.01373727 0.003288544 -0.01213267 0.03371252
-0.0132259 -0.008763818 0.02684862 -0.001583609 -0.009420442
0.005941168 -0.05170035 -0.01424058
0.4424604 1.982556 1.9975 0.01547733 1.997171
1.988811 1.997454 1.988042 1.989319 1.995003
0.3488398 1.982957 1.992775 1.991399 1.995308
1.989628 1.992327 1.995615 1.988922 1.985821
1.977309 1.986509 1.996951 1.99861 1.999454
1.992847 1.98713 1.992573 1.991697 1.990864
1.988418 0.1492145 0.4766939 1.988892 1.991554
1.908935 1.977275
1.998024 1.982556 1.9975 1.988321 1.997171
1.988811 0.1874776 1.988042 1.989319 1.995003
1.981946 1.982957 1.992775 1.991399 0.3135819
1.989628 1.992327 1.995615 0.5261552 1.985821
0.8051775 1.986509 1.996951 1.99861 1.999454
1.992847 1.98713 1.992573 1.991697 1.990864
1.988418 1.993131 1.99001 1.988892 1.991554
1.908935 1.977275
1
0.1119629 0.003178789 0.01165757 0.02047381 0.01824886
-0.007680607 -0.01593897 0.2033806 0.02662821 0.01394728
-0.007749879 0.02262319 -0.00414779 0.05624093 0.07413378
0.2978712 0.03017624 0.020207 -0.01995321 -0.2881248
-0.09058653 0.1295993 0.01669694 -0.002382343 -0.002467237
-0.02379041 0.01373747 0.003288611 -0.01213251 0.03371305
-0.01322614 -0.008763664 0.02684855 -0.00158355 -0.009420369
0.005941332 -0.05170051 -0.01424048
0.1119624 0.003178795 0.01165734 0.02047368 0.01824862
-0.007680062 -0.01593884 0.2033813 0.02662936 0.01394722
-0.007749845 0.02262313 -0.004147457 0.05624139 0.07413413
0.2978695 0.03017551 0.02020638 -0.01995336 -0.288122
-0.09058655 0.1295987 0.01669739 -0.002382324 -0.002467509
-0.02379054 0.01373723 0.003288639 -0.01213257 0.03371228
-0.01322572 -0.008764008 0.02684851 -0.001583391 -0.009420439
0.005941427 -0.05170026 -0.01424072
1.998024 1.982556 1.9975 1.988321 1.997171
1.988811 0.1874735 1.988042 1.989319 1.995003
1.981946 1.982957 1.992775 1.991399 0.3135823
1.989628 1.992327 1.995615 0.5261804 1.985821
0.8051604 1.986509 1.996951 1.99861 1.999454
1.992847 1.98713 1.992573 1.991697 1.990864
1.988418 1.993131 1.99001 1.988892 1.991554
1.908935 1.977275
1.998024 1.982556 1.9975 1.988321 1.997171
1.988811 0.1874783 1.988042 1.989319 1.995003
1.981946 1.982957 1.992775 1.991399 0.313592
1.989628 1.992327 1.995615 0.5261361 1.985821
0.8051848 1.986509 1.996951 1.99861 1.999454
1.992847 1.98713 1.992573 1.991697 1.990864
1.988418 1.993131 1.99001 1.988892 1.991554
1.908935 1.977275
0.6323801
0.1119632 0.00317926 0.01165709 0.0204736 0.01824845
-0.007680233 -0.01593819 0.2033806 0.02662952 0.0139474
-0.007749726 0.02262321 -0.004147905 0.05624124 0.07413432
0.297868 0.03017545 0.02020622 -0.01995326 -0.2881213
-0.09058656 0.1295987 0.01669773 -0.00238253 -0.002467668
-0.02379034 0.01373701 0.003288333 -0.01213289 0.03371201
-0.01322565 -0.008763976 0.02684883 -0.001583726 -0.009420489
0.005941044 -0.05170042 -0.01424061
0.2314931 -0.006480568 0.01068255 0.01845567 -0.002017522
-0.001659692 -0.0270392 0.144559 0.01841254 0.007992216
-0.01956101 0.03064446 -0.02271111 0.05919042 0.07593717
0.3105526 0.001616701 0.01289979 -0.04699883 -0.3036492
-0.1030152 0.1286138 0.01847072 -0.003275271 0.01344316
-0.02285103 0.02061019 -0.006494628 -0.020802 0.01718569
0.006959808 -0.0251262 0.03908369 0.005779906 -0.001083766
-0.01078298 -0.03423884 -0.043023
1.998024 1.982556 1.9975 1.988321 1.997171
1.988811 0.1874799 1.988042 1.989319 1.995003
1.981946 1.982957 1.992775 1.991399 0.313576
1.989628 1.992327 1.995615 0.5261259 1.985821
0.8051715 1.986509 1.996951 1.99861 1.999454
1.992847 1.98713 1.992573 1.991697 1.990864
1.988418 1.993131 1.99001 1.988892 1.991554
1.908935 1.977275
1.998024 1.982556 1.9975 1.988321 1.997171
1.988811 1.997454 1.988042 1.989319 1.995003
1.981946 0.08317395 0.9899143 0.9312698 1.995308
1.989628 1.992327 1.995615 1.988922 0.2771391
1.770992 1.986509 1.996951 0.2825591 1.999454
1.992847 1.98713 1.992573 1.991697 0.9133738
1.988418 1.993131 1.99001 1.988892 1.991554
0.1984272 1.977275
1
0.1119628 0.003179028 0.01165719 0.02047366 0.01824851
-0.007680055 -0.01593851 0.203381 0.02662966 0.01394727
-0.007749785 0.02262315 -0.004147612 0.0562414 0.0741343
0.2978686 0.03017533 0.0202062 -0.01995338 -0.2881212
-0.09058658 0.1295985 0.01669762 -0.002382398 -0.002467638
-0.0237905 0.01373707 0.003288516 -0.01213272 0.03371202
-0.0132256 -0.008764048 0.02684863 -0.001583493 -0.009420466
0.005941296 -0.0517003 -0.01424071
0.1119624 0.003178629 0.01165753 0.02047372 0.0182488
-0.007680102 -0.01593916 0.2033812 0.026629 0.01394715
-0.007749933 0.0226231 -0.004147409 0.0562413 0.07413394
0.2978706 0.03017573 0.02020666 -0.01995343 -0.2881232
-0.09058655 0.129599 0.01669714 -0.002382271 -0.002467339
-0.02379056 0.0137374 0.003288698 -0.01213241 0.03371259
-0.01322586 -0.008763995 0.02684849 -0.001583301 -0.009420399
0.005941617 -0.05170031 -0.01424071
1.998024 1.982556 1.9975 1.988321 1.997171
1.988811 0.1874799 1.988042 1.989319 1.995003
1.981946 1.982957 1.992775 1.991399 0.3135873
1.989628 1.992327 1.995615 0.5261218 1.985821
0.8051781 1.986509 1.996951 1.99861 1.999454
1.992847 1.98713 1.992573 1.991697 1.990864
1.988418 1.993131 1.99001 1.988892 1.991554
1.908935 1.977275
1.998024 1.982556 1.9975 1.988321 1.997171
1.988811 0.1874752 1.988042 1.989319 1.995003
1.981946 1.982957 1.992775 1.991399 0.3135946
1.989628 1.992327 1.995615 0.5261522 1.985821
0.8051874 1.986509 1.996951 1.99861 1.999454
1.992847 1.98713 1.992573 1.991697 1.990864
1.988418 1.993131 1.99001 1.988892 1.991554
1.908935 1.977275
1
0.1119644 0.003179116 0.01165728 0.0204737 0.01824866
-0.007679183 -0.01593889 0.2033799 0.02663114 0.01394689
-0.007750009 0.02262285 -0.00414733 0.05624174 0.07413477
0.2978682 0.03017416 0.02020577 -0.01995445 -0.2881188
-0.09058685 0.1295974 0.01669792 -0.002382237 -0.00246775
-0.02379097 0.01373689 0.003288496 -0.01213247 0.03371125
-0.01322504 -0.008764835 0.02684873 -0.001582884 -0.009420428
0.005942309 -0.05170039 -0.01424113
0.1119636 0.003179081 0.01165731 0.0204737 0.01824866
-0.007680031 -0.01593865 0.2033803 0.02662959 0.0139472
-0.007749867 0.02262309 -0.004147712 0.05624128 0.07413429
0.2978691 0.03017531 0.02020635 -0.01995363 -0.2881217
-0.09058664 0.1295985 0.01669754 -0.002382386 -0.002467551
-0.02379055 0.01373712 0.003288458 -0.01213264 0.03371211
-0.01322562 -0.008764149 0.02684873 -0.001583414 -0.00942043
0.005941535 -0.05170045 -0.01424073
1.998024 1.982556 1.9975 1.988321 1.997171
1.988811 0.1874771 1.988042 1.989319 1.995003
1.981946 1.982957 1.992775 1.991399 0.3136093
1.989628 1.992327 1.995615 0.5260562 1.985821
0.8051863 1.986509 1.996951 1.99861 1.999454
1.992847 1.98713 1.992573 1.991697 1.990864
1.988418 1.993131 1.99001 1.988892 1.991554
1.908935 1.977275
1.998024 1.982556 1.9975 1.988321 1.997171
1.988811 0.1874767 1.988042 1.989319 1.995003
1.981946 1.982957 1.992775 1.991399 0.3135878
1.989628 1.992327 1.995615 0.5261218 1.985821
0.8051719 1.986509 1.996951 1.99861 1.999454
1.992847 1.98713 1.992573 1.991697 1.990864
1.988418 1.993131 1.99001 1.988892 1.991554
1.908935 1.977275
0.0105061
0.189265 -0.003541448 0.01004028 0.01731016 0.01532211
-0.004783598 -0.0264981 0.1463423 0.02797961 0.01055997
-0.02244835 0.03538941 -0.007919397 0.06678962 0.07855766
0.3003507 0.0104509 0.009295094 -0.06194328 -0.2917208
-0.1002685 0.1342815 0.01580994 -0.01029127 0.01703146
-0.01779434 0.02616578 -0.005022548 -0.01282529 0.01107882
0.01804868 -0.03513979 0.03716357 0.01413185 0.006234966
-0.003354609 -0.03658593 -0.03839765
0.111963 0.003179013 0.01165728 0.02047365 0.01824861
-0.007680133 -0.01593861 0.2033807 0.02662937 0.01394728
-0.007749829 0.02262315 -0.004147701 0.05624127 0.07413418
0.2978691 0.03017551 0.0202064 -0.0199534 -0.288122
-0.09058657 0.1295988 0.0166975 -0.002382421 -0.002467531
-0.02379045 0.01373717 0.00328847 -0.01213268 0.03371222
-0.01322572 -0.008764034 0.02684872 -0.001583523 -0.009420449
0.005941342 -0.05170039 -0.01424067
1.998024 1.982556 1.9975 1.988321 1.997171
1.988811 1.997454 1.988042 1.989319 1.995003
1.981946 0.01183481 0.228886 1.991399 1.995308
1.989628 1.992327 1.63657 1.988922 1.985821
1.977309 1.986509 1.996951 1.99861 1.999454
1.992847 1.98713 1.992573 1.991697 1.990864
1.988418 1.993131 1.99001 1.988892 1.991554
0.2817341 1.977275
1.998024 1.982556 1.9975 1.988321 1.997171
1.988811 0.1874776 1.988042 1.989319 1.995003
1.981946 1.982957 1.992775 1.991399 0.3135844
1.989628 1.992327 1.995615 0.5261337 1.985821
0.8051788 1.986509 1.996951 1.99861 1.999454
1.992847 1.98713 1.992573 1.991697 1.990864
1.988418 1.993131 1.99001 1.988892 1.991554
1.908935 1.977275
1
0.1119629 0.003179105 0.01165709 0.02047356 0.01824842
-0.007679727 -0.01593843 0.203381 0.02663032 0.01394724
-0.007749796 0.0226231 -0.004147522 0.0562416 0.0741345
0.2978676 0.03017491 0.0202059 -0.01995356 -0.2881198
-0.09058661 0.1295983 0.01669789 -0.002382425 -0.002467762
-0.02379054 0.01373694 0.003288444 -0.01213276 0.03371158
-0.01322537 -0.008764314 0.02684874 -0.001583422 -0.009420503
0.005941411 -0.05170025 -0.01424085
0.1119602 0.003178251 0.01165742 0.02047395 0.01824851
-0.007680612 -0.01593911 0.2033834 0.02662834 0.01394726
-0.007749694 0.02262327 -0.00414704 0.05624144 0.07413382
0.2978715 0.0301762 0.02020658 -0.01995259 -0.2881237
-0.09058642 0.1295985 0.01669686 -0.002382071 -0.002467453
-0.02379065 0.01373742 0.003289216 -0.01213247 0.03371299
-0.01322607 -0.008763264 0.02684767 -0.001583359 -0.009420397
0.005941002 -0.05169988 -0.01424053
1.998024 1.982556 1.9975 1.988321 1.997171
1.988811 0.1874811 1.988042 1.989319 1.995003
1.981946 1.982957 1.992775 1.991399 0.3135902
1.989628 1.992327 1.995615 0.526096 1.985821
0.8051926 1.986509 1.996951 1.99861 1.999454
1.992847 1.98713 1.992573 1.991697 1.990864
1.988418 1.993131 1.99001 1.988892 1.991554
1.908935 1.977275
1.998024 1.982556 1.9975 1.988321 1.997171
1.988811 0.1874833 1.988042 1.989319 1.995003
1.981946 1.982957 1.992775 1.991399 0.3136021
1.989628 1.992327 1.995615 0.5261792 1.985821
0.8051624 1.986509 1.996951 1.99861 1.999454
1.992847 1.98713 1.992573 1.991697 1.990864
1.988418 1.993131 1.99001 1.988892 1.991554
1.908935 1.977275
1
0.111964 0.003179193 0.01165729 0.02047371 0.01824866
-0.007680059 -0.01593856 0.2033799 0.02662963 0.01394721
-0.007749865 0.02262309 -0.004147826 0.05624122 0.07413433
0.297869 0.03017527 0.02020635 -0.0199537 -0.2881217
-0.09058667 0.1295984 0.01669758 -0.002382413 -0.002467564
-0.02379054 0.01373708 0.003288391 -0.01213268 0.03371208
-0.0132256 -0.00876417 0.0268488 -0.001583443 -0.009420426
0.005941541 -0.05170053 -0.01424071
0.1119639 0.00317911 0.01165737 0.02047371 0.01824874
-0.00768011 -0.01593869 0.2033799 0.02662939 0.0139472
-0.007749897 0.02262309 -0.004147817 0.05624116 0.07413422
0.2978694 0.03017543 0.02020649 -0.01995368 -0.2881223
-0.09058665 0.1295986 0.01669745 -0.002382403 -0.002467478
-0.02379052 0.01373718 0.003288411 -0.01213262 0.03371226
-0.0132257 -0.008764135 0.0268488 -0.001583438 -0.009420412
0.005941576 -0.05170055 -0.01424069
1.998024 1.982556 1.9975 1.988321 1.997171
1.988811 0.1874763 1.988042 1.989319 1.995003
1.981946 1.982957 1.992775 1.991399 0.3135855
1.989628 1.992327 1.995615 0.5261185 1.985821
0.8051653 1.986509 1.996951 1.99861 1.999454
1.992847 1.98713 1.992573 1.991697 1.990864
1.988418 1.993131 1.99001 1.988892 1.991554
1.908935 1.977275
1.998024 1.982556 1.9975 1.988321 1.997171
1.988811 0.1874749 1.988042 1.989319 1.995003
1.981946 1.982957 1.992775 1.991399 0.3135853
1.989628 1.992327 1.995615 0.5261293 1.985821
0.805168 1.986509 1.996951 1.99861 1.999454
1.992847 1.98713 1.992573 1.991697 1.990864
1.988418 1.993131 1.99001 1.988892 1.991554
1.908935 1.977275
1
0.1119685 0.003179274 0.01165812 0.02047365 0.01824973
-0.007679131 -0.01593985 0.2033758 0.02663006 0.01394662
-0.007750573 0.0226226 -0.004148063 0.05624084 0.07413419
0.297871 0.03017467 0.02020711 -0.01995571 -0.2881236
-0.09058704 0.129599 0.01669725 -0.002382371 -0.002466948
-0.02379083 0.01373749 0.003287925 -0.01213196 0.03371219
-0.01322547 -0.008765457 0.02684977 -0.001582704 -0.009420251
0.005943556 -0.05170138 -0.01424113
0.1119628 0.003179158 0.01165718 0.0204735 0.01824854
-0.007680383 -0.01593827 0.2033807 0.026629 0.01394748
-0.007749748 0.02262327 -0.004147982 0.05624111 0.07413406
0.2978684 0.03017587 0.0202065 -0.01995306 -0.2881225
-0.09058645 0.1295995 0.01669757 -0.002382609 -0.002467514
-0.02379014 0.01373718 0.003288271 -0.01213287 0.03371232
-0.01322588 -0.008763882 0.02684896 -0.001583881 -0.009420497
0.005940905 -0.05170045 -0.01424052
1.998024 1.982556 1.9975 1.988321 1.997171
1.988811 0.187454 1.988042 1.989319 1.995003
1.981946 1.982957 1.992775 1.991399 0.3135975
1.989628 1.992327 1.995615 0.5260965 1.985821
0.8051929 1.986509 1.996951 1.99861 1.999454
1.992847 1.98713 1.992573 1.991697 1.990864
1.988418 1.993131 1.99001 1.988892 1.991554
1.908935 1.977275
1.998024 1.982556 1.9975 1.988321 1.997171
1.988811 0.1874779 1.988042 1.989319 1.995003
1.981946 1.982957 1.992775 1.991399 0.3135686
1.989628 1.992327 1.995615 0.526152 1.985821
0.8051858 1.986509 1.996951 1.99861 1.999454
1.992847 1.98713 1.992573 1.991697 1.990864
1.988418 1.993131 1.99001 1.988892 1.991554
1.908935 1.977275
1
0.1119634 0.003179075 0.01165728 0.02047369 0.01824862
-0.007680006 -0.01593862 0.2033804 0.02662967 0.01394721
-0.007749854 0.0226231 -0.004147681 0.05624132 0.07413431
0.2978689 0.03017527 0.02020629 -0.01995361 -0.2881215
-0.09058664 0.1295984 0.01669757 -0.002382385 -0.002467578
-0.02379055 0.0137371 0.003288468 -0.01213266 0.03371206
-0.01322559 -0.008764154 0.02684871 -0.001583414 -0.009420438
0.005941511 -0.05170042 -0.01424074
0.1119633 0.003179071 0.01165726 0.02047372 0.01824859
-0.007680078 -0.01593858 0.2033806 0.0266296 0.01394722
-0.007749823 0.02262312 -0.004147679 0.05624132 0.07413431
0.297869 0.03017531 0.02020628 -0.01995353 -0.2881215
-0.09058663 0.1295984 0.01669756 -0.002382373 -0.002467597
-0.02379056 0.01373709 0.003288505 -0.01213268 0.03371209
-0.01322561 -0.008764072 0.02684864 -0.001583435 -0.009420437
0.005941433 -0.0517004 -0.01424071
1.998024 1.982556 1.9975 1.988321 1.997171
1.988811 0.1874774 1.988042 1.989319 1.995003
1.981946 1.982957 1.992775 1.991399 0.3135884
1.989628 1.992327 1.995615 0.5261193 1.985821
0.8051737 1.986509 1.996951 1.99861 1.999454
1.992847 1.98713 1.992573 1.991697 1.990864
1.988418 1.993131 1.99001 1.988892 1.991554
1.908935 1.977275
1.998024 1.982556 1.9975 1.988321 1.997171
1.988811 0.1874783 1.988042 1.989319 1.995003
1.981946 1.982957 1.992775 1.991399 0.3135883
1.989628 1.992327 1.995615 0.5261214 1.985821
0.8051685 1.986509 1.996951 1.99861 1.999454
1.992847 1.98713 1.992573 1.991697 1.990864
1.988418 1.993131 1.99001 1.988892 1.991554
1.908935 1.977275
1
0.111963 0.003179049 0.01165728 0.02047361 0.01824862
-0.007680166 -0.01593856 0.2033806 0.0266293 0.01394731
-0.007749828 0.02262317 -0.004147773 0.05624122 0.07413415
0.2978689 0.03017558 0.02020644 -0.01995337 -0.2881222
-0.09058655 0.129599 0.01669751 -0.002382467 -0.002467511
-0.02379038 0.01373718 0.003288408 -0.01213271 0.03371224
-0.01322575 -0.008764033 0.0268488 -0.001583592 -0.009420457
0.005941287 -0.05170043 -0.01424065
0.1119583 0.003178371 0.0116568 0.02047369 0.01824785
-0.007680138 -0.01593837 0.2033853 0.02662984 0.01394742
-0.00774943 0.02262335 -0.004146673 0.05624214 0.07413435
0.297868 0.0301754 0.0202055 -0.01995218 -0.2881192
-0.09058632 0.1295979 0.0166977 -0.002382167 -0.002468016
-0.02379062 0.01373693 0.00328923 -0.01213285 0.03371181
-0.01322553 -0.008763417 0.02684756 -0.001583497 -0.009420573
0.005940436 -0.05169935 -0.01424071
1.998024 1.982556 1.9975 1.988321 1.997171
1.988811 0.1874771 1.988042 1.989319 1.995003
1.981946 1.982957 1.992775 1.991399 0.3135808
1.989628 1.992327 1.995615 0.5261375 1.985821
0.8051817 1.986509 1.996951 1.99861 1.999454
1.992847 1.98713 1.992573 1.991697 1.990864
1.988418 1.993131 1.99001 1.988892 1.991554
1.908935 1.977275
1.998024 1.982556 1.9975 1.988321 1.997171
1.988811 0.1874959 1.988042 1.989319 1.995003
1.981946 1.982957 1.992775 1.991399 0.3136045
1.989628 1.992327 1.995615 0.5261245 1.985821
0.8051946 1.986509 1.996951 1.99861 1.999454
1.992847 1.98713 1.992573 1.991697 1.990864
1.988418 1.993131 1.99001 1.988892 1.991554
1.908935 1.977275
1
0.1119604 0.003178248 0.01165758 0.0204737 0.01824874
-0.007680611 -0.01593925 0.2033828 0.02662787 0.01394734
-0.007749819 0.02262328 -0.004147287 0.0562412 0.07413348
0.2978716 0.03017661 0.020207 -0.01995262 -0.2881251
-0.09058632 0.1295998 0.01669675 -0.00238227 -0.002467191
-0.02379032 0.01373765 0.003288917 -0.01213241 0.03371326
-0.0132263 -0.008763427 0.02684819 -0.001583563 -0.009420414
0.005941038 -0.05170009 -0.01424048
0.1119643 0.0031788 0.01165784 0.02047386 0.01824919
-0.007680415 -0.01593938 0.2033793 0.02662822 0.01394709
-0.007750079 0.02262305 -0.004147862 0.05624078 0.07413373
0.2978722 0.03017611 0.02020727 -0.01995379 -0.2881256
-0.09058666 0.1295993 0.01669677 -0.002382292 -0.002467048
-0.02379054 0.0137376 0.003288528 -0.01213229 0.03371318
-0.01322613 -0.008763966 0.02684874 -0.001583307 -0.009420299
0.005941929 -0.05170077 -0.01424058
1.998024 1.982556 1.9975 1.988321 1.997171
1.988811 0.1874773 1.988042 1.989319 1.995003
1.981946 1.982957 1.992775 1.991399 0.3135883
1.989628 1.992327 1.995615 0.5262055 1.985821
0.805195 1.986509 1.996951 1.99861 1.999454
1.992847 1.98713 1.992573 1.991697 1.990864
1.988418 1.993131 1.99001 1.988892 1.991554
1.908935 1.977275
1.998024 1.982556 1.9975 1.988321 1.997171
1.988811 0.187467 1.988042 1.989319 1.995003
1.981946 1.982957 1.992775 1.991399 0.3135873
1.989628 1.992327 1.995615 0.5261767 1.985821
0.805159 1.986509 1.996951 1.99861 1.999454
1.992847 1.98713 1.992573 1.991697 1.990864
1.988418 1.993131 1.99001 1.988892 1.991554
1.908935 1.977275
1
0.1119635 0.00317907 0.01165733 0.02047374 0.01824867
-0.007680187 -0.01593864 0.2033803 0.02662932 0.01394723
-0.007749849 0.02262312 -0.004147766 0.05624119 0.07413422
0.2978695 0.03017548 0.02020645 -0.01995354 -0.2881223
-0.09058663 0.1295985 0.01669744 -0.00238238 -0.002467514
-0.02379053 0.01373716 0.003288483 -0.01213265 0.03371229
-0.01322571 -0.008764021 0.02684868 -0.001583461 -0.009420417
0.005941454 -0.05170048 -0.01424066
0.1119633 0.003179041 0.0116573 0.02047366 0.01824864
-0.007680003 -0.01593866 0.2033805 0.0266296 0.01394722
-0.007749864 0.0226231 -0.004147673 0.05624131 0.07413426
0.297869 0.03017533 0.02020633 -0.01995358 -0.2881217
-0.09058661 0.1295986 0.01669755 -0.002382399 -0.002467549
-0.02379052 0.01373713 0.003288458 -0.01213264 0.0337121
-0.01322563 -0.008764158 0.02684874 -0.001583433 -0.009420442
0.0059415 -0.05170042 -0.01424073
1.998024 1.982556 1.9975 1.988321 1.997171
1.988811 0.1874765 1.988042 1.989319 1.995003
1.981946 1.982957 1.992775 1.991399 0.313586
1.989628 1.992327 1.995615 0.526132 1.985821
0.805164 1.986509 1.996951 1.99861 1.999454
1.992847 1.98713 1.992573 1.991697 1.990864
1.988418 1.993131 1.99001 1.988892 1.991554
1.908935 1.977275
1.998024 1.982556 1.9975 1.988321 1.997171
1.988811 0.187477 1.988042 1.989319 1.995003
1.981946 1.982957 1.992775 1.991399 0.3135875
1.989628 1.992327 1.995615 0.5261233 1.985821
0.8051791 1.986509 1.996951 1.99861 1.999454
1.992847 1.98713 1.992573 1.991697 1.990864
1.988418 1.993131 1.99001 1.988892 1.991554
1.908935 1.977275
1
0.1119703 0.003180184 0.01165752 0.0204735 0.01824928
-0.007678704 -0.0159387 0.2033744 0.02663186 0.01394672
-0.00775041 0.02262257 -0.004148506 0.05624106 0.07413505
0.297867 0.03017348 0.02020615 -0.01995612 -0.2881191
-0.0905872 0.1295978 0.01669832 -0.002382625 -0.002467519
-0.02379082 0.0137368 0.003287428 -0.01213249 0.03371081
-0.01322478 -0.008765944 0.02685028 -0.0015829 -0.009420365
0.00594337 -0.05170152 -0.01424128
0.1119634 0.003179066 0.0116573 0.02047369 0.01824864
-0.007680043 -0.01593864 0.2033804 0.02662957 0.01394721
-0.007749859 0.0226231 -0.004147703 0.05624129 0.07413427
0.2978691 0.03017533 0.02020635 -0.01995359 -0.2881217
-0.09058663 0.1295985 0.01669753 -0.00238239 -0.002467551
-0.02379053 0.01373713 0.003288463 -0.01213265 0.03371212
-0.01322563 -0.008764131 0.02684872 -0.00158343 -0.009420434
0.005941502 -0.05170044 -0.01424072
1.998024 1.982556 1.9975 1.988321 1.997171
1.988811 0.18746 1.988042 1.989319 1.995003
1.981946 1.982957 1.992775 1.991399 0.3135869
1.989628 1.992327 1.995615 0.5260142 1.985821
0.8051803 1.986509 1.996951 1.99861 1.999454
1.992847 1.98713 1.992573 1.991697 1.990864
1.988418 1.993131 1.99001 1.988892 1.991554
1.908935 1.977275
1.998024 1.982556 1.9975 1.988321 1.997171
1.988811 0.187477 1.988042 1.989319 1.995003
1.981946 1.982957 1.992775 1.991399 0.3135874
1.989628 1.992327 1.995615 0.5261234 1.985821
0.8051734 1.986509 1.996951 1.99861 1.999454
1.992847 1.98713 1.992573 1.991697 1.990864
1.988418 1.993131 1.99001 1.988892 1.991554
1.908935 1.977275
1
0.1119632 0.00317883 0.01165738 0.02047369 0.0182487
-0.007679606 -0.01593903 0.2033808 0.02663013 0.01394702
-0.007749958 0.02262298 -0.004147301 0.05624158 0.07413436
0.2978692 0.03017492 0.02020616 -0.01995389 -0.2881208
-0.09058668 0.1295982 0.01669755 -0.002382247 -0.002467568
-0.02379076 0.01373714 0.003288627 -0.01213244 0.03371187
-0.01322543 -0.008764414 0.02684857 -0.001583087 -0.009420424
0.005941931 -0.05170029 -0.01424094
0.1119631 0.003178977 0.01165732 0.02047366 0.01824864
-0.00768 -0.01593872 0.2033807 0.02662956 0.01394721
-0.007749867 0.0226231 -0.004147612 0.05624134 0.07413423
0.2978691 0.03017536 0.02020635 -0.01995355 -0.2881217
-0.0905866 0.1295986 0.01669751 -0.002382376 -0.002467536
-0.02379053 0.01373716 0.003288503 -0.01213262 0.03371213
-0.01322564 -0.008764138 0.02684869 -0.001583407 -0.00942044
0.00594151 -0.05170038 -0.01424074
1.998024 1.982556 1.9975 1.988321 1.997171
1.988811 0.187477 1.988042 1.989319 1.995003
1.981946 1.982957 1.992775 1.991399 0.3136031
1.989628 1.992327 1.995615 0.5261028 1.985821
0.8051914 1.986509 1.996951 1.99861 1.999454
1.992847 1.98713 1.992573 1.991697 1.990864
1.988418 1.993131 1.99001 1.988892 1.991554
1.908935 1.977275
1.998024 1.982556 1.9975 1.988321 1.997171
1.988811 0.1874772 1.988042 1.989319 1.995003
1.981946 1.982957 1.992775 1.991399 0.3135891
1.989628 1.992327 1.995615 0.5261256 1.985821
0.8051809 1.986509 1.996951 1.99861 1.999454
1.992847 1.98713 1.992573 1.991697 1.990864
1.988418 1.993131 1.99001 1.988892 1.991554
1.908935 1.977275
1
0.1119635 0.003179074 0.0116573 0.02047367 0.01824864
-0.007679995 -0.01593864 0.2033804 0.02662965 0.01394721
-0.007749867 0.02262309 -0.004147695 0.05624131 0.07413429
0.297869 0.03017529 0.02020632 -0.01995363 -0.2881216
-0.09058663 0.1295985 0.01669756 -0.002382397 -0.002467557
-0.02379053 0.01373712 0.003288446 -0.01213265 0.03371207
-0.01322561 -0.008764176 0.02684875 -0.00158342 -0.009420438
0.005941529 -0.05170044 -0.01424074
0.1119634 0.00317906 0.0116573 0.02047368 0.01824864
-0.007680037 -0.01593864 0.2033804 0.02662958 0.01394721
-0.007749858 0.0226231 -0.004147694 0.05624129 0.07413427
0.2978691 0.03017533 0.02020634 -0.01995359 -0.2881217
-0.09058663 0.1295985 0.01669754 -0.00238239 -0.002467552
-0.02379053 0.01373713 0.003288465 -0.01213265 0.03371212
-0.01322563 -0.008764133 0.02684872 -0.00158343 -0.009420436
0.005941498 -0.05170043 -0.01424072
1.998024 1.982556 1.9975 1.988321 1.997171
1.988811 0.1874769 1.988042 1.989319 1.995003
1.981946 1.982957 1.992775 1.991399 0.3135877
1.989628 1.992327 1.995615 0.5261206 1.985821
0.8051762 1.986509 1.996951 1.99861 1.999454
1.992847 1.98713 1.992573 1.991697 1.990864
1.988418 1.993131 1.99001 1.988892 1.991554
1.908935 1.977275
1.998024 1.982556 1.9975 1.988321 1.997171
1.988811 0.1874771 1.988042 1.989319 1.995003
1.981946 1.982957 1.992775 1.991399 0.3135875
1.989628 1.992327 1.995615 0.5261234 1.985821
0.8051744 1.986509 1.996951 1.99861 1.999454
1.992847 1.98713 1.992573 1.991697 1.990864
1.988418 1.993131 1.99001 1.988892 1.991554
1.908935 1.977275
0.6814784
0.1998124 0.01084805 0.009777585 0.02051434 0.01393296
-0.006712146 -0.03606061 0.1399231 0.02524864 0.006607079
-0.02007368 0.02873961 -0.01383384 0.05414524 0.08271351
0.3090328 0.01886082 0.01363557 -0.05328086 -0.292443
-0.1013252 0.1397792 0.01076272 -0.009200236 0.01447423
-0.03010564 0.02288084 -0.01029438 -0.02196487 0.004513054
0.02189213 -0.01078969 0.03744841 0.003789642 0.0004636169
-0.007322016 -0.03228676 -0.0379491
0.111965 0.003179184 0.01165747 0.02047395 0.01824885
-0.00768007 -0.01593885 0.2033791 0.02662957 0.01394702
-0.007749958 0.02262298 -0.004147811 0.05624112 0.07413439
0.2978702 0.03017514 0.02020649 -0.01995409 -0.2881223
-0.09058682 0.1295978 0.01669737 -0.002382247 -0.002467492
-0.02379082 0.01373712 0.003288517 -0.01213251 0.03371226
-0.01322558 -0.008764198 0.02684862 -0.001583163 -0.009420339
0.005941966 -0.05170067 -0.01424075
0.1659904 1.982556 1.9975 1.988321 0.4529362
1.988811 1.997454 1.988042 1.989319 1.995003
1.981946 1.982957 0.4335787 1.991399 1.995308
1.989628 1.992327 0.613557 0.8912601 1.985821
1.977309 1.986509 1.996951 1.99861 1.999454
1.992847 0.381121 0.4475476 1.991697 0.09549855
1.988418 1.993131 1.99001 1.988892 1.991554
1.908935 1.977275
1.998024 1.982556 1.9975 1.988321 1.997171
1.988811 0.1874735 1.988042 1.989319 1.995003
1.981946 1.982957 1.992775 1.991399 0.3135955
1.989628 1.992327 1.995615 0.5261132 1.985821
0.805137 1.986509 1.996951 1.99861 1.999454
1.992847 1.98713 1.992573 1.991697 1.990864
1.988418 1.993131 1.99001 1.988892 1.991554
1.908935 1.977275
1
0.1119622 0.003178844 0.01165719 0.02047396 0.0182484
-0.007680235 -0.01593863 0.2033818 0.02662956 0.01394717
-0.0077497 0.02262315 -0.00414733 0.05624152 0.0741344
0.2978697 0.03017528 0.02020608 -0.01995324 -0.2881211
-0.09058664 0.1295975 0.01669744 -0.002382148 -0.002467738
-0.02379082 0.01373702 0.003288914 -0.01213266 0.03371217
-0.01322558 -0.008763728 0.026848 -0.001583271 -0.009420414
0.005941286 -0.0517001 -0.01424069
0.1119621 0.00317884 0.0116572 0.02047336 0.01824852
-0.007679519 -0.01593874 0.2033816 0.02663023 0.01394723
-0.007749886 0.02262309 -0.004147329 0.05624169 0.07413427
0.2978677 0.03017505 0.02020603 -0.01995351 -0.2881202
-0.0905865 0.1295991 0.01669781 -0.002382465 -0.002467618
-0.02379042 0.01373712 0.003288429 -0.01213262 0.03371164
-0.01322545 -0.00876447 0.02684888 -0.001583406 -0.009420529
0.005941509 -0.05170016 -0.01424092
1.998024 1.982556 1.9975 1.988321 1.997171
1.988811 0.1874838 1.988042 1.989319 1.995003
1.981946 1.982957 1.992775 1.991399 0.3136017
1.989628 1.992327 1.995615 0.5261195 1.985821
0.8051435 1.986509 1.996951 1.99861 1.999454
1.992847 1.98713 1.992573 1.991697 1.990864
1.988418 1.993131 1.99001 1.988892 1.991554
1.908935 1.977275
1.998024 1.982556 1.9975 1.988321 1.997171
1.988811 0.1874792 1.988042 1.989319 1.995003
1.981946 1.982957 1.992775 1.991399 0.3135907
1.989628 1.992327 1.995615 0.5261085 1.985821
0.805232 1.986509 1.996951 1.99861 1.999454
1.992847 1.98713 1.992573 1.991697 1.990864
1.988418 1.993131 1.99001 1.988892 1.991554
1.908935 1.977275
1
0.1119637 0.003179067 0.01165736 0.02047368 0.01824872
-0.007680023 -0.01593872 0.2033801 0.02662952 0.01394719
-0.0077499 0.02262308 -0.004147736 0.05624124 0.07413423
0.2978693 0.03017535 0.02020643 -0.01995368 -0.288122
-0.09058664 0.1295986 0.01669749 -0.002382395 -0.002467498
-0.02379053 0.01373717 0.003288431 -0.01213261 0.03371218
-0.01322565 -0.008764183 0.02684879 -0.001583407 -0.009420423
0.005941598 -0.0517005 -0.01424073
0.1119662 0.003179534 0.01165749 0.02047388 0.01824897
-0.007680374 -0.01593856 0.2033778 0.02662907 0.01394716
-0.007749971 0.02262304 -0.004148382 0.0562407 0.07413427
0.2978701 0.03017548 0.02020682 -0.01995411 -0.2881235
-0.09058682 0.1295984 0.01669736 -0.002382462 -0.002467371
-0.02379054 0.01373716 0.003288158 -0.01213266 0.03371249
-0.01322577 -0.008764161 0.02684909 -0.001583487 -0.009420335
0.005941796 -0.05170102 -0.01424058
1.998024 1.982556 1.9975 1.988321 1.997171
1.988811 0.1874755 1.988042 1.989319 1.995003
1.981946 1.982957 1.992775 1.991399 0.3135872
1.989628 1.992327 1.995615 0.5261254 1.985821
0.8051747 1.986509 1.996951 1.99861 1.999454
1.992847 1.98713 1.992573 1.991697 1.990864
1.988418 1.993131 1.99001 1.988892 1.991554
1.908935 1.977275
1.998024 1.982556 1.9975 1.988321 1.997171
1.988811 0.1874692 1.988042 1.989319 1.995003
1.981946 1.982957 1.992775 1.991399 0.3135763
1.989628 1.992327 1.995615 0.5261312 1.985821
0.8051272 1.986509 1.996951 1.99861 1.999454
1.992847 1.98713 1.992573 1.991697 1.990864
1.988418 1.993131 1.99001 1.988892 1.991554
1.908935 1.977275
1
0.1119634 0.003179076 0.01165729 0.02047369 0.01824863
-0.007680045 -0.01593862 0.2033804 0.02662959 0.01394722
-0.00774985 0.02262311 -0.004147704 0.05624129 0.07413428
0.297869 0.03017532 0.02020633 -0.01995358 -0.2881216
-0.09058663 0.1295985 0.01669755 -0.002382393 -0.002467564
-0.02379053 0.01373711 0.003288462 -0.01213266 0.0337121
-0.01322562 -0.008764126 0.02684872 -0.001583438 -0.009420437
0.005941481 -0.05170043 -0.01424072
0.1119629 0.003179017 0.01165725 0.02047354 0.0182486
-0.007679971 -0.0159386 0.2033808 0.0266296 0.01394728
-0.007749847 0.02262314 -0.004147666 0.05624135 0.07413421
0.2978685 0.0301754 0.02020631 -0.01995345 -0.2881215
-0.09058655 0.129599 0.01669761 -0.002382469 -0.002467549
-0.0237904 0.01373715 0.003288399 -0.01213269 0.03371205
-0.01322565 -0.008764177 0.02684884 -0.001583534 -0.009420476
0.005941369 -0.05170037 -0.01424073
1.998024 1.982556 1.9975 1.988321 1.997171
1.988811 0.1874773 1.988042 1.989319 1.995003
1.981946 1.982957 1.992775 1.991399 0.3135873
1.989628 1.992327 1.995615 0.5261225 1.985821
0.805173 1.986509 1.996951 1.99861 1.999454
1.992847 1.98713 1.992573 1.991697 1.990864
1.988418 1.993131 1.99001 1.988892 1.991554
1.908935 1.977275
1.998024 1.982556 1.9975 1.988321 1.997171
1.988811 0.1874776 1.988042 1.989319 1.995003
1.981946 1.982957 1.992775 1.991399 0.3135836
1.989628 1.992327 1.995615 0.5261271 1.985821
0.8051947 1.986509 1.996951 1.99861 1.999454
1.992847 1.98713 1.992573 1.991697 1.990864
1.988418 1.993131 1.99001 1.988892 1.991554
1.908935 1.977275
1
0.1119639 0.003179157 0.01165727 0.02047358 0.01824866
-0.007679728 -0.01593863 0.20338 0.0266301 0.01394716
-0.007749918 0.02262304 -0.004147687 0.0562414 0.07413441
0.2978683 0.03017498 0.02020618 -0.01995387 -0.2881208
-0.09058667 0.1295985 0.01669774 -0.002382435 -0.002467599
-0.02379055 0.01373705 0.003288337 -0.01213264 0.03371178
-0.01322545 -0.008764441 0.02684893 -0.001583357 -0.009420456
0.005941709 -0.05170047 -0.01424085
0.1119636 0.003179215 0.01165718 0.02047363 0.01824855
-0.007679912 -0.01593844 0.2033803 0.02662998 0.01394723
-0.007749829 0.0226231 -0.004147744 0.05624137 0.07413444
0.2978682 0.03017508 0.02020613 -0.01995366 -0.2881207
-0.09058665 0.1295983 0.01669776 -0.00238244 -0.002467669
-0.02379053 0.01373699 0.003288373 -0.01213275 0.03371181
-0.01322548 -0.008764253 0.02684882 -0.001583459 -0.009420464
0.005941469 -0.05170043 -0.01424077
1.998024 1.982556 1.9975 1.988321 1.997171
1.988811 0.1874762 1.988042 1.989319 1.995003
1.981946 1.982957 1.992775 1.991399 0.3135888
1.989628 1.992327 1.995615 0.5261027 1.985821
0.8051887 1.986509 1.996951 1.99861 1.999454
1.992847 1.98713 1.992573 1.991697 1.990864
1.988418 1.993131 1.99001 1.988892 1.991554
1.908935 1.977275
1.998024 1.982556 1.9975 1.988321 1.997171
1.988811 0.1874784 1.988042 1.989319 1.995003
1.981946 1.982957 1.992775 1.991399 0.3135861
1.989628 1.992327 1.995615 0.526106 1.985821
0.805176 1.986509 1.996951 1.99861 1.999454
1.992847 1.98713 1.992573 1.991697 1.990864
1.988418 1.993131 1.99001 1.988892 1.991554
1.908935 1.977275
1
0.1119625 0.00317877 0.01165738 0.02047357 0.01824868
-0.007679865 -0.01593893 0.2033812 0.02662955 0.01394719
-0.007749909 0.02262309 -0.004147421 0.05624144 0.07413411
0.2978693 0.03017541 0.02020638 -0.0199535 -0.2881218
-0.09058654 0.129599 0.01669745 -0.002382362 -0.002467472
-0.0237905 0.01373726 0.003288559 -0.01213252 0.03371216
-0.01322567 -0.008764203 0.02684868 -0.001583356 -0.009420453
0.00594157 -0.05170028 -0.01424079
0.1119628 0.003179023 0.01165721 0.02047369 0.01824852
-0.007680145 -0.01593852 0.203381 0.02662949 0.01394728
-0.00774978 0.02262316 -0.004147649 0.05624134 0.07413426
0.2978689 0.03017543 0.02020627 -0.01995334 -0.2881216
-0.09058658 0.1295985 0.01669756 -0.002382393 -0.002467611
-0.02379049 0.0137371 0.003288529 -0.01213272 0.03371213
-0.01322566 -0.008763978 0.0268486 -0.001583514 -0.009420456
0.005941264 -0.05170032 -0.01424067
1.998024 1.982556 1.9975 1.988321 1.997171
1.988811 0.1874768 1.988042 1.989319 1.995003
1.981946 1.982957 1.992775 1.991399 0.3135921
1.989628 1.992327 1.995615 0.5261314 1.985821
0.8052028 1.986509 1.996951 1.99861 1.999454
1.992847 1.98713 1.992573 1.991697 1.990864
1.988418 1.993131 1.99001 1.988892 1.991554
1.908935 1.977275
1.998024 1.982556 1.9975 1.988321 1.997171
1.988811 0.1874795 1.988042 1.989319 1.995003
1.981946 1.982957 1.992775 1.991399 0.3135863
1.989628 1.992327 1.995615 0.5261278 1.985821
0.805173 1.986509 1.996951 1.99861 1.999454
1.992847 1.98713 1.992573 1.991697 1.990864
1.988418 1.993131 1.99001 1.988892 1.991554
1.908935 1.977275
1
0.1119634 0.003178882 0.01165753 0.02047375 0.01824885
-0.007680272 -0.01593896 0.2033803 0.02662884 0.01394719
-0.007749929 0.02262311 -0.004147733 0.05624107 0.07413397
0.2978705 0.03017579 0.02020677 -0.01995353 -0.2881236
-0.0905866 0.129599 0.01669716 -0.002382349 -0.002467322
-0.0237905 0.01373736 0.003288532 -0.0121325 0.03371266
-0.01322591 -0.00876397 0.02684867 -0.001583422 -0.009420383
0.005941576 -0.05170052 -0.01424063
0.1119629 0.003179209 0.01165707 0.02047385 0.01824836
-0.007680478 -0.01593816 0.2033809 0.02662934 0.01394736
-0.007749639 0.02262324 -0.004147813 0.05624125 0.0741344
0.2978688 0.03017549 0.02020618 -0.01995312 -0.2881215
-0.09058661 0.129598 0.0166976 -0.002382375 -0.002467747
-0.02379053 0.01373695 0.003288584 -0.0121329 0.03371217
-0.01322567 -0.008763673 0.0268484 -0.001583636 -0.009420448
0.005940949 -0.05170033 -0.01424054
1.998024 1.982556 1.9975 1.988321 1.997171
1.988811 0.1874734 1.988042 1.989319 1.995003
1.981946 1.982957 1.992775 1.991399 0.3135865
1.989628 1.992327 1.995615 0.5261541 1.985821
0.80517 1.986509 1.996951 1.99861 1.999454
1.992847 1.98713 1.992573 1.991697 1.990864
1.988418 1.993131 1.99001 1.988892 1.991554
1.908935 1.977275
1.998024 1.982556 1.9975 1.988321 1.997171
1.988811 0.1874828 1.988042 1.989319 1.995003
1.981946 1.982957 1.992775 1.991399 0.3135831
1.989628 1.992327 1.995615 0.5261275 1.985821
0.8051382 1.986509 1.996951 1.99861 1.999454
1.992847 1.98713 1.992573 1.991697 1.990864
1.988418 1.993131 1.99001 1.988892 1.991554
1.908935 1.977275
1
0.1119633 0.003179068 0.01165728 0.02047371 0.01824862
-0.007680091 -0.0159386 0.2033805 0.02662953 0.01394723
-0.007749836 0.02262312 -0.004147704 0.05624128 0.07413428
0.2978691 0.03017536 0.02020633 -0.01995353 -0.2881217
-0.09058662 0.1295985 0.01669753 -0.002382385 -0.002467568
-0.02379053 0.01373712 0.003288484 -0.01213267 0.03371214
-0.01322564 -0.008764076 0.02684868 -0.001583449 -0.009420435
0.005941442 -0.05170042 -0.0142407
0.111967 0.003179736 0.0116574 0.02047451 0.01824881
-0.007681049 -0.01593827 0.2033774 0.02662868 0.01394709
-0.007749769 0.02262308 -0.004148505 0.05624052 0.07413457
0.2978716 0.03017549 0.02020674 -0.01995399 -0.2881238
-0.09058702 0.1295965 0.01669714 -0.002382168 -0.002467579
-0.02379098 0.01373694 0.003288561 -0.01213278 0.03371282
-0.01322578 -0.008763495 0.0268483 -0.001583354 -0.009420221
0.005941605 -0.05170104 -0.01424038
1.998024 1.982556 1.9975 1.988321 1.997171
1.988811 0.1874776 1.988042 1.989319 1.995003
1.981946 1.982957 1.992775 1.991399 0.3135872
1.989628 1.992327 1.995615 0.5261246 1.985821
0.8051701 1.986509 1.996951 1.99861 1.999454
1.992847 1.98713 1.992573 1.991697 1.990864
1.988418 1.993131 1.99001 1.988892 1.991554
1.908935 1.977275
1.998024 1.982556 1.9975 1.988321 1.997171
1.988811 0.1874743 1.988042 1.989319 1.995003
1.981946 1.982957 1.992775 1.991399 0.3135863
1.989628 1.992327 1.995615 0.5261269 1.985821
0.8050278 1.986509 1.996951 1.99861 1.999454
1.992847 1.98713 1.992573 1.991697 1.990864
1.988418 1.993131 1.99001 1.988892 1.991554
1.908935 1.977275
1
0.1119638 0.003179139 0.01165729 0.0204737 0.01824866
-0.007679976 -0.01593862 0.2033801 0.02662974 0.01394718
-0.007749876 0.02262307 -0.004147737 0.05624129 0.07413435
0.2978689 0.0301752 0.0202063 -0.01995373 -0.2881215
-0.09058667 0.1295984 0.01669759 -0.002382389 -0.002467575
-0.02379058 0.01373708 0.003288426 -0.01213265 0.03371202
-0.01322556 -0.008764215 0.02684877 -0.001583389 -0.009420429
0.005941595 -0.05170048 -0.01424075
0.1119633 0.003179004 0.01165733 0.02047368 0.01824867
-0.007679985 -0.01593873 0.2033805 0.0266296 0.01394719
-0.007749882 0.02262309 -0.004147635 0.05624132 0.07413425
0.2978692 0.03017531 0.02020635 -0.01995362 -0.2881217
-0.09058663 0.1295986 0.01669751 -0.002382369 -0.002467531
-0.02379056 0.01373715 0.003288492 -0.0121326 0.03371213
-0.01322563 -0.008764167 0.0268487 -0.00158338 -0.009420431
0.005941571 -0.05170042 -0.01424075
1.998024 1.982556 1.9975 1.988321 1.997171
1.988811 0.1874766 1.988042 1.989319 1.995003
1.981946 1.982957 1.992775 1.991399 0.3135883
1.989628 1.992327 1.995615 0.5261149 1.985821
0.8051702 1.986509 1.996951 1.99861 1.999454
1.992847 1.98713 1.992573 1.991697 1.990864
1.988418 1.993131 1.99001 1.988892 1.991554
1.908935 1.977275
1.998024 1.982556 1.9975 1.988321 1.997171
1.988811 0.1874767 1.988042 1.989319 1.995003
1.981946 1.982957 1.992775 1.991399 0.3135897
1.989628 1.992327 1.995615 0.5261232 1.985821
0.8051779 1.986509 1.996951 1.99861 1.999454
1.992847 1.98713 1.992573 1.991697 1.990864
1.988418 1.993131 1.99001 1.988892 1.991554
1.908935 1.977275
1
0.1119633 0.003179061 0.01165728 0.02047366 0.01824862
-0.007680032 -0.01593861 0.2033805 0.02662959 0.01394723
-0.007749848 0.02262311 -0.004147691 0.05624131 0.07413427
0.2978689 0.03017533 0.02020632 -0.01995355 -0.2881216
-0.09058661 0.1295986 0.01669756 -0.002382405 -0.002467564
-0.02379051 0.01373712 0.003288456 -0.01213267 0.03371209
-0.01322563 -0.008764131 0.02684873 -0.001583454 -0.009420445
0.005941457 -0.05170041 -0.01424072
0.1119634 0.003179059 0.0116573 0.02047368 0.01824864
-0.007680036 -0.01593864 0.2033804 0.02662958 0.01394721
-0.007749858 0.0226231 -0.004147693 0.05624129 0.07413427
0.297869 0.03017533 0.02020634 -0.01995358 -0.2881217
-0.09058663 0.1295985 0.01669754 -0.002382391 -0.002467553
-0.02379053 0.01373713 0.003288465 -0.01213265 0.03371212
-0.01322563 -0.008764134 0.02684872 -0.001583431 -0.009420436
0.005941497 -0.05170043 -0.01424072
1.998024 1.982556 1.9975 1.988321 1.997171
1.988811 0.1874774 1.988042 1.989319 1.995003
1.981946 1.982957 1.992775 1.991399 0.3135868
1.989628 1.992327 1.995615 0.5261232 1.985821
0.8051769 1.986509 1.996951 1.99861 1.999454
1.992847 1.98713 1.992573 1.991697 1.990864
1.988418 1.993131 1.99001 1.988892 1.991554
1.908935 1.977275
1.998024 1.982556 1.9975 1.988321 1.997171
1.988811 0.1874771 1.988042 1.989319 1.995003
1.981946 1.982957 1.992775 1.991399 0.3135875
1.989628 1.992327 1.995615 0.5261233 1.985821
0.8051746 1.986509 1.996951 1.99861 1.999454
1.992847 1.98713 1.992573 1.991697 1.990864
1.988418 1.993131 1.99001 1.988892 1.991554
1.908935 1.977275
1
0.1119629 0.00317898 0.01165725 0.02047372 0.01824856
-0.007680024 -0.01593864 0.2033809 0.02662967 0.0139472
-0.007749817 0.02262311 -0.00414755 0.05624141 0.07413432
0.297869 0.03017527 0.02020622 -0.01995349 -0.2881213
-0.09058662 0.1295983 0.01669755 -0.002382332 -0.002467617
-0.0237906 0.01373709 0.003288584 -0.01213265 0.03371206
-0.01322559 -0.008764066 0.02684854 -0.001583381 -0.009420441
0.005941444 -0.05170031 -0.01424074
0.1119636 0.003179134 0.01165728 0.02047363 0.01824865
-0.007679977 -0.01593858 0.2033802 0.02662969 0.01394723
-0.007749871 0.0226231 -0.004147761 0.05624128 0.0741343
0.2978687 0.03017527 0.02020632 -0.01995365 -0.2881215
-0.09058663 0.1295986 0.01669761 -0.002382439 -0.002467559
-0.02379049 0.0137371 0.003288377 -0.01213268 0.03371203
-0.0132256 -0.00876422 0.02684885 -0.001583462 -0.009420447
0.005941516 -0.05170048 -0.01424074
1.998024 1.982556 1.9975 1.988321 1.997171
1.988811 0.1874792 1.988042 1.989319 1.995003
1.981946 1.982957 1.992775 1.991399 0.3135919
1.989628 1.992327 1.995615 0.5261196 1.985821
0.8051724 1.986509 1.996951 1.99861 1.999454
1.992847 1.98713 1.992573 1.991697 1.990864
1.988418 1.993131 1.99001 1.988892 1.991554
1.908935 1.977275
1.998024 1.982556 1.9975 1.988321 1.997171
1.988811 0.1874765 1.988042 1.989319 1.995003
1.981946 1.982957 1.992775 1.991399 0.3135851
1.989628 1.992327 1.995615 0.5261191 1.985821
0.8051789 1.986509 1.996951 1.99861 1.999454
1.992847 1.98713 1.992573 1.991697 1.990864
1.988418 1.993131 1.99001 1.988892 1.991554
1.908935 1.977275
1
0.1119603 0.00317902 0.01165647 0.02047404 0.01824757
-0.007680129 -0.01593768 0.203384 0.02663091 0.01394732
-0.00774928 0.02262328 -0.004146936 0.0562422 0.07413512
0.2978668 0.03017448 0.02020486 -0.01995263 -0.2881165
-0.09058663 0.1295957 0.01669819 -0.002382069 -0.002468471
-0.02379102 0.01373638 0.003289212 -0.01213313 0.03371111
-0.01322503 -0.008763457 0.02684736 -0.001583351 -0.009420544
0.005940504 -0.05169949 -0.01424076
0.1119536 0.003178255 0.0116559 0.02047352 0.01824674
-0.007680508 -0.01593714 0.2033898 0.02663025 0.01394796
-0.007748791 0.02262377 -0.004146217 0.05624283 0.07413463
0.2978646 0.03017552 0.02020441 -0.01995041 -0.2881156
-0.09058594 0.1295975 0.01669835 -0.002382269 -0.002468715
-0.02379031 0.01373645 0.003289582 -0.01213354 0.03371115
-0.01322539 -0.008762583 0.02684684 -0.001584133 -0.009420811
0.005938639 -0.0516984 -0.01424051
1.998024 1.982556 1.9975 1.988321 1.997171
1.988811 0.1875012 1.988042 1.989319 1.995003
1.981946 1.982957 1.992775 1.991399 0.3136109
1.989628 1.992327 1.995615 0.5260614 1.985821
0.8051241 1.986509 1.996951 1.99861 1.999454
1.992847 1.98713 1.992573 1.991697 1.990864
1.988418 1.993131 1.99001 1.988892 1.991554
1.908935 1.977275
1.998024 1.982556 1.9975 1.988321 1.997171
1.988811 0.1875186 1.988042 1.989319 1.995003
1.981946 1.982957 1.992775 1.991399 0.3135965
1.989628 1.992327 1.995615 0.5261187 1.985821
0.8052083 1.986509 1.996951 1.99861 1.999454
1.992847 1.98713 1.992573 1.991697 1.990864
1.988418 1.993131 1.99001 1.988892 1.991554
1.908935 1.977275
1
0.1119635 0.003179031 0.01165736 0.02047362 0.01824872
-0.007679997 -0.01593873 0.2033803 0.02662948 0.01394722
-0.007749906 0.0226231 -0.004147724 0.05624125 0.07413418
0.2978691 0.03017541 0.02020645 -0.01995363 -0.2881221
-0.0905866 0.1295989 0.0166975 -0.00238243 -0.002467474
-0.02379046 0.0137372 0.003288399 -0.01213261 0.03371218
-0.01322568 -0.008764205 0.02684885 -0.001583451 -0.009420438
0.005941556 -0.05170048 -0.01424073
0.1119634 0.003179134 0.01165722 0.02047374 0.01824856
-0.007680109 -0.01593849 0.2033805 0.02662964 0.01394723
-0.007749802 0.02262312 -0.004147724 0.05624131 0.07413436
0.2978689 0.03017528 0.02020624 -0.01995353 -0.2881214
-0.09058665 0.1295982 0.0166976 -0.002382378 -0.002467633
-0.02379057 0.01373705 0.003288492 -0.01213272 0.03371206
-0.01322559 -0.008764051 0.02684864 -0.001583454 -0.009420438
0.005941396 -0.05170041 -0.0142407
1.998024 1.982556 1.9975 1.988321 1.997171
1.988811 0.1874753 1.988042 1.989319 1.995003
1.981946 1.982957 1.992775 1.991399 0.3135853
1.989628 1.992327 1.995615 0.5261294 1.985821
0.8051852 1.986509 1.996951 1.99861 1.999454
1.992847 1.98713 1.992573 1.991697 1.990864
1.988418 1.993131 1.99001 1.988892 1.991554
1.908935 1.977275
1.998024 1.982556 1.9975 1.988321 1.997171
1.988811 0.1874788 1.988042 1.989319 1.995003
1.981946 1.982957 1.992775 1.991399 0.3135875
1.989628 1.992327 1.995615 0.5261183 1.985821
0.8051625 1.986509 1.996951 1.99861 1.999454
1.992847 1.98713 1.992573 1.991697 1.990864
1.988418 1.993131 1.99001 1.988892 1.991554
1.908935 1.977275
1
0.1119628 0.003178807 0.01165744 0.02047375 0.01824873
-0.007680179 -0.01593892 0.2033809 0.0266291 0.01394719
-0.007749879 0.02262312 -0.00414755 0.05624126 0.07413406
0.2978701 0.03017564 0.02020656 -0.01995343 -0.2881228
-0.09058658 0.1295987 0.01669725 -0.002382303 -0.002467426
-0.02379056 0.01373729 0.003288638 -0.01213252 0.03371248
-0.01322581 -0.008763956 0.02684851 -0.001583373 -0.009420405
0.005941508 -0.05170036 -0.01424068
0.1119633 0.003179044 0.01165729 0.02047367 0.01824863
-0.007680033 -0.01593864 0.2033805 0.02662958 0.01394722
-0.007749853 0.02262311 -0.004147677 0.05624131 0.07413426
0.297869 0.03017534 0.02020633 -0.01995356 -0.2881217
-0.09058662 0.1295986 0.01669754 -0.002382392 -0.002467556
-0.02379052 0.01373713 0.003288472 -0.01213265 0.03371211
-0.01322563 -0.008764127 0.02684871 -0.001583436 -0.00942044
0.005941478 -0.05170041 -0.01424072
1.998024 1.982556 1.9975 1.988321 1.997171
1.988811 0.1874763 1.988042 1.989319 1.995003
1.981946 1.982957 1.992775 1.991399 0.3135913
1.989628 1.992327 1.995615 0.5261447 1.985821
0.805174 1.986509 1.996951 1.99861 1.999454
1.992847 1.98713 1.992573 1.991697 1.990864
1.988418 1.993131 1.99001 1.988892 1.991554
1.908935 1.977275
1.998024 1.982556 1.9975 1.988321 1.997171
1.988811 0.1874773 1.988042 1.989319 1.995003
1.981946 1.982957 1.992775 1.991399 0.3135875
1.989628 1.992327 1.995615 0.5261238 1.985821
0.8051761 1.986509 1.996951 1.99861 1.999454
1.992847 1.98713 1.992573 1.991697 1.990864
1.988418 1.993131 1.99001 1.988892 1.991554
1.908935 1.977275
1
0.1119611 0.003178115 0.01165777 0.0204729 0.0182491
-0.007678978 -0.01593992 0.203382 0.02662967 0.01394711
-0.007750282 0.02262297 -0.004146945 0.0562417 0.0741335
0.2978691 0.03017558 0.02020675 -0.01995375 -0.2881227
-0.09058629 0.1296014 0.01669732 -0.002382539 -0.00246701
-0.02379012 0.01373778 0.003288324 -0.01213206 0.03371215
-0.0132258 -0.008765002 0.02684939 -0.001583235 -0.00942053
0.00594217 -0.05170018 -0.0142411
0.1119633 0.003179031 0.0116573 0.02047367 0.01824864
-0.007680016 -0.01593867 0.2033805 0.02662958 0.01394721
-0.007749861 0.0226231 -0.004147664 0.05624131 0.07413426
0.297869 0.03017534 0.02020634 -0.01995357 -0.2881217
-0.09058662 0.1295986 0.01669754 -0.002382389 -0.002467548
-0.02379053 0.01373714 0.003288474 -0.01213264 0.03371211
-0.01322563 -0.008764141 0.02684872 -0.001583425 -0.00942044
0.005941499 -0.05170041 -0.01424073
1.998024 1.982556 1.9975 1.988321 1.997171
1.988811 0.1874678 1.988042 1.989319 1.995003
1.981946 1.982957 1.992775 1.991399 0.3135926
1.989628 1.992327 1.995615 0.5261537 1.985821
0.8053312 1.986509 1.996951 1.99861 1.999454
1.992847 1.98713 1.992573 1.991697 1.990864
1.988418 1.993131 1.99001 1.988892 1.991554
1.908935 1.977275
1.998024 1.982556 1.9975 1.988321 1.997171
1.988811 0.1874771 1.988042 1.989319 1.995003
1.981946 1.982957 1.992775 1.991399 0.3135879
1.989628 1.992327 1.995615 0.5261238 1.985821
0.8051777 1.986509 1.996951 1.99861 1.999454
1.992847 1.98713 1.992573 1.991697 1.990864
1.988418 1.993131 1.99001 1.988892 1.991554
1.908935 1.977275
1
0.1119626 0.003178843 0.01165735 0.02047354 0.01824867
-0.007679886 -0.01593884 0.2033811 0.02662955 0.01394723
-0.007749898 0.02262311 -0.004147505 0.05624141 0.07413412
0.297869 0.03017543 0.02020638 -0.01995348 -0.2881218
-0.09058653 0.1295991 0.0166975 -0.002382411 -0.002467481
-0.02379044 0.01373724 0.003288488 -0.01213257 0.03371213
-0.01322568 -0.008764213 0.02684877 -0.001583425 -0.009420464
0.005941508 -0.05170031 -0.01424077
0.1119637 0.00317893 0.01165751 0.02047383 0.01824884
-0.007680197 -0.01593896 0.2033801 0.02662909 0.01394713
-0.007749932 0.02262307 -0.004147692 0.05624113 0.07413411
0.2978705 0.03017557 0.02020666 -0.01995368 -0.2881231
-0.09058667 0.1295985 0.01669721 -0.002382287 -0.002467387
-0.02379063 0.01373729 0.003288579 -0.01213249 0.03371253
-0.01322579 -0.008764023 0.02684859 -0.001583307 -0.009420368
0.005941704 -0.05170052 -0.01424068
1.998024 1.982556 1.9975 1.988321 1.997171
1.988811 0.1874767 1.988042 1.989319 1.995003
1.981946 1.982957 1.992775 1.991399 0.3135886
1.989628 1.992327 1.995615 0.5261314 1.985821
0.8052038 1.986509 1.996951 1.99861 1.999454
1.992847 1.98713 1.992573 1.991697 1.990864
1.988418 1.993131 1.99001 1.988892 1.991554
1.908935 1.977275
1.998024 1.982556 1.9975 1.988321 1.997171
1.988811 0.187474 1.988042 1.989319 1.995003
1.981946 1.982957 1.992775 1.991399 0.3135916
1.989628 1.992327 1.995615 0.5261405 1.985821
0.8051594 1.986509 1.996951 1.99861 1.999454
1.992847 1.98713 1.992573 1.991697 1.990864
1.988418 1.993131 1.99001 1.988892 1.991554
1.908935 1.977275
0.8570218
0.2123342 0.001222451 0.01767384 0.01149143 0.005640502
-0.01081007 -0.02827023 0.1418101 0.001832227 0.006856227
-0.0196986 0.03623808 -0.01671701 0.06841023 0.08089583
0.3101871 0.01312734 0.02009966 -0.05452606 -0.2980714
-0.1082594 0.129843 0.01956129 -0.01332678 0.01895336
-0.02206574 0.03410344 -0.0086069 -0.01837553 0.00865979
0.01796697 -0.02357416 0.02750436 0.009795765 0.005260499
-0.008661752 -0.02646064 -0.03891975
0.1119634 0.003179071 0.01165729 0.02047366 0.01824863
-0.007680006 -0.01593862 0.2033804 0.02662963 0.01394722
-0.007749859 0.0226231 -0.004147696 0.05624131 0.07413428
0.2978689 0.03017531 0.02020632 -0.01995359 -0.2881216
-0.09058662 0.1295986 0.01669757 -0.002382406 -0.00246756
-0.02379052 0.01373712 0.003288443 -0.01213266 0.03371207
-0.01322562 -0.008764162 0.02684875 -0.001583441 -0.009420443
0.005941493 -0.05170043 -0.01424073
1.998024 1.982556 1.9975 1.988321 1.997171
1.614103 1.997454 1.988042 1.989319 0.1316215
1.981946 0.395079 0.5234219 1.991399 1.995308
1.989628 1.992327 1.995615 1.988922 1.985821
1.977309 1.986509 1.996951 1.99861 0.6701065
0.2605177 1.98713 1.992573 1.991697 1.990864
0.224535 0.3656291 1.99001 1.611602 1.991554
1.908935 1.977275
1.998024 1.982556 1.9975 1.988321 1.997171
1.988811 0.1874771 1.988042 1.989319 1.995003
1.981946 1.982957 1.992775 1.991399 0.313587
1.989628 1.992327 1.995615 0.5261217 1.985821
0.8051776 1.986509 1.996951 1.99861 1.999454
1.992847 1.98713 1.992573 1.991697 1.990864
1.988418 1.993131 1.99001 1.988892 1.991554
1.908935 1.977275
1
0.1119619 0.003179233 0.0116567 0.02047346 0.018248
-0.007679565 -0.0159379 0.2033821 0.0266311 0.01394735
-0.007749606 0.02262317 -0.004147374 0.05624195 0.07413484
0.2978656 0.03017448 0.02020527 -0.01995327 -0.2881172
-0.09058656 0.1295978 0.01669837 -0.002382476 -0.002468117
-0.02379053 0.01373663 0.003288464 -0.01213303 0.03371093
-0.01322508 -0.008764308 0.02684862 -0.00158354 -0.009420599
0.005940998 -0.05169996 -0.0142409
0.111965 0.003178996 0.01165767 0.02047403 0.01824903
-0.007680121 -0.01593921 0.2033791 0.02662921 0.01394693
-0.007750043 0.02262294 -0.004147724 0.05624104 0.07413421
0.2978714 0.03017533 0.02020675 -0.01995418 -0.2881234
-0.09058684 0.1295979 0.01669709 -0.002382154 -0.002467332
-0.0237909 0.01373729 0.00328863 -0.01213233 0.03371259
-0.01322571 -0.008764158 0.02684852 -0.001583026 -0.009420287
0.005942187 -0.05170071 -0.01424075
1.998024 1.982556 1.9975 1.988321 1.997171
1.988811 0.1874891 1.988042 1.989319 1.995003
1.981946 1.982957 1.992775 1.991399 0.3135904
1.989628 1.992327 1.995615 0.5260655 1.985821
0.8052001 1.986509 1.996951 1.99861 1.999454
1.992847 1.98713 1.992573 1.991697 1.990864
1.988418 1.993131 1.99001 1.988892 1.991554
1.908935 1.977275
1.998024 1.982556 1.9975 1.988321 1.997171
1.988811 0.1874707 1.988042 1.989319 1.995003
1.981946 1.982957 1.992775 1.991399 0.3136006
1.989628 1.992327 1.995615 0.526128 1.985821
0.8051343 1.986509 1.996951 1.99861 1.999454
1.992847 1.98713 1.992573 1.991697 1.990864
1.988418 1.993131 1.99001 1.988892 1.991554
1.908935 1.977275
1
0.1119642 0.003179238 0.01165733 0.02047375 0.01824871
-0.007680234 -0.01593853 0.2033796 0.02662932 0.01394724
-0.00774986 0.02262312 -0.00414796 0.05624108 0.07413426
0.2978693 0.03017546 0.0202065 -0.01995365 -0.2881224
-0.09058667 0.1295985 0.01669749 -0.002382434 -0.002467509
-0.02379049 0.01373713 0.00328836 -0.0121327 0.03371227
-0.01322571 -0.008764062 0.02684883 -0.001583518 -0.009420411
0.005941472 -0.05170061 -0.01424064
0.1119603 0.003178578 0.01165719 0.02047359 0.01824838
-0.007680466 -0.01593861 0.203383 0.0266287 0.01394747
-0.007749655 0.02262334 -0.004147367 0.05624142 0.07413388
0.2978694 0.03017613 0.02020643 -0.0199525 -0.2881227
-0.09058632 0.1295993 0.0166973 -0.00238239 -0.002467533
-0.02379027 0.0137373 0.003288774 -0.01213273 0.03371257
-0.01322599 -0.008763511 0.02684829 -0.001583738 -0.009420502
0.005940684 -0.05169997 -0.01424052
1.998024 1.982556 1.9975 1.988321 1.997171
1.988811 0.1874752 1.988042 1.989319 1.995003
1.981946 1.982957 1.992775 1.991399 0.3135814
1.989628 1.992327 1.995615 0.5261297 1.985821
0.8051562 1.986509 1.996951 1.99861 1.999454
1.992847 1.98713 1.992573 1.991697 1.990864
1.988418 1.993131 1.99001 1.988892 1.991554
1.908935 1.977275
1.998024 1.982556 1.9975 1.988321 1.997171
1.988811 0.1874834 1.988042 1.989319 1.995003
1.981946 1.982957 1.992775 1.991399 0.3135832
1.989628 1.992327 1.995615 0.5261707 1.985821
0.8051955 1.986509 1.996951 1.99861 1.999454
1.992847 1.98713 1.992573 1.991697 1.990864
1.988418 1.993131 1.99001 1.988892 1.991554
1.908935 1.977275
1
0.1119645 0.003178989 0.01165762 0.02047366 0.01824902
-0.007679939 -0.01593911 0.2033793 0.02662924 0.01394709
-0.007750074 0.022623 -0.004147807 0.05624106 0.07413403
0.2978702 0.03017549 0.0202068 -0.01995401 -0.2881233
-0.09058668 0.1295991 0.01669726 -0.002382396 -0.002467256
-0.02379052 0.01373737 0.00328834 -0.0121324 0.03371245
-0.01322578 -0.008764374 0.02684901 -0.001583296 -0.009420375
0.005941995 -0.0517007 -0.01424076
0.1119609 0.003178875 0.01165692 0.02047352 0.01824816
-0.007679981 -0.01593825 0.2033827 0.02662997 0.01394741
-0.007749619 0.02262326 -0.004147313 0.05624174 0.07413437
0.2978674 0.03017527 0.02020579 -0.01995285 -0.2881197
-0.09058643 0.1295985 0.01669786 -0.002382425 -0.002467849
-0.02379041 0.01373695 0.003288645 -0.01213288 0.0337117
-0.01322551 -0.008763912 0.02684842 -0.001583629 -0.009420559
0.00594082 -0.05169992 -0.01424073
1.998024 1.982556 1.9975 1.988321 1.997171
1.988811 0.1874692 1.988042 1.989319 1.995003
1.981946 1.982957 1.992775 1.991399 0.3135874
1.989628 1.992327 1.995615 0.5261379 1.985821
0.8051846 1.986509 1.996951 1.99861 1.999454
1.992847 1.98713 1.992573 1.991697 1.990864
1.988418 1.993131 1.99001 1.988892 1.991554
1.908935 1.977275
1.998024 1.982556 1.9975 1.988321 1.997171
1.988811 0.187487 1.988042 1.989319 1.995003
1.981946 1.982957 1.992775 1.991399 0.313588
1.989628 1.992327 1.995615 0.526116 1.985821
0.8052009 1.986509 1.996951 1.99861 1.999454
1.992847 1.98713 1.992573 1.991697 1.990864
1.988418 1.993131 1.99001 1.988892 1.991554
1.908935 1.977275
1
0.1119627 0.003178664 0.01165757 0.02047385 0.01824883
-0.007680345 -0.01593913 0.203381 0.02662866 0.01394716
-0.007749904 0.02262312 -0.004147511 0.05624116 0.0741339
0.2978712 0.0301759 0.02020679 -0.01995337 -0.2881239
-0.09058658 0.1295988 0.016697 -0.00238223 -0.002467313
-0.0237906 0.01373742 0.003288755 -0.01213242 0.03371282
-0.01322596 -0.008763801 0.02684837 -0.001583324 -0.009420365
0.005941551 -0.05170037 -0.01424062
0.111964 0.003179092 0.01165739 0.02047365 0.01824877
-0.00767986 -0.01593879 0.2033798 0.02662973 0.01394714
-0.007749958 0.02262303 -0.004147728 0.05624126 0.07413427
0.2978691 0.0301752 0.02020641 -0.01995388 -0.2881218
-0.09058668 0.1295986 0.01669754 -0.002382402 -0.002467483
-0.02379056 0.01373716 0.003288373 -0.01213256 0.03371206
-0.01322558 -0.008764357 0.0268489 -0.001583334 -0.009420421
0.005941781 -0.05170055 -0.0142408
1.998024 1.982556 1.9975 1.988321 1.997171
1.988811 0.187475 1.988042 1.989319 1.995003
1.981946 1.982957 1.992775 1.991399 0.3135937
1.989628 1.992327 1.995615 0.526162 1.985821
0.8051654 1.986509 1.996951 1.99861 1.999454
1.992847 1.98713 1.992573 1.991697 1.990864
1.988418 1.993131 1.99001 1.988892 1.991554
1.908935 1.977275
1.998024 1.982556 1.9975 1.988321 1.997171
1.988811 0.1874741 1.988042 1.989319 1.995003
1.981946 1.982957 1.992775 1.991399 0.3135888
1.989628 1.992327 1.995615 0.5261169 1.985821
0.8051817 1.986509 1.996951 1.99861 1.999454
1.992847 1.98713 1.992573 1.991697 1.990864
1.988418 1.993131 1.99001 1.988892 1.991554
1.908935 1.977275
1
0.1119643 0.003178063 0.01165845 0.02047375 0.01824978
-0.007679523 -0.01594083 0.2033795 0.02662854 0.01394662
-0.007750537 0.02262274 -0.004147135 0.05624106 0.07413339
0.2978742 0.03017581 0.02020762 -0.01995466 -0.2881265
-0.09058672 0.1295999 0.01669633 -0.002382042 -0.002466619
-0.02379085 0.01373806 0.003288738 -0.01213154 0.03371332
-0.01322607 -0.008764707 0.02684878 -0.001582552 -0.009420217
0.005943244 -0.05170072 -0.014241
0.1119632 0.003179041 0.01165726 0.02047368 0.01824859
-0.007679961 -0.01593863 0.2033806 0.02662976 0.0139472
-0.007749844 0.0226231 -0.004147613 0.05624138 0.07413433
0.2978688 0.03017522 0.02020623 -0.01995358 -0.2881212
-0.09058663 0.1295984 0.0166976 -0.00238237 -0.002467606
-0.02379057 0.01373708 0.003288501 -0.01213266 0.033712
-0.01322556 -0.008764162 0.02684867 -0.001583392 -0.009420446
0.005941502 -0.05170037 -0.01424076
1.998024 1.982556 1.9975 1.988321 1.997171
1.988811 0.1874572 1.988042 1.989319 1.995003
1.981946 1.982957 1.992775 1.991399 0.3136152
1.989628 1.992327 1.995615 0.5261746 1.985821
0.8052222 1.986509 1.996951 1.99861 1.999454
1.992847 1.98713 1.992573 1.991697 1.990864
1.988418 1.993131 1.99001 1.988892 1.991554
1.908935 1.977275
1.998024 1.982556 1.9975 1.988321 1.997171
1.988811 0.1874782 1.988042 1.989319 1.995003
1.981946 1.982957 1.992775 1.991399 0.3135901
1.989628 1.992327 1.995615 0.5261162 1.985821
0.8051766 1.986509 1.996951 1.99861 1.999454
1.992847 1.98713 1.992573 1.991697 1.990864
1.988418 1.993131 1.99001 1.988892 1.991554
1.908935 1.977275
0.09693646
0.202458 -0.0001874546 0.002160812 0.02058399 -0.002522035
-0.001592179 -0.04054341 0.1468948 0.01071253 0.01297461
-0.03299269 0.03311256 -0.01487061 0.07374958 0.08472036
0.3237793 0.01840752 0.01833488 -0.04507816 -0.2821275
-0.1016424 0.130339 0.02209393 -0.004679377 0.002627951
-0.02009479 0.01920318 -0.01445677 -0.01857626 0.01371303
0.009649842 -0.00968411 0.03615834 0.002230758 0.003408354
-0.0006967934 -0.04126831 -0.0444443
0.1872299 -0.004025263 0.01816184 0.01979007 -0.00591931
0.0005800761 -0.03136258 0.1481386 0.0336338 0.004314461
-0.03188607 0.03510176 -0.01181674 0.06172076 0.08163236
0.3025631 0.01789933 0.02491751 -0.04983748 -0.2981101
-0.09712123 0.123635 0.03017561 -0.003654534 0.01545975
-0.02074957 0.02189494 -0.000223137 -0.004400136 0.001801715
-0.002533136 -0.01915041 0.03897381 0.02214292 0.004392261
-0.01783046 -0.0393051 -0.03366785
1.998024 1.982556 1.9975 1.988321 1.997171
1.988811 1.997454 1.988042 1.989319 1.995003
1.981946 1.982957 1.6678 1.991399 0.2606727
0.04349642 1.992327 1.995615 1.934578 1.985821
1.977309 1.986509 0.3910596 1.99861 1.999454
1.992847 1.98713 1.992573 1.991697 1.990864
1.988418 1.993131 1.99001 1.988892 0.342377
1.908935 0.7431336
0.5735461 1.982556 1.9975 1.988321 1.997171
1.988811 1.997454 1.988042 1.989319 1.995003
1.981946 1.982957 1.992775 1.991399 1.995308
1.989628 1.992327 0.9614671 1.988922 1.985821
0.1160992 1.986509 1.996951 1.99861 0.6600081
1.233159 1.98713 1.992573 1.991697 1.990864
1.988418 0.04130561 1.99001 1.988892 1.991554
1.908935 1.977275
1
0.1119634 0.003179093 0.0116573 0.02047361 0.01824867
-0.007680066 -0.0159386 0.2033803 0.02662946 0.01394726
-0.007749867 0.02262313 -0.004147787 0.05624123 0.0741342
0.2978689 0.03017545 0.02020642 -0.01995354 -0.288122
-0.09058659 0.1295989 0.01669754 -0.002382461 -0.002467509
-0.02379042 0.01373716 0.003288372 -0.01213268 0.03371216
-0.01322569 -0.008764149 0.02684886 -0.001583526 -0.009420449
0.005941435 -0.05170048 -0.01424069
0.1119641 0.003179382 0.01165708 0.02047394 0.01824842
-0.007680225 -0.0159382 0.20338 0.02662992 0.01394721
-0.007749712 0.02262311 -0.004147836 0.0562413 0.07413466
0.2978687 0.03017499 0.02020601 -0.01995362 -0.2881205
-0.09058677 0.1295973 0.01669773 -0.00238231 -0.002467821
-0.02379075 0.01373683 0.003288544 -0.01213285 0.03371187
-0.01322543 -0.008763947 0.02684845 -0.001583408 -0.009420416
0.00594135 -0.05170045 -0.01424068
1.998024 1.982556 1.9975 1.988321 1.997171
1.988811 0.1874761 1.988042 1.989319 1.995003
1.981946 1.982957 1.992775 1.991399 0.3135824
1.989628 1.992327 1.995615 0.5261299 1.985821
0.8051818 1.986509 1.996951 1.99861 1.999454
1.992847 1.98713 1.992573 1.991697 1.990864
1.988418 1.993131 1.99001 1.988892 1.991554
1.908935 1.977275
1.998024 1.982556 1.9975 1.988321 1.997171
1.988811 0.1874815 1.988042 1.989319 1.995003
1.981946 1.982957 1.992775 1.991399 0.3135904
1.989628 1.992327 1.995615 0.5260977 1.985821
0.8051246 1.986509 1.996951 1.99861 1.999454
1.992847 1.98713 1.992573 1.991697 1.990864
1.988418 1.993131 1.99001 1.988892 1.991554
1.908935 1.977275
1
0.111963 0.003179088 0.01165716 0.02047368 0.01824849
-0.007680013 -0.01593846 0.2033809 0.02662981 0.01394725
-0.007749781 0.02262313 -0.004147626 0.05624142 0.07413439
0.2978685 0.0301752 0.02020612 -0.01995345 -0.2881209
-0.09058661 0.1295983 0.01669768 -0.00238239 -0.002467681
-0.02379055 0.01373702 0.003288506 -0.01213274 0.03371192
-0.01322554 -0.008764089 0.02684863 -0.001583464 -0.009420465
0.005941336 -0.05170031 -0.01424073
0.1119639 0.00317928 0.01165721 0.02047365 0.01824859
-0.007680115 -0.01593837 0.2033799 0.02662962 0.01394729
-0.00774982 0.02262314 -0.004147924 0.0562412 0.07413434
0.2978684 0.03017532 0.02020631 -0.01995358 -0.2881215
-0.09058663 0.1295986 0.01669767 -0.002382491 -0.002467602
-0.02379043 0.01373704 0.003288306 -0.01213279 0.03371202
-0.01322561 -0.008764136 0.0268489 -0.001583581 -0.009420454
0.005941356 -0.05170053 -0.01424067
1.998024 1.982556 1.9975 1.988321 1.997171
1.988811 0.1874802 1.988042 1.989319 1.995003
1.981946 1.982957 1.992775 1.991399 0.3135884
1.989628 1.992327 1.995615 0.5261138 1.985821
0.8051737 1.986509 1.996951 1.99861 1.999454
1.992847 1.98713 1.992573 1.991697 1.990864
1.988418 1.993131 1.99001 1.988892 1.991554
1.908935 1.977275
1.998024 1.982556 1.9975 1.988321 1.997171
1.988811 0.1874771 1.988042 1.989319 1.995003
1.981946 1.982957 1.992775 1.991399 0.3135797
1.989628 1.992327 1.995615 0.5261199 1.985821
0.8051685 1.986509 1.996951 1.99861 1.999454
1.992847 1.98713 1.992573 1.991697 1.990864
1.988418 1.993131 1.99001 1.988892 1.991554
1.908935 1.977275
1
0.1119643 0.003179269 0.01165728 0.02047366 0.01824868
-0.007679912 -0.01593853 0.2033796 0.02662988 0.01394719
-0.007749898 0.02262306 -0.004147857 0.05624125 0.0741344
0.2978686 0.0301751 0.02020628 -0.01995386 -0.2881212
-0.0905867 0.1295984 0.01669769 -0.002382447 -0.002467584
-0.02379054 0.01373705 0.003288303 -0.01213269 0.03371191
-0.01322551 -0.008764331 0.02684894 -0.00158342 -0.009420436
0.005941647 -0.05170058 -0.01424077
0.1119634 0.003179062 0.0116573 0.02047368 0.01824864
-0.007680036 -0.01593864 0.2033804 0.02662958 0.01394721
-0.007749858 0.0226231 -0.004147696 0.05624129 0.07413427
0.297869 0.03017533 0.02020634 -0.01995359 -0.2881217
-0.09058663 0.1295985 0.01669754 -0.002382391 -0.002467554
-0.02379053 0.01373713 0.003288464 -0.01213265 0.03371211
-0.01322563 -0.008764134 0.02684872 -0.001583431 -0.009420436
0.005941498 -0.05170043 -0.01424072
1.998024 1.982556 1.9975 1.988321 1.997171
1.988811 0.1874756 1.988042 1.989319 1.995003
1.981946 1.982957 1.992775 1.991399 0.3135852
1.989628 1.992327 1.995615 0.5261082 1.985821
0.8051718 1.986509 1.996951 1.99861 1.999454
1.992847 1.98713 1.992573 1.991697 1.990864
1.988418 1.993131 1.99001 1.988892 1.991554
1.908935 1.977275
1.998024 1.982556 1.9975 1.988321 1.997171
1.988811 0.1874771 1.988042 1.989319 1.995003
1.981946 1.982957 1.992775 1.991399 0.3135875
1.989628 1.992327 1.995615 0.5261232 1.985821
0.8051743 1.986509 1.996951 1.99861 1.999454
1.992847 1.98713 1.992573 1.991697 1.990864
1.988418 1.993131 1.99001 1.988892 1.991554
1.908935 1.977275
1
0.1119636 0.0031791 0.0116573 0.02047369 0.01824865
-0.00768006 -0.01593861 0.2033803 0.02662956 0.01394722
-0.007749857 0.02262311 -0.004147742 0.05624126 0.07413428
0.297869 0.03017534 0.02020635 -0.0199536 -0.2881218
-0.09058663 0.1295985 0.01669754 -0.002382402 -0.002467552
-0.02379052 0.01373712 0.00328844 -0.01213267 0.03371212
-0.01322563 -0.008764131 0.02684875 -0.001583447 -0.009420434
0.005941492 -0.05170046 -0.01424071
0.111964 0.003179122 0.01165738 0.02047383 0.01824873
-0.007680307 -0.01593866 0.2033799 0.02662915 0.01394721
-0.007749858 0.02262312 -0.004147862 0.05624108 0.07413421
0.2978699 0.03017555 0.02020656 -0.0199536 -0.2881227
-0.09058667 0.1295984 0.01669735 -0.002382355 -0.002467481
-0.02379057 0.01373718 0.00328849 -0.01213264 0.03371242
-0.01322576 -0.008763954 0.02684865 -0.001583447 -0.009420387
0.005941498 -0.05170056 -0.01424062
1.998024 1.982556 1.9975 1.988321 1.997171
1.988811 0.1874768 1.988042 1.989319 1.995003
1.981946 1.982957 1.992775 1.991399 0.3135864
1.989628 1.992327 1.995615 0.5261233 1.985821
0.8051716 1.986509 1.996951 1.99861 1.999454
1.992847 1.98713 1.992573 1.991697 1.990864
1.988418 1.993131 1.99001 1.988892 1.991554
1.908935 1.977275
1.998024 1.982556 1.9975 1.988321 1.997171
1.988811 0.1874755 1.988042 1.989319 1.995003
1.981946 1.982957 1.992775 1.991399 0.3135857
1.989628 1.992327 1.995615 0.5261359 1.985821
0.8051492 1.986509 1.996951 1.99861 1.999454
1.992847 1.98713 1.992573 1.991697 1.990864
1.988418 1.993131 1.99001 1.988892 1.991554
1.908935 1.977275
0.1633891
0.2443583 -0.000163599 0.01769879 0.01395748 0.004830305
-0.001617411 -0.02900648 0.1394146 0.009430203 0.00232864
-0.02137625 0.0252176 -0.01892505 0.0520954 0.07171759
0.3144742 0.01455582 0.01153027 -0.04934684 -0.3081316
-0.1080431 0.1295542 0.008878662 -0.01278056 0.01609782
-0.0304607 0.01989203 0.002773789 -0.0185275 0.01362348
0.02300566 -0.02795537 0.03587777 0.01718786 0.003229195
-0.01768935 -0.03413201 -0.04545123
0.111964 0.003179299 0.01165715 0.02047354 0.01824856
-0.007679625 -0.01593843 0.2033799 0.02663046 0.01394719
-0.007749885 0.02262303 -0.004147735 0.05624147 0.07413456
0.2978675 0.03017476 0.02020598 -0.01995392 -0.2881199
-0.09058669 0.1295983 0.01669795 -0.002382483 -0.002467709
-0.02379054 0.01373693 0.003288253 -0.01213274 0.0337115
-0.01322532 -0.008764537 0.02684902 -0.001583395 -0.009420484
0.00594166 -0.05170047 -0.01424088
0.9338249 1.982556 1.9975 1.988321 1.997171
1.988811 1.997454 1.988042 1.989319 1.995003
0.6831588 1.982957 0.08448238 1.991399 1.995308
1.989628 0.6882045 1.995615 1.988922 1.985821
1.977309 1.986509 1.996951 1.99861 1.999454
1.992847 1.98713 1.992573 0.0452093 1.990864
1.988418 1.993131 1.99001 1.988892 1.991554
0.3116953 1.977275
1.998024 1.982556 1.9975 1.988321 1.997171
1.988811 0.1874776 1.988042 1.989319 1.995003
1.981946 1.982957 1.992775 1.991399 0.3135871
1.989628 1.992327 1.995615 0.5260874 1.985821
0.8051902 1.986509 1.996951 1.99861 1.999454
1.992847 1.98713 1.992573 1.991697 1.990864
1.988418 1.993131 1.99001 1.988892 1.991554
1.908935 1.977275
1
0.1119665 0.003179627 0.01165748 0.02047448 0.01824887
-0.0076814 -0.0159383 0.2033777 0.02662789 0.01394722
-0.007749742 0.02262318 -0.004148624 0.05624031 0.07413427
0.2978723 0.03017608 0.02020709 -0.01995362 -0.2881255
-0.09058691 0.1295972 0.01669689 -0.002382228 -0.002467423
-0.02379078 0.01373712 0.003288559 -0.01213279 0.03371329
-0.01322609 -0.008763211 0.02684831 -0.001583566 -0.009420218
0.00594132 -0.05170107 -0.01424021
0.1119632 0.003178983 0.0116573 0.02047382 0.0182486
-0.007680133 -0.01593868 0.2033807 0.0266295 0.01394718
-0.007749818 0.02262311 -0.004147584 0.05624133 0.0741343
0.2978695 0.03017534 0.0202063 -0.01995351 -0.2881217
-0.09058665 0.1295981 0.01669745 -0.002382287 -0.002467592
-0.02379066 0.01373711 0.003288634 -0.01213263 0.0337122
-0.01322563 -0.008763981 0.02684845 -0.001583348 -0.009420413
0.005941476 -0.05170035 -0.01424071
1.998024 1.982556 1.9975 1.988321 1.997171
1.988811 0.187473 1.988042 1.989319 1.995003
1.981946 1.982957 1.992775 1.991399 0.3135774
1.989628 1.992327 1.995615 0.5261626 1.985821
0.8050295 1.986509 1.996951 1.99861 1.999454
1.992847 1.98713 1.992573 1.991697 1.990864
1.988418 1.993131 1.99001 1.988892 1.991554
1.908935 1.977275
1.998024 1.982556 1.9975 1.988321 1.997171
1.988811 0.1874788 1.988042 1.989319 1.995003
1.981946 1.982957 1.992775 1.991399 0.3135932
1.989628 1.992327 1.995615 0.5261237 1.985821
0.8051591 1.986509 1.996951 1.99861 1.999454
1.992847 1.98713 1.992573 1.991697 1.990864
1.988418 1.993131 1.99001 1.988892 1.991554
1.908935 1.977275
0.06306913
0.1119623 0.003178575 0.01165758 0.02047359 0.01824886
-0.007680033 -0.01593924 0.2033813 0.02662891 0.01394718
-0.007749976 0.02262311 -0.00414742 0.05624128 0.07413381
0.2978704 0.03017584 0.02020676 -0.01995341 -0.2881235
-0.09058649 0.1295995 0.01669713 -0.002382341 -0.002467258
-0.02379043 0.01373749 0.00328861 -0.01213238 0.03371263
-0.01322592 -0.008764083 0.02684866 -0.001583363 -0.009420418
0.005941622 -0.05170033 -0.01424072
0.1950627 0.01024329 0.01363334 0.02277682 0.01563277
-0.01191739 -0.03134689 0.1481751 0.01948479 0.0067666
-0.02836842 0.0334997 -0.01086735 0.05952 0.07842762
0.311759 0.01073569 0.01402693 -0.05028221 -0.292688
-0.09785793 0.1357073 0.02093641 -0.01637708 0.01276872
-0.02074389 0.02751581 -0.007841178 -0.02395164 0.00290621
0.01664016 -0.02585656 0.0356216 0.01222402 0.01211624
-0.01377313 -0.02752967 -0.0436725
1.998024 1.982556 1.9975 1.988321 1.997171
1.988811 0.1874736 1.988042 1.989319 1.995003
1.981946 1.982957 1.992775 1.991399 0.3135908
1.989628 1.992327 1.995615 0.52616 1.985821
0.805207 1.986509 1.996951 1.99861 1.999454
1.992847 1.98713 1.992573 1.991697 1.990864
1.988418 1.993131 1.99001 1.988892 1.991554
1.908935 1.977275
1.998024 0.02939218 1.9975 1.988321 1.997171
1.988811 1.997454 1.988042 1.989319 0.4186046
1.981946 1.982957 1.992775 1.991399 1.995308
1.989628 1.992327 1.995615 1.988922 1.985821
1.977309 1.986509 1.996951 1.99861 1.999454
1.992847 0.2291865 1.992573 1.991697 1.990864
1.988418 0.6155071 1.99001 1.988892 0.2523539
1.908935 1.977275
1
0.1119637 0.003178992 0.01165743 0.02047374 0.01824878
-0.007680051 -0.01593886 0.2033801 0.02662939 0.01394715
-0.007749926 0.02262307 -0.00414769 0.05624121 0.07413418
0.2978698 0.03017541 0.02020651 -0.01995372 -0.2881224
-0.09058666 0.1295986 0.01669738 -0.002382344 -0.002467448
-0.02379058 0.01373722 0.003288496 -0.01213254 0.0337123
-0.0132257 -0.008764152 0.02684871 -0.00158334 -0.0094204
0.005941684 -0.0517005 -0.01424073
0.1119636 0.003179095 0.01165729 0.0204737 0.01824864
-0.007680042 -0.01593862 0.2033803 0.0266296 0.01394721
-0.007749857 0.0226231 -0.004147721 0.05624128 0.0741343
0.297869 0.0301753 0.02020633 -0.01995362 -0.2881217
-0.09058664 0.1295985 0.01669755 -0.00238239 -0.002467563
-0.02379055 0.01373711 0.003288454 -0.01213266 0.0337121
-0.01322562 -0.008764139 0.02684873 -0.001583426 -0.009420433
0.005941511 -0.05170045 -0.01424072
1.998024 1.982556 1.9975 1.988321 1.997171
1.988811 0.1874747 1.988042 1.989319 1.995003
1.981946 1.982957 1.992775 1.991399 0.31359
1.989628 1.992327 1.995615 0.5261301 1.985821
0.8051711 1.986509 1.996951 1.99861 1.999454
1.992847 1.98713 1.992573 1.991697 1.990864
1.988418 1.993131 1.99001 1.988892 1.991554
1.908935 1.977275
1.998024 1.982556 1.9975 1.988321 1.997171
1.988811 0.187477 1.988042 1.989319 1.995003
1.981946 1.982957 1.992775 1.991399 0.3135874
1.989628 1.992327 1.995615 0.5261212 1.985821
0.8051709 1.986509 1.996951 1.99861 1.999454
1.992847 1.98713 1.992573 1.991697 1.990864
1.988418 1.993131 1.99001 1.988892 1.991554
1.908935 1.977275
