0.2415881
0.1841004
0.2133063
0.2415879
0.2415885
0.2415857
0.2415886
0.2415888
0.2415842
0.2415868
0.2415888
0.2415928
0.2415879
0.02351321
0.2415901
0.2415842
0.2415903
0.2415917
0.2415889
0.2415896
0.01884453
0.2415957
0.24159
0.2415888
0.2415891
0.2415924
0.2415897
0.2415875
0.2415887
0.2415879
0.02274926
0.2415872
0.2415883
0.2415882
0.241586
0.2415891
0.04350897
0.2415881
0.241588
0.2415917
0.2415879
0.2415895
0.2415896
0.04302916
0.2415909
0.2415893
0.2415877
0.004828361
0.2415864
0.2415894
