0.244197
0.04103505
0.244272
0.2442633
0.244259
0.2442937
0.2442098
0.2442559
0.2442632
0.2442021
0.2442618
0.2442621
0.2442784
0.2442576
0.2442615
0.2442574
0.244261
0.2442605
0.02674834
0.2442726
0.2442781
0.2442497
0.2442351
0.2442475
0.2442684
0.2442719
0.2442652
0.2442884
0.2442812
0.2442734
0.2442616
0.2442658
0.02678841
0.03028779
0.2443008
0.2442647
0.2442749
0.2442511
0.2442716
0.2442516
0.2442751
0.2442652
0.2442805
0.2442593
0.2442608
0.2442688
0.2442396
0.3239697
0.2442503
0.2442627
