0.2415881
0.1163816 0.009494667 0.005099927 -0.007445966 0.0009165903
0.001739141 -0.01745964 -0.0005739285 0.7567125 -0.01067962
-0.01066752 -0.007262285 0.00522311 0.004780825 0.02378759
0.01370328 0.007510521 0.005878072 0.00221594 -0.108709
-0.01913873 -0.01342929 -0.009533289 -0.02646911 -0.04065867
-0.009974034 0.003135809 -0.01239142 -0.01354207 0.00821933
-0.0001699332 0.005362205 0.01780854 -0.005353886 0.06264901
0.002573523 -0.1489216 -0.01706936
-0.01220411 -0.006043894 0.000244334 0.004582568 0.01224305
0.004141864 -0.001859956 0.03974131 0.03208562 0.0008612804
-0.003049946 0.001506494 -0.001258656 -0.003134402 0.01594235
0.1877675 0.00487443 0.008760888 -0.01062432 -0.07177587
0.001191149 0.05879199 0.00328348 -0.00843454 0.001203773
-0.01066872 0.008486668 -0.004242057 -0.003362278 0.003665848
0.008810732 -0.003068125 0.0004949638 0.005356217 0.005154235
-0.008357705 0.0002638798 -0.003141975
1.998024 1.982556 1.9975 1.988321 1.997171
1.988811 1.997454 0.1607844 1.989319 1.995003
1.981946 1.982957 1.992775 1.991399 1.995308
1.989628 1.992327 1.995615 1.174456 1.985821
1.977309 1.986509 1.996951 1.789639 1.999454
1.992847 1.98713 1.992573 1.991697 1.990864
1.988418 1.993131 1.99001 0.7237771 1.991554
0.769657 1.977275
1.998024 1.982556 1.9975 1.988321 1.997171
1.988811 0.4073183 1.988042 1.989319 1.995003
1.981946 1.982957 1.992775 1.991399 0.2006929
1.989628 1.992327 1.995615 0.4241699 1.985821
0.7358996 1.986509 1.996951 1.99861 1.999454
1.992847 1.98713 1.992573 1.991697 1.990864
1.988418 1.993131 1.99001 1.988892 1.991554
1.908935 1.977275
0.1841004
0.1429598 0.02190516 0.01845959 -0.02481629 0.0273957
-0.008083079 -0.006091038 -0.02270361 0.7836085 0.006113886
-0.0206959 0.01336556 -0.008898043 -0.02045532 0.03388776
0.006289716 -0.01554744 -0.01220956 0.02327905 -0.06839774
-0.01143683 0.01666678 0.01132028 -0.03863758 -0.03616618
-0.04034419 -0.008284096 -0.0217795 -0.06735791 0.008432526
0.01776226 0.00799055 -0.003872034 -0.02971224 0.04598718
-0.01562862 -0.1318171 0.003744151
-0.01220423 -0.006043973 0.0002443576 0.004582567 0.01224309
0.004141833 -0.001860009 0.03974176 0.03208547 0.0008612741
-0.003050019 0.001506522 -0.001258641 -0.003134371 0.01594235
0.1877679 0.004874478 0.008760924 -0.01062432 -0.07177595
0.001191142 0.05879197 0.003283482 -0.008434553 0.001203756
-0.01066877 0.008486598 -0.004242002 -0.003362257 0.003665994
0.008810682 -0.003068107 0.0004948614 0.005356235 0.005154157
-0.008357619 0.0002638403 -0.003142002
1.998024 1.982556 1.9975 1.988321 1.997171
0.3741315 1.997454 1.988042 1.989319 1.995003
1.981946 1.982957 1.992775 1.991399 1.995308
1.989628 1.992327 0.2499439 1.040563 1.985821
1.977309 1.986509 1.996951 0.3404736 1.999454
1.992847 1.98713 1.992573 1.977034 1.990864
1.988418 1.99304 1.99001 1.988892 0.1325818
1.908935 0.2265557
1.998024 1.982556 1.9975 1.988321 1.997171
1.988811 0.4073127 1.988042 1.989319 1.995003
1.981946 1.982957 1.992775 1.991399 0.2006968
1.989628 1.992327 1.995615 0.4241744 1.985821
0.7359052 1.986509 1.996951 1.99861 1.999454
1.992847 1.98713 1.992573 1.991697 1.990864
1.988418 1.993131 1.99001 1.988892 1.991554
1.908935 1.977275
0.2133063
0.1139804 0.03180481 0.02557661 -0.02243609 0.03062177
-0.003500636 0.006523923 -0.02960818 0.7808777 0.0110944
-0.01101297 0.00688882 -0.02365006 -0.02458487 0.02685684
0.01465477 -0.01597175 0.01060133 0.003800481 -0.0700574
-0.02244756 0.01125858 0.004928705 -0.02314825 -0.04473302
-0.02890769 -0.005251372 -0.02320024 -0.05157771 0.01276497
0.006234022 0.01018354 0.01498346 -0.03930264 0.02653439
0.0128756 -0.1393708 0.009441164
-0.01220414 -0.006043902 0.0002443336 0.004582567 0.01224305
0.004141866 -0.001859962 0.03974134 0.03208561 0.0008612845
-0.003049942 0.001506495 -0.00125865 -0.003134401 0.01594234
0.1877675 0.004874442 0.008760891 -0.01062432 -0.07177587
0.001191155 0.058792 0.003283478 -0.008434543 0.001203779
-0.01066872 0.008486673 -0.004242055 -0.003362271 0.003665854
0.008810737 -0.003068117 0.0004949607 0.00535621 0.005154237
-0.008357714 0.0002638823 -0.003141969
1.998024 1.982556 1.9975 1.988321 1.997171
1.988811 1.997454 1.986762 1.989319 0.3788763
1.981946 1.982957 1.992775 1.991399 1.995308
1.989628 1.992327 1.995615 0.5262108 1.985821
1.977309 0.2070848 0.3415351 0.3222209 1.999454
1.992847 0.3203245 1.992573 1.991697 1.990864
1.988418 1.993131 1.99001 1.988892 0.5725049
1.908935 0.3702598
1.998024 1.982556 1.9975 1.988321 1.997171
1.988811 0.4073182 1.988042 1.989319 1.995003
1.981946 1.982957 1.992775 1.991399 0.2006927
1.989628 1.992327 1.995615 0.4241708 1.985821
0.7359008 1.986509 1.996951 1.99861 1.999454
1.992847 1.98713 1.992573 1.991697 1.990864
1.988418 1.993131 1.99001 1.988892 1.991554
1.908935 1.977275
0.2415879
0.1163824 0.009495763 0.005099651 -0.007445797 0.000916341
0.001739265 -0.01746048 -0.0005738613 0.7567046 -0.0106795
-0.01066661 -0.007262035 0.005221812 0.004783267 0.02378718
0.01370504 0.007509628 0.005877796 0.002216176 -0.1087076
-0.01913948 -0.01342949 -0.009532303 -0.02646969 -0.04065836
-0.009973832 0.003135717 -0.01239045 -0.01354312 0.008220252
-0.0001691077 0.005362229 0.01780723 -0.005354568 0.06265244
0.002573982 -0.1489206 -0.01706954
-0.01220401 -0.006043904 0.0002443219 0.004582559 0.01224307
0.004141874 -0.001859962 0.03974134 0.03208562 0.0008612758
-0.003049959 0.001506472 -0.001258666 -0.003134415 0.01594233
0.1877676 0.004874435 0.008760896 -0.01062434 -0.07177591
0.001191148 0.05879199 0.003283487 -0.008434537 0.001203783
-0.01066872 0.008486655 -0.004242074 -0.003362262 0.003665842
0.00881074 -0.00306815 0.000494958 0.005356205 0.005154222
-0.008357697 0.0002638681 -0.003141972
1.998024 1.982556 1.9975 1.988321 1.997171
1.988811 1.997454 0.1607736 1.989319 1.995003
1.981946 1.982957 1.992775 1.991399 1.995308
1.989628 1.992327 1.995615 1.174203 1.985821
1.977309 1.986509 1.996951 1.789844 1.999454
1.992847 1.98713 1.992573 1.991697 1.990864
1.988418 1.993131 1.99001 0.7236483 1.991554
0.7696814 1.977275
1.998024 1.982556 1.9975 1.988321 1.997171
1.988811 0.4073153 1.988042 1.989319 1.995003
1.981946 1.982957 1.992775 1.991399 0.2006923
1.989628 1.992327 1.995615 0.4241686 1.985821
0.7358992 1.986509 1.996951 1.99861 1.999454
1.992847 1.98713 1.992573 1.991697 1.990864
1.988418 1.993131 1.99001 1.988892 1.991554
1.908935 1.977275
0.2415885
0.1163832 0.009494789 0.005099829 -0.007446205 0.0009166496
0.001738612 -0.01745993 -0.0005732615 0.7567126 -0.01067922
-0.01066723 -0.007262931 0.005222632 0.004780695 0.02378782
0.01370344 0.007510467 0.005877774 0.002215015 -0.1087101
-0.01913883 -0.01342958 -0.009533589 -0.02646919 -0.04065843
-0.009974025 0.003136385 -0.01239176 -0.01354146 0.00821914
-0.0001699968 0.005362144 0.01780849 -0.005354049 0.06264951
0.002574106 -0.1489218 -0.01706993
-0.01220381 -0.006043859 0.0002443093 0.004582545 0.01224306
0.004141885 -0.001859928 0.03974116 0.03208572 0.0008612514
-0.003049967 0.001506449 -0.001258692 -0.003134423 0.01594233
0.1877677 0.004874374 0.008760878 -0.01062437 -0.07177588
0.001191135 0.058792 0.003283511 -0.008434521 0.001203765
-0.01066869 0.008486654 -0.004242114 -0.003362275 0.003665756
0.008810745 -0.003068216 0.0004949936 0.005356211 0.00515423
-0.008357676 0.0002638621 -0.003141988
1.998024 1.982556 1.9975 1.988321 1.997171
1.988811 1.997454 0.1607806 1.989319 1.995003
1.981946 1.982957 1.992775 1.991399 1.995308
1.989628 1.992327 1.995615 1.174677 1.985821
1.977309 1.986509 1.996951 1.789627 1.999454
1.992847 1.98713 1.992573 1.991697 1.990864
1.988418 1.993131 1.99001 0.7237509 1.991554
0.7696925 1.977275
1.998024 1.982556 1.9975 1.988321 1.997171
1.988811 0.407315 1.988042 1.989319 1.995003
1.981946 1.982957 1.992775 1.991399 0.2006916
1.989628 1.992327 1.995615 0.4241621 1.985821
0.735897 1.986509 1.996951 1.99861 1.999454
1.992847 1.98713 1.992573 1.991697 1.990864
1.988418 1.993131 1.99001 1.988892 1.991554
1.908935 1.977275
0.2415857
0.1163841 0.009494628 0.005100213 -0.007445607 0.0009163289
0.001739445 -0.01745892 -0.0005746676 0.756707 -0.01068047
-0.0106683 -0.007260733 0.005222939 0.004781882 0.02378712
0.01370353 0.007510011 0.005878229 0.002217216 -0.1087075
-0.01913811 -0.01343036 -0.009532692 -0.02646871 -0.04065867
-0.009974053 0.003134389 -0.0123912 -0.0135428 0.008219341
-0.0001706934 0.005362435 0.01780957 -0.005354349 0.06264605
0.002573985 -0.1489234 -0.01706976
-0.01220414 -0.00604392 0.0002443237 0.004582558 0.01224307
0.004141878 -0.001859975 0.03974138 0.0320856 0.0008612904
-0.003049939 0.001506481 -0.001258647 -0.00313441 0.01594232
0.1877674 0.004874467 0.0087609 -0.01062432 -0.07177589
0.001191167 0.05879202 0.003283478 -0.008434546 0.0012038
-0.01066872 0.008486677 -0.004242064 -0.003362249 0.003665853
0.008810754 -0.003068117 0.0004949565 0.005356188 0.005154236
-0.008357731 0.0002638822 -0.003141953
1.998024 1.982556 1.9975 1.988321 1.997171
1.988811 1.997454 0.1607741 1.989319 1.995003
1.981946 1.982957 1.992775 1.991399 1.995308
1.989628 1.992327 1.995615 1.174116 1.985821
1.977309 1.986509 1.996951 1.790077 1.999454
1.992847 1.98713 1.992573 1.991697 1.990864
1.988418 1.993131 1.99001 0.7238333 1.991554
0.7696645 1.977275
1.998024 1.982556 1.9975 1.988321 1.997171
1.988811 0.4073166 1.988042 1.989319 1.995003
1.981946 1.982957 1.992775 1.991399 0.2006917
1.989628 1.992327 1.995615 0.4241716 1.985821
0.7359028 1.986509 1.996951 1.99861 1.999454
1.992847 1.98713 1.992573 1.991697 1.990864
1.988418 1.993131 1.99001 1.988892 1.991554
1.908935 1.977275
0.2415886
0.1163819 0.009494899 0.005099665 -0.007446017 0.0009167031
0.001738892 -0.01746036 -0.0005736036 0.7567128 -0.01067925
-0.01066703 -0.007262919 0.00522291 0.004780863 0.02378763
0.01370356 0.007510398 0.005877868 0.002215476 -0.1087095
-0.01913902 -0.01342924 -0.009533642 -0.02646944 -0.04065838
-0.009973838 0.00313623 -0.01239148 -0.01354175 0.008219644
-0.0001696648 0.005362116 0.01780814 -0.005353947 0.06265063
0.00257371 -0.1489211 -0.01706964
-0.01220421 -0.006043924 0.000244335 0.004582485 0.01224304
0.004141886 -0.001859959 0.03974153 0.03208568 0.0008612437
-0.003049985 0.001506514 -0.001258616 -0.003134336 0.01594228
0.1877674 0.004874432 0.008760887 -0.0106243 -0.07177573
0.001191205 0.05879219 0.003283541 -0.008434551 0.001203753
-0.01066869 0.008486687 -0.004242083 -0.003362216 0.003665757
0.008810764 -0.003068187 0.0004949428 0.005356165 0.005154232
-0.008357673 0.0002638786 -0.003141979
1.998024 1.982556 1.9975 1.988321 1.997171
1.988811 1.997454 0.1607842 1.989319 1.995003
1.981946 1.982957 1.992775 1.991399 1.995308
1.989628 1.992327 1.995615 1.17457 1.985821
1.977309 1.986509 1.996951 1.789689 1.999454
1.992847 1.98713 1.992573 1.991697 1.990864
1.988418 1.993131 1.99001 0.7237257 1.991554
0.7696486 1.977275
1.998024 1.982556 1.9975 1.988321 1.997171
1.988811 0.4073165 1.988042 1.989319 1.995003
1.981946 1.982957 1.992775 1.991399 0.2006928
1.989628 1.992327 1.995615 0.4241658 1.985821
0.7359255 1.986509 1.996951 1.99861 1.999454
1.992847 1.98713 1.992573 1.991697 1.990864
1.988418 1.993131 1.99001 1.988892 1.991554
1.908935 1.977275
0.2415888
0.1163835 0.009495025 0.005099514 -0.007445957 0.0009165451
0.001738884 -0.01746011 -0.0005738211 0.756709 -0.01067948
-0.01066702 -0.007262298 0.005222654 0.004781665 0.02378759
0.01370399 0.007510063 0.00587802 0.002215926 -0.1087091
-0.01913887 -0.01343008 -0.009533197 -0.02646934 -0.04065818
-0.009973835 0.003135964 -0.01239144 -0.01354232 0.008219712
-0.0001700453 0.005362356 0.01780809 -0.005354122 0.06265015
0.002573912 -0.1489218 -0.01707003
-0.01220418 -0.006043887 0.0002443361 0.00458256 0.01224303
0.004141868 -0.00185995 0.03974128 0.03208565 0.000861282
-0.00304993 0.001506505 -0.001258643 -0.003134391 0.01594234
0.1877674 0.00487443 0.008760881 -0.01062431 -0.07177582
0.001191163 0.05879202 0.003283483 -0.008434543 0.001203773
-0.01066871 0.008486692 -0.004242059 -0.003362275 0.00366582
0.008810744 -0.003068117 0.0004949777 0.005356208 0.005154255
-0.008357726 0.0002638938 -0.003141968
1.998024 1.982556 1.9975 1.988321 1.997171
1.988811 1.997454 0.1607811 1.989319 1.995003
1.981946 1.982957 1.992775 1.991399 1.995308
1.989628 1.992327 1.995615 1.174471 1.985821
1.977309 1.986509 1.996951 1.789949 1.999454
1.992847 1.98713 1.992573 1.991697 1.990864
1.988418 1.993131 1.99001 0.7237234 1.991554
0.7697013 1.977275
1.998024 1.982556 1.9975 1.988321 1.997171
1.988811 0.4073204 1.988042 1.989319 1.995003
1.981946 1.982957 1.992775 1.991399 0.2006923
1.989628 1.992327 1.995615 0.4241699 1.985821
0.7359034 1.986509 1.996951 1.99861 1.999454
1.992847 1.98713 1.992573 1.991697 1.990864
1.988418 1.993131 1.99001 1.988892 1.991554
1.908935 1.977275
0.2415842
0.1163844 0.009493732 0.005101062 -0.007445603 0.0009160583
0.00173988 -0.01745662 -0.0005753285 0.7567075 -0.01068147
-0.01066994 -0.007259118 0.005223541 0.004781197 0.02378718
0.01370237 0.007510519 0.005878737 0.002218118 -0.1087069
-0.01913707 -0.01343071 -0.009531987 -0.02646758 -0.04065949
-0.009974695 0.003133337 -0.01239141 -0.0135432 0.008218047
-0.0001718048 0.005362672 0.01781119 -0.005354153 0.0626403
0.002573719 -0.1489255 -0.01706924
-0.01220402 -0.006043895 0.0002443176 0.00458257 0.01224307
0.004141878 -0.00185996 0.03974126 0.03208562 0.0008612872
-0.003049937 0.001506466 -0.001258668 -0.003134429 0.01594233
0.1877675 0.004874441 0.008760894 -0.01062434 -0.07177592
0.001191148 0.05879197 0.003283475 -0.008434536 0.001203796
-0.01066872 0.008486669 -0.004242076 -0.003362267 0.003665838
0.008810749 -0.003068134 0.0004949744 0.005356202 0.005154238
-0.008357726 0.0002638779 -0.00314196
1.998024 1.982556 1.9975 1.988321 1.997171
1.988811 1.997454 0.1607738 1.989319 1.995003
1.981946 1.982957 1.992775 1.991399 1.995308
1.989628 1.992327 1.995615 1.173929 1.985821
1.977309 1.986509 1.996951 1.789904 1.999454
1.992847 1.98713 1.992573 1.991697 1.990864
1.988418 1.993131 1.99001 0.7240102 1.991554
0.7697041 1.977275
1.998024 1.982556 1.9975 1.988321 1.997171
1.988811 0.4073165 1.988042 1.989319 1.995003
1.981946 1.982957 1.992775 1.991399 0.2006914
1.989628 1.992327 1.995615 0.4241696 1.985821
0.735896 1.986509 1.996951 1.99861 1.999454
1.992847 1.98713 1.992573 1.991697 1.990864
1.988418 1.993131 1.99001 1.988892 1.991554
1.908935 1.977275
0.2415868
0.1163833 0.009494866 0.005099702 -0.007445979 0.0009165205
0.001738944 -0.01745976 -0.0005738589 0.7567096 -0.0106796
-0.01066729 -0.007262146 0.005222753 0.00478143 0.02378761
0.01370374 0.007510205 0.005878058 0.002215954 -0.1087091
-0.01913873 -0.01342999 -0.009533137 -0.02646916 -0.04065836
-0.009973957 0.003135848 -0.01239148 -0.01354227 0.008219458
-0.0001701555 0.005362346 0.01780837 -0.005354079 0.06264927
0.002573866 -0.1489221 -0.01706988
-0.01220432 -0.006043967 0.000244386 0.004582493 0.01224305
0.004141821 -0.001859983 0.03974195 0.03208556 0.0008612083
-0.003050093 0.00150658 -0.001258612 -0.00313427 0.01594234
0.1877681 0.004874407 0.008760904 -0.0106243 -0.07177576
0.001191166 0.05879214 0.003283557 -0.008434556 0.001203672
-0.01066874 0.008486586 -0.004242004 -0.003362245 0.003665908
0.00881066 -0.003068192 0.0004948325 0.005356242 0.005154134
-0.008357507 0.0002638256 -0.003142061
1.998024 1.982556 1.9975 1.988321 1.997171
1.988811 1.997454 0.1607811 1.989319 1.995003
1.981946 1.982957 1.992775 1.991399 1.995308
1.989628 1.992327 1.995615 1.174461 1.985821
1.977309 1.986509 1.996951 1.789862 1.999454
1.992847 1.98713 1.992573 1.991697 1.990864
1.988418 1.993131 1.99001 0.723753 1.991554
0.7697007 1.977275
1.998024 1.982556 1.9975 1.988321 1.997171
1.988811 0.4073132 1.988042 1.989319 1.995003
1.981946 1.982957 1.992775 1.991399 0.2007001
1.989628 1.992327 1.995615 0.4241669 1.985821
0.7359293 1.986509 1.996951 1.99861 1.999454
1.992847 1.98713 1.992573 1.991697 1.990864
1.988418 1.993131 1.99001 1.988892 1.991554
1.908935 1.977275
0.2415888
0.1163829 0.009494805 0.005099564 -0.007445947 0.0009166924
0.001738859 -0.01746028 -0.0005737964 0.7567119 -0.0106794
-0.01066714 -0.007262638 0.005223035 0.004780918 0.02378761
0.01370354 0.007510285 0.005877976 0.002215777 -0.1087094
-0.01913879 -0.01342975 -0.009533704 -0.02646935 -0.04065822
-0.009973772 0.003136002 -0.01239164 -0.01354184 0.008219681
-0.0001700332 0.005362235 0.01780839 -0.005353961 0.06264989
0.002573791 -0.1489217 -0.01706993
-0.01220416 -0.00604386 0.0002443422 0.004582565 0.01224301
0.004141861 -0.001859931 0.03974119 0.03208569 0.0008612741
-0.003049928 0.001506514 -0.001258648 -0.003134384 0.01594237
0.1877675 0.004874397 0.008760867 -0.01062431 -0.07177579
0.001191153 0.05879201 0.003283486 -0.008434538 0.001203753
-0.01066871 0.008486695 -0.00424206 -0.003362298 0.003665798
0.008810733 -0.003068125 0.0004949938 0.005356226 0.005154264
-0.008357716 0.0002638972 -0.003141982
1.998024 1.982556 1.9975 1.988321 1.997171
1.988811 1.997454 0.1607839 1.989319 1.995003
1.981946 1.982957 1.992775 1.991399 1.995308
1.989628 1.992327 1.995615 1.174548 1.985821
1.977309 1.986509 1.996951 1.789889 1.999454
1.992847 1.98713 1.992573 1.991697 1.990864
1.988418 1.993131 1.99001 0.7237402 1.991554
0.7696598 1.977275
1.998024 1.982556 1.9975 1.988321 1.997171
1.988811 0.4073225 1.988042 1.989319 1.995003
1.981946 1.982957 1.992775 1.991399 0.2006928
1.989628 1.992327 1.995615 0.424168 1.985821
0.7359015 1.986509 1.996951 1.99861 1.999454
1.992847 1.98713 1.992573 1.991697 1.990864
1.988418 1.993131 1.99001 1.988892 1.991554
1.908935 1.977275
0.2415928
0.1163816 0.009494647 0.00509976 -0.0074462 0.0009165022
0.001739029 -0.01745921 -0.0005737651 0.7567119 -0.0106795
-0.0106673 -0.007262295 0.005223028 0.004780877 0.02378794
0.01370336 0.00751066 0.005878282 0.0022157 -0.1087095
-0.01913882 -0.01342952 -0.009532902 -0.026469 -0.04065869
-0.009974231 0.003136378 -0.01239153 -0.01354238 0.008219025
-0.0001700376 0.005362387 0.01780799 -0.005353679 0.06264935
0.0025733 -0.1489216 -0.01706931
-0.01220336 -0.006043767 0.000244204 0.004582443 0.01224304
0.004142026 -0.001859854 0.03974047 0.03208608 0.0008612405
-0.003049856 0.001506314 -0.001258713 -0.003134496 0.01594217
0.1877669 0.004874336 0.008760835 -0.01062443 -0.07177573
0.00119122 0.05879226 0.00328357 -0.008434499 0.001203859
-0.01066856 0.008486806 -0.004242322 -0.003362184 0.00366534
0.008810944 -0.003068367 0.0004951855 0.00535605 0.005154373
-0.008357868 0.0002639221 -0.003141884
1.998024 1.982556 1.9975 1.988321 1.997171
1.988811 1.997454 0.1607888 1.989319 1.995003
1.981946 1.982957 1.992775 1.991399 1.995308
1.989628 1.992327 1.995615 1.174545 1.985821
1.977309 1.986509 1.996951 1.789522 1.999454
1.992847 1.98713 1.992573 1.991697 1.990864
1.988418 1.993131 1.99001 0.7237745 1.991554
0.769734 1.977275
1.998024 1.982556 1.9975 1.988321 1.997171
1.988811 0.4073151 1.988042 1.989319 1.995003
1.981946 1.982957 1.992775 1.991399 0.2006788
1.989628 1.992327 1.995615 0.4241477 1.985821
0.735908 1.986509 1.996951 1.99861 1.999454
1.992847 1.98713 1.992573 1.991697 1.990864
1.988418 1.993131 1.99001 1.988892 1.991554
1.908935 1.977275
0.2415879
0.1163839 0.009494945 0.005099628 -0.007445938 0.0009165015
0.001738918 -0.01745985 -0.0005739001 0.7567086 -0.01067963
-0.01066723 -0.007262054 0.005222658 0.004781678 0.02378756
0.01370391 0.007510064 0.00587805 0.002216056 -0.108709
-0.01913872 -0.01343021 -0.009533105 -0.0264692 -0.04065825
-0.009973898 0.003135763 -0.01239146 -0.01354237 0.008219575
-0.000170216 0.005362386 0.01780835 -0.005354164 0.06264935
0.002573979 -0.1489222 -0.01707005
-0.01220413 -0.006043911 0.0002443322 0.004582579 0.01224306
0.004141863 -0.001859971 0.03974136 0.03208558 0.0008612922
-0.003049943 0.001506489 -0.001258656 -0.003134414 0.01594235
0.1877675 0.004874455 0.008760899 -0.01062432 -0.07177591
0.001191147 0.05879196 0.003283467 -0.008434543 0.001203788
-0.01066873 0.008486663 -0.004242048 -0.003362273 0.003665886
0.008810731 -0.003068105 0.0004949523 0.005356214 0.005154228
-0.008357716 0.0002638777 -0.003141966
1.998024 1.982556 1.9975 1.988321 1.997171
1.988811 1.997454 0.1607796 1.989319 1.995003
1.981946 1.982957 1.992775 1.991399 1.995308
1.989628 1.992327 1.995615 1.174437 1.985821
1.977309 1.986509 1.996951 1.789967 1.999454
1.992847 1.98713 1.992573 1.991697 1.990864
1.988418 1.993131 1.99001 0.723744 1.991554
0.769706 1.977275
1.998024 1.982556 1.9975 1.988321 1.997171
1.988811 0.4073173 1.988042 1.989319 1.995003
1.981946 1.982957 1.992775 1.991399 0.2006928
1.989628 1.992327 1.995615 0.4241722 1.985821
0.7358972 1.986509 1.996951 1.99861 1.999454
1.992847 1.98713 1.992573 1.991697 1.990864
1.988418 1.993131 1.99001 1.988892 1.991554
1.908935 1.977275
0.02351321
0.1163761 0.009495954 0.005100261 -0.007445751 0.0009160163
0.001740477 -0.01745939 -0.0005744428 0.7567046 -0.01067985
-0.01066676 -0.007261264 0.005221917 0.004783972 0.023787
0.01370513 0.007510135 0.005878205 0.002216953 -0.1087052
-0.01914012 -0.01342741 -0.009530585 -0.0264696 -0.04065962
-0.009974417 0.003135606 -0.01238905 -0.01354469 0.008220095
-0.0001677647 0.005362137 0.01780598 -0.0053542 0.0626539
0.002572453 -0.1489183 -0.0170672
0.05599325 -0.01009416 -0.003267825 0.002851079 0.007179775
0.003973538 -0.01780005 0.02030726 0.01648201 -0.005145033
-0.02145707 0.005134579 -0.009930697 -0.004739533 0.01729726
0.2044647 0.00653256 0.01044677 -0.0251642 -0.08479746
-0.007896065 0.05871692 0.005771073 -0.01027915 0.002664647
-0.01216055 0.006984654 -0.009941822 -0.003870584 -0.004127024
0.02280861 -0.008763357 0.003620042 0.0114183 0.005598168
-0.008232876 0.002543102 -0.01858749
1.998024 1.982556 1.9975 1.988321 1.997171
1.988811 1.997454 0.1607817 1.989319 1.995003
1.981946 1.982957 1.992775 1.991399 1.995308
1.989628 1.992327 1.995615 1.173799 1.985821
1.977309 1.986509 1.996951 1.789024 1.999454
1.992847 1.98713 1.992573 1.991697 1.990864
1.988418 1.993131 1.99001 0.7236544 1.991554
0.7696607 1.977275
1.998024 1.982556 1.9975 1.988321 1.997171
0.7746363 1.997454 1.988042 1.989319 1.056032
1.981946 1.982957 1.992775 1.991399 1.995308
0.03704969 1.992327 1.995615 1.988922 0.3966487
1.977309 1.986509 0.1229198 1.99861 1.999454
1.992847 1.98713 1.992573 1.991697 1.250381
1.988418 1.368297 1.99001 1.988892 1.991554
1.908935 0.5836705
0.2415901
0.1163807 0.00949539 0.005098898 -0.007445784 0.0009168516
0.001739026 -0.01746179 -0.0005738865 0.7567119 -0.01067892
-0.010666 -0.007263391 0.005223081 0.00478152 0.02378745
0.01370429 0.007510019 0.005877941 0.002215884 -0.108709
-0.0191396 -0.01342911 -0.00953391 -0.02647019 -0.04065781
-0.009973306 0.003136515 -0.01239114 -0.0135422 0.008220862
-0.0001690275 0.005362142 0.01780688 -0.005353834 0.06265438
0.002573255 -0.1489196 -0.01706968
-0.01220177 -0.006043554 0.0002442464 0.004583012 0.0122432
0.00414175 -0.001859812 0.03973953 0.03208559 0.0008613205
-0.003049948 0.001506175 -0.001259135 -0.003134898 0.01594276
0.18777 0.004874077 0.008760862 -0.01062476 -0.07177691
0.00119064 0.05879058 0.003283263 -0.008434357 0.001203765
-0.01066882 0.008486325 -0.004242112 -0.003362708 0.003666144
0.008810459 -0.00306823 0.0004951296 0.005356628 0.005154098
-0.008357544 0.0002637143 -0.003142127
1.998024 1.982556 1.9975 1.988321 1.997171
1.988811 1.997454 0.1607907 1.989319 1.995003
1.981946 1.982957 1.992775 1.991399 1.995308
1.989628 1.992327 1.995615 1.174514 1.985821
1.977309 1.986509 1.996951 1.789977 1.999454
1.992847 1.98713 1.992573 1.991697 1.990864
1.988418 1.993131 1.99001 0.7236195 1.991554
0.769609 1.977275
1.998024 1.982556 1.9975 1.988321 1.997171
1.988811 0.4073063 1.988042 1.989319 1.995003
1.981946 1.982957 1.992775 1.991399 0.200695
1.989628 1.992327 1.995615 0.4241547 1.985821
0.7357132 1.986509 1.996951 1.99861 1.999454
1.992847 1.98713 1.992573 1.991697 1.990864
1.988418 1.993131 1.99001 1.988892 1.991554
1.908935 1.977275
0.2415842
0.1163787 0.009494224 0.005100329 -0.007445497 0.0009165905
0.001740064 -0.01745914 -0.0005750876 0.7567147 -0.01068038
-0.01066839 -0.007261293 0.005224199 0.004780419 0.02378709
0.01370253 0.007510778 0.005878476 0.002217475 -0.108707
-0.01913836 -0.0134285 -0.009533196 -0.02646889 -0.04065921
-0.00997403 0.003134568 -0.01239097 -0.01354261 0.008219535
-0.0001698933 0.00536216 0.01780926 -0.00535359 0.06264715
0.00257259 -0.1489215 -0.01706831
-0.01220366 -0.006044267 0.0002441941 0.004582509 0.01224345
0.004141983 -0.001860228 0.03974249 0.0320851 0.0008613579
-0.003050061 0.001506239 -0.001258687 -0.003134597 0.01594202
0.1877676 0.004874838 0.008761102 -0.01062448 -0.07177663
0.001191212 0.05879204 0.003283452 -0.008434572 0.00120406
-0.0106688 0.00848651 -0.004242128 -0.003361962 0.003666164
0.008810863 -0.003068159 0.0004947244 0.005355979 0.005154026
-0.008357749 0.0002637502 -0.003141806
1.998024 1.982556 1.9975 1.988321 1.997171
1.988811 1.997454 0.1607903 1.989319 1.995003
1.981946 1.982957 1.992775 1.991399 1.995308
1.989628 1.992327 1.995615 1.174096 1.985821
1.977309 1.986509 1.996951 1.789615 1.999454
1.992847 1.98713 1.992573 1.991697 1.990864
1.988418 1.993131 1.99001 0.7238541 1.991554
0.7695463 1.977275
1.998024 1.982556 1.9975 1.988321 1.997171
1.988811 0.4072749 1.988042 1.989319 1.995003
1.981946 1.982957 1.992775 1.991399 0.2006853
1.989628 1.992327 1.995615 0.4241864 1.985821
0.7359035 1.986509 1.996951 1.99861 1.999454
1.992847 1.98713 1.992573 1.991697 1.990864
1.988418 1.993131 1.99001 1.988892 1.991554
1.908935 1.977275
0.2415903
0.1163861 0.00949534 0.005099148 -0.007445881 0.0009164975
0.001738612 -0.01746057 -0.0005737958 0.756705 -0.01067946
-0.01066667 -0.007262147 0.005222204 0.004782535 0.02378751
0.01370467 0.00750952 0.005877942 0.002216053 -0.1087092
-0.01913886 -0.0134311 -0.009533185 -0.0264695 -0.04065764
-0.009973596 0.003135863 -0.01239151 -0.01354251 0.008220102
-0.0001703414 0.005362516 0.01780796 -0.005354453 0.06265065
0.00257447 -0.1489225 -0.01707087
-0.01220492 -0.006043642 0.0002444556 0.004582827 0.01224276
0.004141727 -0.001859825 0.0397402 0.03208568 0.0008613978
-0.003049666 0.001506697 -0.001258623 -0.003134392 0.01594272
0.1877669 0.004874309 0.008760761 -0.01062413 -0.07177559
0.001191052 0.05879153 0.00328329 -0.008434541 0.001203692
-0.01066878 0.008486843 -0.004241865 -0.003362607 0.003665951
0.008810612 -0.003067744 0.000495166 0.005356447 0.005154461
-0.008357923 0.0002640496 -0.003141995
1.998024 1.982556 1.9975 1.988321 1.997171
1.988811 1.997454 0.1607755 1.989319 1.995003
1.981946 1.982957 1.992775 1.991399 1.995308
1.989628 1.992327 1.995615 1.174459 1.985821
1.977309 1.986509 1.996951 1.790365 1.999454
1.992847 1.98713 1.992573 1.991697 1.990864
1.988418 1.993131 1.99001 0.7236817 1.991554
0.7697377 1.977275
1.998024 1.982556 1.9975 1.988321 1.997171
1.988811 0.407362 1.988042 1.989319 1.995003
1.981946 1.982957 1.992775 1.991399 0.2006966
1.989628 1.992327 1.995615 0.4241856 1.985821
0.735849 1.986509 1.996951 1.99861 1.999454
1.992847 1.98713 1.992573 1.991697 1.990864
1.988418 1.993131 1.99001 1.988892 1.991554
1.908935 1.977275
0.2415917
0.1163843 0.009494765 0.005099282 -0.007446266 0.0009165013
0.00173859 -0.01745949 -0.0005736185 0.7567093 -0.01067938
-0.01066694 -0.007262333 0.00522278 0.004781266 0.02378811
0.01370378 0.007510306 0.005878311 0.002215587 -0.1087102
-0.01913871 -0.01343069 -0.009533059 -0.02646906 -0.0406581
-0.009974048 0.003136622 -0.01239193 -0.0135424 0.008219178
-0.0001705661 0.00536262 0.01780785 -0.005353802 0.06264956
0.002573752 -0.1489224 -0.01707026
-0.01220438 -0.006043728 0.0002443941 0.004582624 0.01224287
0.004141811 -0.001859844 0.03974071 0.03208582 0.0008612754
-0.003049854 0.001506604 -0.001258639 -0.00313434 0.01594251
0.1877674 0.004874279 0.008760796 -0.01062424 -0.07177557
0.001191119 0.05879191 0.00328346 -0.00843453 0.001203673
-0.0106687 0.00848676 -0.004242012 -0.003362428 0.003665741
0.008810682 -0.003068056 0.0004950852 0.005356321 0.00515435
-0.008357741 0.0002639548 -0.003142026
1.998024 1.982556 1.9975 1.988321 1.997171
1.988811 1.997454 0.1607871 1.989319 1.995003
1.981946 1.982957 1.992775 1.991399 1.995308
1.989628 1.992327 1.995615 1.174659 1.985821
1.977309 1.986509 1.996951 1.789903 1.999454
1.992847 1.98713 1.992573 1.991697 1.990864
1.988418 1.993131 1.99001 0.7237473 1.991554
0.7697994 1.977275
1.998024 1.982556 1.9975 1.988321 1.997171
1.988811 0.4073398 1.988042 1.989319 1.995003
1.981946 1.982957 1.992775 1.991399 0.2006952
1.989628 1.992327 1.995615 0.4241666 1.985821
0.7358911 1.986509 1.996951 1.99861 1.999454
1.992847 1.98713 1.992573 1.991697 1.990864
1.988418 1.993131 1.99001 1.988892 1.991554
1.908935 1.977275
0.2415889
0.1163826 0.009494875 0.005099573 -0.007445936 0.0009165396
0.001739066 -0.01745986 -0.000574018 0.7567099 -0.0106796
-0.01066716 -0.007262147 0.005222947 0.004781438 0.02378761
0.01370375 0.007510233 0.005878178 0.002216151 -0.1087089
-0.01913882 -0.01342986 -0.009533115 -0.02646925 -0.04065835
-0.009973906 0.003135902 -0.01239139 -0.01354247 0.008219631
-0.0001700395 0.005362379 0.0178081 -0.005353941 0.06264983
0.002573571 -0.1489217 -0.01706971
-0.01220409 -0.006043895 0.0002443295 0.004582558 0.01224305
0.004141871 -0.001859955 0.03974131 0.03208564 0.0008612767
-0.003049948 0.001506489 -0.001258655 -0.003134401 0.01594234
0.1877675 0.004874429 0.008760888 -0.01062433 -0.07177586
0.001191155 0.05879201 0.003283487 -0.00843454 0.001203775
-0.01066872 0.008486672 -0.004242067 -0.003362269 0.003665829
0.00881074 -0.003068137 0.0004949669 0.005356208 0.005154237
-0.008357707 0.0002638796 -0.003141972
1.998024 1.982556 1.9975 1.988321 1.997171
1.988811 1.997454 0.1607847 1.989319 1.995003
1.981946 1.982957 1.992775 1.991399 1.995308
1.989628 1.992327 1.995615 1.174434 1.985821
1.977309 1.986509 1.996951 1.789867 1.999454
1.992847 1.98713 1.992573 1.991697 1.990864
1.988418 1.993131 1.99001 0.7237435 1.991554
0.7696946 1.977275
1.998024 1.982556 1.9975 1.988321 1.997171
1.988811 0.4073178 1.988042 1.989319 1.995003
1.981946 1.982957 1.992775 1.991399 0.2006924
1.989628 1.992327 1.995615 0.424169 1.985821
0.7359016 1.986509 1.996951 1.99861 1.999454
1.992847 1.98713 1.992573 1.991697 1.990864
1.988418 1.993131 1.99001 1.988892 1.991554
1.908935 1.977275
0.2415896
0.1163811 0.009494015 0.00510004 -0.007445804 0.0009163066
0.001739809 -0.01745784 -0.0005751363 0.7567106 -0.01068062
-0.01066845 -0.007260459 0.005224045 0.004780867 0.02378765
0.01370269 0.00751076 0.005879023 0.002217645 -0.1087078
-0.01913798 -0.01343003 -0.009532334 -0.02646834 -0.04065906
-0.009974392 0.003134951 -0.0123914 -0.01354345 0.008218824
-0.0001709224 0.005362738 0.017809 -0.005353405 0.06264549
0.002572566 -0.1489231 -0.01706884
-0.01220415 -0.006043963 0.0002442597 0.004582616 0.01224314
0.004141941 -0.001860031 0.03974115 0.03208549 0.0008614
-0.003049793 0.001506384 -0.001258649 -0.00313455 0.01594225
0.1877666 0.004874634 0.008760938 -0.01062432 -0.07177611
0.001191199 0.05879194 0.003283382 -0.008434559 0.001203974
-0.01066873 0.00848676 -0.004242095 -0.003362196 0.0036659
0.008810864 -0.003067988 0.0004950167 0.005356092 0.00515431
-0.008357979 0.0002639329 -0.003141809
1.998024 1.982556 1.9975 1.988321 1.997171
1.988811 1.997454 0.1607934 1.989319 1.995003
1.981946 1.982957 1.992775 1.991399 1.995308
1.989628 1.992327 1.995615 1.174167 1.985821
1.977309 1.986509 1.996951 1.789763 1.999454
1.992847 1.98713 1.992573 1.991697 1.990864
1.988418 1.993131 1.99001 0.723895 1.991554
0.7697242 1.977275
1.998024 1.982556 1.9975 1.988321 1.997171
1.988811 0.4073157 1.988042 1.989319 1.995003
1.981946 1.982957 1.992775 1.991399 0.2006831
1.989628 1.992327 1.995615 0.4241841 1.985821
0.7358841 1.986509 1.996951 1.99861 1.999454
1.992847 1.98713 1.992573 1.991697 1.990864
1.988418 1.993131 1.99001 1.988892 1.991554
1.908935 1.977275
0.01884453
0.1249207 0.02366462 0.02007403 -0.02676693 0.02795338
-0.004922245 0.006414389 -0.0209997 0.7810202 0.01111194
-0.01127131 0.00363406 -0.02616181 -0.0153319 0.03134977
0.009325107 -0.01627841 0.005390247 0.00343572 -0.06808562
-0.03114833 0.009123082 0.0173194 -0.03898371 -0.03837913
-0.02697521 0.004084029 -0.02909399 -0.04842992 0.005290962
0.0151943 0.01380418 0.003475125 -0.03437942 0.0280765
0.01151134 -0.1384841 0.004338859
-0.01220405 -0.006043849 0.0002443401 0.004582543 0.01224301
0.004141864 -0.001859917 0.03974119 0.03208573 0.0008612479
-0.003049959 0.001506509 -0.001258659 -0.003134371 0.01594236
0.1877676 0.004874361 0.008760861 -0.01062432 -0.07177576
0.001191148 0.05879204 0.003283513 -0.008434531 0.00120373
-0.0106687 0.008486678 -0.004242078 -0.003362295 0.003665757
0.008810727 -0.003068179 0.0004949919 0.00535623 0.005154249
-0.008357671 0.0002638824 -0.003142004
1.998024 1.982556 1.9975 1.543988 1.997171
1.988811 1.997454 1.883215 1.736251 1.768844
1.867612 1.753388 1.992775 1.991399 1.340766
1.305973 1.992327 1.391318 1.307799 1.428708
1.977309 1.986509 1.996951 1.99861 1.999454
1.992847 1.98713 1.992573 3.908422e-08 1.990864
1.988418 1.993131 1.99001 1.988892 1.189
1.908935 1.462157
1.998024 1.982556 1.9975 1.988321 1.997171
1.988811 0.4073207 1.988042 1.989319 1.995003
1.981946 1.982957 1.992775 1.991399 0.2006934
1.989628 1.992327 1.995615 0.4241636 1.985821
0.7359048 1.986509 1.996951 1.99861 1.999454
1.992847 1.98713 1.992573 1.991697 1.990864
1.988418 1.993131 1.99001 1.988892 1.991554
1.908935 1.977275
0.2415957
0.1163837 0.009494733 0.005099733 -0.007445998 0.0009164899
0.001738933 -0.01745946 -0.0005739316 0.7567095 -0.01067971
-0.01066746 -0.007261943 0.005222841 0.004781333 0.02378767
0.0137036 0.007510247 0.005878153 0.002216056 -0.1087092
-0.01913856 -0.01343022 -0.009533084 -0.02646901 -0.04065838
-0.009974022 0.003135769 -0.01239159 -0.01354232 0.008219286
-0.0001704094 0.005362423 0.01780857 -0.005354037 0.06264848
0.002573865 -0.1489225 -0.01706995
-0.01220161 -0.0060429 0.0002443682 0.004582335 0.01224244
0.004141832 -0.001859167 0.03973817 0.03208761 0.0008607193
-0.003050169 0.00150654 -0.001258981 -0.003134144 0.01594271
0.1877701 0.004873009 0.008760399 -0.01062461 -0.0717745
0.001190883 0.05879218 0.00328397 -0.008434275 0.00120303
-0.01066827 0.00848667 -0.004242514 -0.003362783 0.003664316
0.008810549 -0.00306919 0.0004955744 0.005356623 0.005154421
-0.008357035 0.0002638372 -0.003142546
1.998024 1.982556 1.9975 1.988321 1.997171
1.988811 1.997454 0.1607815 1.989319 1.995003
1.981946 1.982957 1.992775 1.991399 1.995308
1.989628 1.992327 1.995615 1.174463 1.985821
1.977309 1.986509 1.996951 1.789892 1.999454
1.992847 1.98713 1.992573 1.991697 1.990864
1.988418 1.993131 1.99001 0.7237753 1.991554
0.7697177 1.977275
1.998024 1.982556 1.9975 1.988321 1.997171
1.988811 0.4073518 1.988042 1.989319 1.995003
1.981946 1.982957 1.992775 1.991399 0.2007009
1.989628 1.992327 1.995615 0.4240473 1.985821
0.7358943 1.986509 1.996951 1.99861 1.999454
1.992847 1.98713 1.992573 1.991697 1.990864
1.988418 1.993131 1.99001 1.988892 1.991554
1.908935 1.977275
0.24159
0.1163898 0.009496996 0.005099201 -0.007446396 0.0009153248
0.001738621 -0.01745869 -0.0005731888 0.7566847 -0.01067969
-0.0106657 -0.007260184 0.005218862 0.004787698 0.02378776
0.01370792 0.007508343 0.005878058 0.00221597 -0.1087076
-0.01913975 -0.01343276 -0.009528996 -0.0264692 -0.04065791
-0.009974553 0.00313643 -0.01238999 -0.01354575 0.008219516
-0.0001699664 0.005363234 0.01780536 -0.005355583 0.06265301
0.00257538 -0.1489227 -0.01707102
-0.01220407 -0.006043897 0.0002443272 0.004582556 0.01224306
0.004141872 -0.001859956 0.03974132 0.03208564 0.0008612749
-0.003049952 0.001506484 -0.001258657 -0.003134403 0.01594233
0.1877675 0.00487443 0.00876089 -0.01062433 -0.07177587
0.001191155 0.05879201 0.003283489 -0.008434539 0.001203776
-0.01066872 0.008486668 -0.00424207 -0.003362266 0.003665828
0.008810742 -0.003068144 0.0004949649 0.005356205 0.005154233
-0.008357703 0.0002638766 -0.003141973
1.998024 1.982556 1.9975 1.988321 1.997171
1.988811 1.997454 0.1607536 1.989319 1.995003
1.981946 1.982957 1.992775 1.991399 1.995308
1.989628 1.992327 1.995615 1.17407 1.985821
1.977309 1.986509 1.996951 1.790187 1.999454
1.992847 1.98713 1.992573 1.991697 1.990864
1.988418 1.993131 1.99001 0.7235618 1.991554
0.7700931 1.977275
1.998024 1.982556 1.9975 1.988321 1.997171
1.988811 0.4073171 1.988042 1.989319 1.995003
1.981946 1.982957 1.992775 1.991399 0.2006924
1.989628 1.992327 1.995615 0.4241686 1.985821
0.7359018 1.986509 1.996951 1.99861 1.999454
1.992847 1.98713 1.992573 1.991697 1.990864
1.988418 1.993131 1.99001 1.988892 1.991554
1.908935 1.977275
0.2415888
0.1163828 0.009494903 0.005099733 -0.007446055 0.0009165755
0.001738869 -0.01745993 -0.0005736307 0.7567108 -0.01067941
-0.01066717 -0.007262518 0.005222693 0.004781215 0.02378767
0.01370369 0.007510306 0.005877937 0.00221559 -0.1087094
-0.01913888 -0.01342966 -0.009533276 -0.02646925 -0.04065841
-0.009973967 0.003136105 -0.01239149 -0.01354202 0.008219428
-0.0001699293 0.00536224 0.01780825 -0.005354054 0.06264984
0.002573874 -0.1489217 -0.01706978
-0.01220414 -0.006043878 0.0002443232 0.00458259 0.01224304
0.004141876 -0.001859952 0.03974114 0.03208563 0.0008613078
-0.003049892 0.00150648 -0.001258656 -0.003134432 0.01594235
0.1877673 0.004874449 0.008760883 -0.01062431 -0.07177588
0.001191153 0.05879196 0.003283453 -0.008434541 0.001203806
-0.01066872 0.008486706 -0.004242064 -0.003362285 0.003665835
0.008810757 -0.003068086 0.0004950023 0.005356204 0.005154274
-0.008357779 0.0002639047 -0.003141943
1.998024 1.982556 1.9975 1.988321 1.997171
1.988811 1.997454 0.1607815 1.989319 1.995003
1.981946 1.982957 1.992775 1.991399 1.995308
1.989628 1.992327 1.995615 1.17453 1.985821
1.977309 1.986509 1.996951 1.789734 1.999454
1.992847 1.98713 1.992573 1.991697 1.990864
1.988418 1.993131 1.99001 0.7237409 1.991554
0.76969 1.977275
1.998024 1.982556 1.9975 1.988321 1.997171
1.988811 0.4073211 1.988042 1.989319 1.995003
1.981946 1.982957 1.992775 1.991399 0.2006907
1.989628 1.992327 1.995615 0.4241722 1.985821
0.7358932 1.986509 1.996951 1.99861 1.999454
1.992847 1.98713 1.992573 1.991697 1.990864
1.988418 1.993131 1.99001 1.988892 1.991554
1.908935 1.977275
0.2415891
0.1163837 0.009495193 0.005099211 -0.007445949 0.0009166603
0.001738712 -0.0174608 -0.0005736717 0.7567093 -0.01067921
-0.01066658 -0.00726278 0.005222622 0.004781679 0.0237876
0.01370421 0.007509936 0.005877911 0.002215702 -0.1087095
-0.01913908 -0.01343012 -0.009533562 -0.02646964 -0.04065787
-0.009973608 0.003136253 -0.01239151 -0.01354211 0.008220084
-0.0001698721 0.005362314 0.01780775 -0.005354126 0.06265154
0.002573983 -0.1489214 -0.01707029
-0.01220408 -0.006043899 0.0002443298 0.004582558 0.01224305
0.004141869 -0.001859958 0.03974133 0.03208563 0.0008612751
-0.003049954 0.001506488 -0.001258656 -0.003134401 0.01594234
0.1877676 0.00487443 0.00876089 -0.01062433 -0.07177587
0.001191153 0.05879201 0.003283488 -0.00843454 0.001203774
-0.01066872 0.008486666 -0.004242066 -0.003362268 0.003665836
0.008810737 -0.00306814 0.0004949612 0.005356209 0.005154231
-0.0083577 0.0002638759 -0.003141975
1.998024 1.982556 1.9975 1.988321 1.997171
1.988811 1.997454 0.1607822 1.989319 1.995003
1.981946 1.982957 1.992775 1.991399 1.995308
1.989628 1.992327 1.995615 1.174552 1.985821
1.977309 1.986509 1.996951 1.79006 1.999454
1.992847 1.98713 1.992573 1.991697 1.990864
1.988418 1.993131 1.99001 0.7236802 1.991554
0.7696888 1.977275
1.998024 1.982556 1.9975 1.988321 1.997171
1.988811 0.4073172 1.988042 1.989319 1.995003
1.981946 1.982957 1.992775 1.991399 0.2006926
1.989628 1.992327 1.995615 0.4241689 1.985821
0.7359018 1.986509 1.996951 1.99861 1.999454
1.992847 1.98713 1.992573 1.991697 1.990864
1.988418 1.993131 1.99001 1.988892 1.991554
1.908935 1.977275
0.2415924
0.116383 0.009495225 0.005098179 -0.007446055 0.0009170526
0.001738272 -0.01746228 -0.0005734332 0.7567131 -0.01067843
-0.01066544 -0.007264184 0.005223266 0.004780833 0.02378799
0.0137042 0.007510017 0.005878011 0.002215167 -0.108711
-0.01913949 -0.0134302 -0.009534728 -0.02647029 -0.04065707
-0.00997308 0.003137455 -0.01239208 -0.01354158 0.008220838
-0.0001696804 0.005362357 0.01780666 -0.005353581 0.06265492
0.002573507 -0.1489203 -0.01707076
-0.01220408 -0.006043886 0.000244334 0.004582556 0.01224304
0.004141866 -0.001859947 0.0397413 0.03208565 0.0008612689
-0.003049955 0.001506495 -0.001258657 -0.003134393 0.01594234
0.1877676 0.004874412 0.008760883 -0.01062433 -0.07177584
0.00119115 0.05879201 0.003283493 -0.008434538 0.001203762
-0.01066871 0.008486668 -0.004242066 -0.003362277 0.003665821
0.008810732 -0.003068147 0.0004949679 0.005356217 0.005154235
-0.008357692 0.0002638776 -0.003141983
1.998024 1.982556 1.9975 1.988321 1.997171
1.988811 1.997454 0.1607966 1.989319 1.995003
1.981946 1.982957 1.992775 1.991399 1.995308
1.989628 1.992327 1.995615 1.174887 1.985821
1.977309 1.986509 1.996951 1.790272 1.999454
1.992847 1.98713 1.992573 1.991697 1.990864
1.988418 1.993131 1.99001 0.723597 1.991554
0.7696823 1.977275
1.998024 1.982556 1.9975 1.988321 1.997171
1.988811 0.4073183 1.988042 1.989319 1.995003
1.981946 1.982957 1.992775 1.991399 0.200693
1.989628 1.992327 1.995615 0.4241678 1.985821
0.7359021 1.986509 1.996951 1.99861 1.999454
1.992847 1.98713 1.992573 1.991697 1.990864
1.988418 1.993131 1.99001 1.988892 1.991554
1.908935 1.977275
0.2415897
0.1163835 0.009494909 0.005099629 -0.007445968 0.0009165188
0.001738921 -0.01745984 -0.000573871 0.7567092 -0.01067959
-0.01066722 -0.00726214 0.005222723 0.004781537 0.02378761
0.01370383 0.007510141 0.005878066 0.002215987 -0.1087091
-0.01913875 -0.0134301 -0.009533136 -0.0264692 -0.04065829
-0.009973919 0.003135859 -0.01239148 -0.01354232 0.008219534
-0.0001701737 0.005362373 0.0178083 -0.005354097 0.06264944
0.002573892 -0.1489221 -0.01706997
-0.01220291 -0.0060437 0.0002442288 0.004582821 0.01224313
0.004141878 -0.001859886 0.03973996 0.03208565 0.0008613813
-0.003049787 0.001506251 -0.001258897 -0.00313476 0.0159425
0.1877679 0.004874342 0.008760874 -0.01062453 -0.07177645
0.001190934 0.05879127 0.003283308 -0.008434451 0.001203905
-0.01066874 0.008486618 -0.004242148 -0.003362461 0.003665909
0.008810718 -0.003068099 0.000495165 0.005356331 0.005154283
-0.00835787 0.0002638673 -0.003141925
1.998024 1.982556 1.9975 1.988321 1.997171
1.988811 1.997454 0.160781 1.989319 1.995003
1.981946 1.982957 1.992775 1.991399 1.995308
1.989628 1.992327 1.995615 1.17446 1.985821
1.977309 1.986509 1.996951 1.789914 1.999454
1.992847 1.98713 1.992573 1.991697 1.990864
1.988418 1.993131 1.99001 0.7237455 1.991554
0.7697053 1.977275
1.998024 1.982556 1.9975 1.988321 1.997171
1.988811 0.4073163 1.988042 1.989319 1.995003
1.981946 1.982957 1.992775 1.991399 0.2006848
1.989628 1.992327 1.995615 0.4241678 1.985821
0.7357933 1.986509 1.996951 1.99861 1.999454
1.992847 1.98713 1.992573 1.991697 1.990864
1.988418 1.993131 1.99001 1.988892 1.991554
1.908935 1.977275
0.2415875
0.1163833 0.009494521 0.005100046 -0.007446 0.0009164901
0.001739026 -0.0174591 -0.0005739576 0.7567109 -0.01067985
-0.01066787 -0.007261833 0.005222987 0.004780922 0.02378764
0.01370321 0.007510451 0.00587813 0.002216046 -0.1087091
-0.01913839 -0.01342993 -0.009533119 -0.02646881 -0.04065866
-0.009974157 0.003135556 -0.01239162 -0.01354211 0.008218984
-0.0001704703 0.005362338 0.01780905 -0.005354009 0.06264732
0.002573841 -0.1489227 -0.0170697
-0.01220419 -0.006043899 0.0002443378 0.004582566 0.01224304
0.004141864 -0.00185996 0.03974133 0.03208562 0.000861286
-0.003049935 0.001506505 -0.001258642 -0.003134393 0.01594235
0.1877675 0.004874442 0.008760888 -0.01062431 -0.07177585
0.00119116 0.05879201 0.003283477 -0.008434545 0.001203776
-0.01066872 0.008486683 -0.00424205 -0.003362274 0.003665848
0.008810738 -0.003068107 0.0004949649 0.00535621 0.005154245
-0.008357722 0.0002638893 -0.003141968
1.998024 1.982556 1.9975 1.988321 1.997171
1.988811 1.997454 0.1607808 1.989319 1.995003
1.981946 1.982957 1.992775 1.991399 1.995308
1.989628 1.992327 1.995615 1.174447 1.985821
1.977309 1.986509 1.996951 1.789752 1.999454
1.992847 1.98713 1.992573 1.991697 1.990864
1.988418 1.993131 1.99001 0.7238143 1.991554
0.7696966 1.977275
1.998024 1.982556 1.9975 1.988321 1.997171
1.988811 0.4073196 1.988042 1.989319 1.995003
1.981946 1.982957 1.992775 1.991399 0.2006927
1.989628 1.992327 1.995615 0.4241712 1.985821
0.7359024 1.986509 1.996951 1.99861 1.999454
1.992847 1.98713 1.992573 1.991697 1.990864
1.988418 1.993131 1.99001 1.988892 1.991554
1.908935 1.977275
0.2415887
0.1163832 0.009494977 0.005099595 -0.00744595 0.0009165196
0.001738964 -0.01745994 -0.0005738865 0.7567091 -0.01067956
-0.01066713 -0.007262178 0.005222702 0.004781639 0.02378758
0.01370392 0.007510118 0.005878062 0.002216012 -0.108709
-0.01913884 -0.01343 -0.009533097 -0.02646927 -0.04065828
-0.009973894 0.003135889 -0.01239139 -0.0135424 0.008219634
-0.0001700473 0.005362359 0.01780815 -0.005354095 0.06264987
0.002573831 -0.1489219 -0.01706989
-0.0122036 -0.006043859 0.0002443013 0.004582497 0.01224308
0.004141894 -0.001859916 0.03974125 0.03208578 0.0008612032
-0.003050036 0.001506433 -0.00125871 -0.003134401 0.0159423
0.187768 0.004874325 0.008760877 -0.01062441 -0.07177586
0.001191133 0.05879207 0.003283564 -0.00843451 0.00120373
-0.01066867 0.008486613 -0.00424215 -0.003362252 0.003665695
0.008810739 -0.00306832 0.0004949734 0.005356206 0.00515419
-0.008357588 0.0002638275 -0.003142024
1.998024 1.982556 1.9975 1.988321 1.997171
1.988811 1.997454 0.1607814 1.989319 1.995003
1.981946 1.982957 1.992775 1.991399 1.995308
1.989628 1.992327 1.995615 1.174443 1.985821
1.977309 1.986509 1.996951 1.789903 1.999454
1.992847 1.98713 1.992573 1.991697 1.990864
1.988418 1.993131 1.99001 0.7237344 1.991554
0.7697004 1.977275
1.998024 1.982556 1.9975 1.988321 1.997171
1.988811 0.4073096 1.988042 1.989319 1.995003
1.981946 1.982957 1.992775 1.991399 0.2006925
1.989628 1.992327 1.995615 0.4241545 1.985821
0.7359055 1.986509 1.996951 1.99861 1.999454
1.992847 1.98713 1.992573 1.991697 1.990864
1.988418 1.993131 1.99001 1.988892 1.991554
1.908935 1.977275
0.2415879
0.1163831 0.009494904 0.005099837 -0.007446042 0.0009165005
0.001738923 -0.01745968 -0.0005736938 0.7567098 -0.01067954
-0.01066732 -0.007262244 0.005222588 0.004781419 0.02378763
0.01370374 0.007510263 0.005877963 0.002215721 -0.1087092
-0.0191388 -0.01342978 -0.009533052 -0.02646914 -0.04065849
-0.009974045 0.003135934 -0.01239142 -0.01354218 0.008219321
-0.0001700221 0.005362278 0.01780837 -0.00535413 0.06264932
0.002573942 -0.1489219 -0.01706977
-0.01220408 -0.006043897 0.0002443326 0.004582558 0.01224305
0.004141866 -0.001859956 0.03974134 0.03208563 0.0008612721
-0.003049959 0.001506492 -0.001258657 -0.003134397 0.01594234
0.1877676 0.004874424 0.008760889 -0.01062433 -0.07177587
0.00119115 0.058792 0.00328349 -0.008434539 0.001203768
-0.01066872 0.008486661 -0.004242063 -0.003362272 0.003665839
0.008810731 -0.003068142 0.0004949583 0.005356214 0.005154227
-0.00835769 0.0002638736 -0.003141981
1.998024 1.982556 1.9975 1.988321 1.997171
1.988811 1.997454 0.1607796 1.989319 1.995003
1.981946 1.982957 1.992775 1.991399 1.995308
1.989628 1.992327 1.995615 1.174478 1.985821
1.977309 1.986509 1.996951 1.789739 1.999454
1.992847 1.98713 1.992573 1.991697 1.990864
1.988418 1.993131 1.99001 0.7237525 1.991554
0.7697015 1.977275
1.998024 1.982556 1.9975 1.988321 1.997171
1.988811 0.4073172 1.988042 1.989319 1.995003
1.981946 1.982957 1.992775 1.991399 0.200693
1.989628 1.992327 1.995615 0.4241687 1.985821
0.7359017 1.986509 1.996951 1.99861 1.999454
1.992847 1.98713 1.992573 1.991697 1.990864
1.988418 1.993131 1.99001 1.988892 1.991554
1.908935 1.977275
0.02274926
0.1163385 0.0252629 0.02477752 -0.02979476 0.02244475
-0.01099473 0.006881326 -0.02039489 0.7823709 0.01244295
-0.009232842 0.009695107 -0.02817721 -0.01106518 0.03335113
0.01371485 -0.02088597 0.005208317 0.002749744 -0.06827891
-0.03763679 0.01016119 0.01557884 -0.03169832 -0.03803212
-0.02558904 0.01161146 -0.02885134 -0.04382826 0.006812155
0.01054234 0.008318832 0.00339726 -0.03822052 0.03275221
0.0115394 -0.1383932 0.007475454
-0.01220411 -0.006043907 0.0002443285 0.004582533 0.01224305
0.004141878 -0.001859958 0.03974139 0.03208565 0.0008612661
-0.003049961 0.001506492 -0.001258644 -0.003134383 0.01594231
0.1877675 0.004874433 0.00876089 -0.01062432 -0.07177583
0.001191171 0.05879207 0.003283505 -0.008434543 0.001203772
-0.01066871 0.008486675 -0.004242075 -0.003362248 0.003665806
0.008810751 -0.003068157 0.0004949581 0.005356191 0.005154233
-0.008357696 0.0002638775 -0.003141973
1.998024 1.982556 1.9975 1.988321 1.997171
1.988811 1.997454 1.988042 1.989319 1.995003
1.981946 1.982957 0.2838654 1.991399 1.995308
1.989628 1.992327 1.995615 1.988922 1.985821
1.977309 1.986509 1.996951 1.99861 1.999454
1.992847 1.98713 1.992573 1.991697 1.990864
1.988418 1.993131 1.99001 0.1429336 0.1238055
0.03388488 1.977275
1.998024 1.982556 1.9975 1.988321 1.997171
1.988811 0.4073167 1.988042 1.989319 1.995003
1.981946 1.982957 1.992775 1.991399 0.2006924
1.989628 1.992327 1.995615 0.4241679 1.985821
0.7359092 1.986509 1.996951 1.99861 1.999454
1.992847 1.98713 1.992573 1.991697 1.990864
1.988418 1.993131 1.99001 1.988892 1.991554
1.908935 1.977275
0.2415872
0.116385 0.009494581 0.005099721 -0.00744595 0.0009166726
0.001738636 -0.01745993 -0.0005737614 0.7567113 -0.01067961
-0.01066759 -0.007262345 0.005222981 0.004780725 0.02378761
0.0137033 0.007510211 0.005877916 0.002215771 -0.1087098
-0.01913834 -0.01343043 -0.009533894 -0.02646906 -0.04065812
-0.009973809 0.003135645 -0.012392 -0.01354151 0.008219348
-0.0001706758 0.005362295 0.01780926 -0.005354141 0.0626478
0.00257431 -0.148923 -0.01707048
-0.01220405 -0.006043883 0.0002443313 0.004582555 0.01224304
0.004141868 -0.001859945 0.03974128 0.03208566 0.0008612671
-0.003049956 0.001506491 -0.00125866 -0.003134396 0.01594234
0.1877676 0.004874408 0.008760882 -0.01062433 -0.07177585
0.001191149 0.05879201 0.003283495 -0.008434536 0.001203762
-0.01066871 0.008486667 -0.004242071 -0.003362277 0.003665813
0.008810734 -0.003068154 0.0004949713 0.005356216 0.005154235
-0.008357691 0.0002638765 -0.003141984
1.998024 1.982556 1.9975 1.988321 1.997171
1.988811 1.997454 0.1607787 1.989319 1.995003
1.981946 1.982957 1.992775 1.991399 1.995308
1.989628 1.992327 1.995615 1.174582 1.985821
1.977309 1.986509 1.996951 1.790063 1.999454
1.992847 1.98713 1.992573 1.991697 1.990864
1.988418 1.993131 1.99001 0.723785 1.991554
0.7696752 1.977275
1.998024 1.982556 1.9975 1.988321 1.997171
1.988811 0.407318 1.988042 1.989319 1.995003
1.981946 1.982957 1.992775 1.991399 0.2006928
1.989628 1.992327 1.995615 0.4241672 1.985821
0.7359017 1.986509 1.996951 1.99861 1.999454
1.992847 1.98713 1.992573 1.991697 1.990864
1.988418 1.993131 1.99001 1.988892 1.991554
1.908935 1.977275
0.2415883
0.1163833 0.00949479 0.005099665 -0.007445987 0.0009165596
0.001738912 -0.01745979 -0.0005738636 0.7567103 -0.01067958
-0.01066731 -0.007262222 0.005222881 0.004781223 0.02378765
0.01370362 0.007510259 0.005878081 0.00221593 -0.1087093
-0.01913869 -0.01343 -0.009533278 -0.02646915 -0.04065833
-0.009973934 0.003135891 -0.01239158 -0.01354217 0.008219446
-0.0001702186 0.005362349 0.01780843 -0.005354011 0.06264917
0.002573823 -0.1489221 -0.01706991
-0.01220419 -0.006043913 0.0002443341 0.004582568 0.01224306
0.004141867 -0.001859971 0.03974137 0.03208559 0.0008612916
-0.003049937 0.001506497 -0.001258643 -0.003134402 0.01594234
0.1877675 0.00487446 0.008760896 -0.01062431 -0.07177588
0.00119116 0.058792 0.003283472 -0.008434547 0.001203788
-0.01066873 0.008486677 -0.004242049 -0.003362265 0.003665869
0.00881074 -0.003068102 0.0004949551 0.005356204 0.005154238
-0.008357725 0.0002638853 -0.003141961
1.998024 1.982556 1.9975 1.988321 1.997171
1.988811 1.997454 0.1607824 1.989319 1.995003
1.981946 1.982957 1.992775 1.991399 1.995308
1.989628 1.992327 1.995615 1.174493 1.985821
1.977309 1.986509 1.996951 1.789873 1.999454
1.992847 1.98713 1.992573 1.991697 1.990864
1.988418 1.993131 1.99001 0.723758 1.991554
0.7696975 1.977275
1.998024 1.982556 1.9975 1.988321 1.997171
1.988811 0.4073183 1.988042 1.989319 1.995003
1.981946 1.982957 1.992775 1.991399 0.2006925
1.989628 1.992327 1.995615 0.4241723 1.985821
0.7359017 1.986509 1.996951 1.99861 1.999454
1.992847 1.98713 1.992573 1.991697 1.990864
1.988418 1.993131 1.99001 1.988892 1.991554
1.908935 1.977275
0.2415882
0.1163816 0.009494909 0.0050999 -0.007446131 0.0009165886
0.001738947 -0.01745987 -0.0005734756 0.7567123 -0.01067929
-0.01066717 -0.00726276 0.005222674 0.004780994 0.02378771
0.01370357 0.00751051 0.005877867 0.002215317 -0.1087094
-0.01913905 -0.01342906 -0.009533215 -0.02646927 -0.04065866
-0.00997408 0.003136304 -0.01239135 -0.0135419 0.008219296
-0.0001695874 0.005362114 0.01780809 -0.00535398 0.06265027
0.002573706 -0.1489211 -0.01706937
-0.01220407 -0.006044039 0.0002442546 0.004582557 0.0122432
0.004141947 -0.001860071 0.03974158 0.03208543 0.0008613625
-0.003049892 0.001506371 -0.001258646 -0.00313452 0.01594219
0.1877669 0.004874659 0.008760972 -0.01062435 -0.07177616
0.001191214 0.05879204 0.003283431 -0.008434564 0.001203962
-0.01066874 0.008486692 -0.004242104 -0.00336213 0.003665932
0.008810856 -0.003068066 0.0004949296 0.005356065 0.005154229
-0.008357875 0.0002638807 -0.003141831
1.998024 1.982556 1.9975 1.988321 1.997171
1.988811 1.997454 0.1607827 1.989319 1.995003
1.981946 1.982957 1.992775 1.991399 1.995308
1.989628 1.992327 1.995615 1.174551 1.985821
1.977309 1.986509 1.996951 1.789486 1.999454
1.992847 1.98713 1.992573 1.991697 1.990864
1.988418 1.993131 1.99001 0.7237393 1.991554
0.7696755 1.977275
1.998024 1.982556 1.9975 1.988321 1.997171
1.988811 0.4073054 1.988042 1.989319 1.995003
1.981946 1.982957 1.992775 1.991399 0.200685
1.989628 1.992327 1.995615 0.4241817 1.985821
0.7358994 1.986509 1.996951 1.99861 1.999454
1.992847 1.98713 1.992573 1.991697 1.990864
1.988418 1.993131 1.99001 1.988892 1.991554
1.908935 1.977275
0.241586
0.1163823 0.009494923 0.005099918 -0.007446029 0.0009164913
0.001739058 -0.01745964 -0.0005737362 0.7567103 -0.01067955
-0.01066733 -0.007262247 0.005222627 0.004781413 0.02378759
0.01370371 0.007510339 0.005877973 0.002215762 -0.1087089
-0.01913889 -0.01342944 -0.009532946 -0.02646916 -0.04065863
-0.009974088 0.00313593 -0.01239126 -0.01354226 0.008219332
-0.0001698151 0.005362229 0.01780825 -0.005354085 0.06264958
0.002573769 -0.1489216 -0.01706948
-0.01220406 -0.006044067 0.0002443283 0.004582456 0.01224318
0.004141875 -0.001860053 0.03974223 0.03208546 0.0008612209
-0.003050129 0.001506479 -0.001258632 -0.003134338 0.01594222
0.1877681 0.004874514 0.008760964 -0.01062437 -0.07177598
0.001191191 0.05879219 0.003283565 -0.008434559 0.001203763
-0.01066874 0.008486544 -0.004242059 -0.003362137 0.003665944
0.00881072 -0.003068243 0.0004947796 0.005356153 0.005154078
-0.008357524 0.0002637845 -0.003142006
1.998024 1.982556 1.9975 1.988321 1.997171
1.988811 1.997454 0.1607806 1.989319 1.995003
1.981946 1.982957 1.992775 1.991399 1.995308
1.989628 1.992327 1.995615 1.174441 1.985821
1.977309 1.986509 1.996951 1.789631 1.999454
1.992847 1.98713 1.992573 1.991697 1.990864
1.988418 1.993131 1.99001 0.7237514 1.991554
0.7696884 1.977275
1.998024 1.982556 1.9975 1.988321 1.997171
1.988811 0.4072987 1.988042 1.989319 1.995003
1.981946 1.982957 1.992775 1.991399 0.2006965
1.989628 1.992327 1.995615 0.4241684 1.985821
0.7359318 1.986509 1.996951 1.99861 1.999454
1.992847 1.98713 1.992573 1.991697 1.990864
1.988418 1.993131 1.99001 1.988892 1.991554
1.908935 1.977275
0.2415891
0.1163826 0.009495035 0.005099864 -0.007445851 0.0009163702
0.001739304 -0.01745951 -0.0005741605 0.7567075 -0.01067986
-0.01066739 -0.007261609 0.005222599 0.004782109 0.0237874
0.01370402 0.007510085 0.005878141 0.002216461 -0.108708
-0.01913882 -0.01342977 -0.00953254 -0.02646914 -0.04065859
-0.009974045 0.003135466 -0.01239099 -0.01354289 0.008219574
-0.000169915 0.00536237 0.01780819 -0.005354188 0.06264937
0.002573688 -0.1489218 -0.01706947
-0.01220089 -0.006043378 0.0002441653 0.004583251 0.01224324
0.004141757 -0.00185975 0.03973829 0.03208561 0.0008614313
-0.003049766 0.001505987 -0.001259325 -0.003135206 0.01594291
0.1877701 0.004874019 0.008760842 -0.0106249 -0.07177737
0.001190463 0.05878995 0.00328309 -0.008434288 0.001203889
-0.01066884 0.008486317 -0.004242169 -0.003362882 0.00366621
0.008810454 -0.003068147 0.0004953229 0.005356728 0.005154173
-0.00835774 0.0002637314 -0.003142066
1.998024 1.982556 1.9975 1.988321 1.997171
1.988811 1.997454 0.1607792 1.989319 1.995003
1.981946 1.982957 1.992775 1.991399 1.995308
1.989628 1.992327 1.995615 1.17426 1.985821
1.977309 1.986509 1.996951 1.789815 1.999454
1.992847 1.98713 1.992573 1.991697 1.990864
1.988418 1.993131 1.99001 0.7237502 1.991554
0.7696951 1.977275
1.998024 1.982556 1.9975 1.988321 1.997171
1.988811 0.4073093 1.988042 1.989319 1.995003
1.981946 1.982957 1.992775 1.991399 0.2006875
1.989628 1.992327 1.995615 0.4241567 1.985821
0.7356198 1.986509 1.996951 1.99861 1.999454
1.992847 1.98713 1.992573 1.991697 1.990864
1.988418 1.993131 1.99001 1.988892 1.991554
1.908935 1.977275
0.04350897
0.1097999 0.01862993 0.02327493 -0.02924369 0.0299021
0.009741459 0.001741755 -0.01314686 0.7808356 0.002143367
-0.008176801 0.00157669 -0.0257683 -0.01337182 0.02915071
0.005636702 -0.01279518 0.005651774 0.01036317 -0.07209379
-0.02279555 0.01096056 0.01241382 -0.04272429 -0.03234874
-0.03304199 0.005419888 -0.03103526 -0.05182018 0.001146761
0.0221002 0.02201693 -0.001565223 -0.02672241 0.03718675
0.0009699584 -0.1384607 0.01334949
-0.01220461 -0.006043772 0.000244422 0.004582661 0.01224288
0.004141776 -0.001859881 0.03974093 0.03208568 0.0008613008
-0.003049859 0.001506644 -0.001258618 -0.003134328 0.01594254
0.1877674 0.004874331 0.008760815 -0.01062421 -0.07177562
0.001191109 0.05879184 0.003283425 -0.008434545 0.001203673
-0.01066875 0.008486738 -0.004241944 -0.003362443 0.003665882
0.008810642 -0.003067971 0.0004950318 0.00535635 0.005154325
-0.008357733 0.0002639524 -0.003142029
1.998024 0.2114988 1.9975 0.4277545 1.997171
0.5039521 1.997454 1.988042 1.989319 1.995003
1.981946 1.982957 1.992775 1.991399 1.995308
1.989628 1.992327 1.995615 1.988922 1.985821
1.977309 1.986509 1.996951 1.99861 1.999454
1.992847 1.98713 0.6983706 1.991697 1.990864
0.7673393 1.993131 1.99001 1.988892 0.02170297
1.908935 1.977275
1.998024 1.982556 1.9975 1.988321 1.997171
1.988811 0.4073408 1.988042 1.989319 1.995003
1.981946 1.982957 1.992775 1.991399 0.2006978
1.989628 1.992327 1.995615 0.4241745 1.985821
0.7358882 1.986509 1.996951 1.99861 1.999454
1.992847 1.98713 1.992573 1.991697 1.990864
1.988418 1.993131 1.99001 1.988892 1.991554
1.908935 1.977275
0.2415881
0.1163818 0.00949551 0.005099459 -0.00744582 0.0009163843
0.00173933 -0.01746028 -0.0005740922 0.7567059 -0.01067955
-0.01066662 -0.007261974 0.005222325 0.004782828 0.02378735
0.01370472 0.007509828 0.005878096 0.002216414 -0.1087078
-0.01913936 -0.0134296 -0.009532397 -0.02646961 -0.04065833
-0.009973837 0.00313587 -0.01239065 -0.01354327 0.008220201
-0.0001693303 0.005362367 0.01780712 -0.00535422 0.0626522
0.002573523 -0.1489207 -0.01706943
-0.01220416 -0.006044015 0.0002443058 0.004582649 0.01224317
0.004141869 -0.001860066 0.03974158 0.03208532 0.0008613737
-0.00304991 0.00150643 -0.001258666 -0.003134514 0.01594232
0.1877674 0.004874619 0.008760966 -0.01062434 -0.07177623
0.001191136 0.05879181 0.003283381 -0.008434558 0.001203904
-0.0106688 0.00848663 -0.00424201 -0.003362234 0.003666105
0.008810745 -0.003067985 0.0004948929 0.005356184 0.005154191
-0.008357803 0.000263865 -0.003141893
1.998024 1.982556 1.9975 1.988321 1.997171
1.988811 1.997454 0.160781 1.989319 1.995003
1.981946 1.982957 1.992775 1.991399 1.995308
1.989628 1.992327 1.995615 1.17424 1.985821
1.977309 1.986509 1.996951 1.789864 1.999454
1.992847 1.98713 1.992573 1.991697 1.990864
1.988418 1.993131 1.99001 0.7236681 1.991554
0.7696968 1.977275
1.998024 1.982556 1.9975 1.988321 1.997171
1.988811 0.40731 1.988042 1.989319 1.995003
1.981946 1.982957 1.992775 1.991399 0.2006908
1.989628 1.992327 1.995615 0.4241866 1.985821
0.7358788 1.986509 1.996951 1.99861 1.999454
1.992847 1.98713 1.992573 1.991697 1.990864
1.988418 1.993131 1.99001 1.988892 1.991554
1.908935 1.977275
0.241588
0.1163832 0.009494889 0.005099701 -0.007445972 0.0009165324
0.001738944 -0.01745983 -0.000573841 0.7567097 -0.01067958
-0.01066727 -0.0072622 0.005222741 0.00478143 0.02378759
0.01370376 0.007510198 0.00587803 0.002215927 -0.1087091
-0.01913876 -0.01342993 -0.00953317 -0.02646919 -0.04065836
-0.009973939 0.003135855 -0.01239146 -0.01354224 0.008219497
-0.0001701013 0.005362323 0.01780835 -0.00535409 0.06264941
0.002573875 -0.148922 -0.01706987
-0.01220414 -0.006043921 0.0002443313 0.004582554 0.01224307
0.004141869 -0.001859973 0.03974143 0.03208559 0.0008612798
-0.003049959 0.001506491 -0.001258647 -0.003134396 0.01594232
0.1877675 0.004874454 0.0087609 -0.01062432 -0.07177588
0.001191161 0.05879202 0.003283486 -0.008434545 0.001203782
-0.01066873 0.008486662 -0.004242057 -0.003362254 0.003665862
0.008810739 -0.003068128 0.000494943 0.0053562 0.005154222
-0.0083577 0.0002638736 -0.003141969
1.998024 1.982556 1.9975 1.988321 1.997171
1.988811 1.997454 0.1607809 1.989319 1.995003
1.981946 1.982957 1.992775 1.991399 1.995308
1.989628 1.992327 1.995615 1.174462 1.985821
1.977309 1.986509 1.996951 1.789856 1.999454
1.992847 1.98713 1.992573 1.991697 1.990864
1.988418 1.993131 1.99001 0.7237487 1.991554
0.7696947 1.977275
1.998024 1.982556 1.9975 1.988321 1.997171
1.988811 0.4073162 1.988042 1.989319 1.995003
1.981946 1.982957 1.992775 1.991399 0.2006928
1.989628 1.992327 1.995615 0.4241707 1.985821
0.7359044 1.986509 1.996951 1.99861 1.999454
1.992847 1.98713 1.992573 1.991697 1.990864
1.988418 1.993131 1.99001 1.988892 1.991554
1.908935 1.977275
0.2415917
0.1163853 0.009495676 0.005098514 -0.007446288 0.0009164465
0.001738335 -0.01746072 -0.0005732988 0.7567041 -0.01067885
-0.01066559 -0.007262811 0.00522188 0.004782909 0.0237881
0.01370528 0.007509612 0.005878151 0.00221533 -0.1087102
-0.0191395 -0.01343117 -0.009532709 -0.02646978 -0.04065742
-0.009973702 0.00313732 -0.01239153 -0.01354302 0.00822012
-0.0001699508 0.005362734 0.01780619 -0.005354105 0.06265386
0.002574013 -0.1489213 -0.01707081
-0.01220412 -0.00604392 0.000244339 0.00458257 0.01224307
0.004141854 -0.001859974 0.03974145 0.03208557 0.0008612784
-0.003049972 0.001506497 -0.001258656 -0.003134398 0.01594235
0.1877677 0.004874445 0.008760902 -0.01062433 -0.07177591
0.001191142 0.05879197 0.00328348 -0.008434542 0.00120377
-0.01066874 0.00848664 -0.004242041 -0.003362272 0.003665899
0.008810714 -0.003068123 0.0004949301 0.005356224 0.005154206
-0.008357675 0.0002638635 -0.003141985
1.998024 1.982556 1.9975 1.988321 1.997171
1.988811 1.997454 0.1607847 1.989319 1.995003
1.981946 1.982957 1.992775 1.991399 1.995308
1.989628 1.992327 1.995615 1.17467 1.985821
1.977309 1.986509 1.996951 1.790171 1.999454
1.992847 1.98713 1.992573 1.991697 1.990864
1.988418 1.993131 1.99001 0.723603 1.991554
0.769853 1.977275
1.998024 1.982556 1.9975 1.988321 1.997171
1.988811 0.4073158 1.988042 1.989319 1.995003
1.981946 1.982957 1.992775 1.991399 0.2006941
1.989628 1.992327 1.995615 0.4241711 1.985821
0.7358998 1.986509 1.996951 1.99861 1.999454
1.992847 1.98713 1.992573 1.991697 1.990864
1.988418 1.993131 1.99001 1.988892 1.991554
1.908935 1.977275
0.2415879
0.1163835 0.009495114 0.005099356 -0.007446097 0.0009165287
0.001738764 -0.01746013 -0.0005736226 0.7567087 -0.01067929
-0.01066673 -0.007262514 0.005222519 0.004781743 0.02378778
0.01370415 0.007510098 0.005878054 0.002215641 -0.1087095
-0.01913904 -0.01343013 -0.009533071 -0.02646939 -0.04065812
-0.009973884 0.003136406 -0.01239148 -0.0135424 0.008219661
-0.0001699597 0.005362412 0.01780763 -0.005354041 0.06265096
0.002573842 -0.1489216 -0.01707005
-0.01220406 -0.006044016 0.0002443295 0.004582564 0.01224316
0.004141853 -0.001860042 0.03974186 0.0320854 0.0008612831
-0.003050037 0.001506468 -0.001258662 -0.003134416 0.0159423
0.1877679 0.004874524 0.008760954 -0.01062436 -0.07177609
0.001191139 0.05879195 0.003283477 -0.008434551 0.0012038
-0.01066877 0.008486566 -0.004242024 -0.003362218 0.003666031
0.0088107 -0.003068128 0.0004948355 0.005356205 0.005154123
-0.008357621 0.0002638155 -0.00314198
1.998024 1.982556 1.9975 1.988321 1.997171
1.988811 1.997454 0.1607831 1.989319 1.995003
1.981946 1.982957 1.992775 1.991399 1.995308
1.989628 1.992327 1.995615 1.174548 1.985821
1.977309 1.986509 1.996951 1.789883 1.999454
1.992847 1.98713 1.992573 1.991697 1.990864
1.988418 1.993131 1.99001 0.7237029 1.991554
0.7697378 1.977275
1.998024 1.982556 1.9975 1.988321 1.997171
1.988811 0.4073054 1.988042 1.989319 1.995003
1.981946 1.982957 1.992775 1.991399 0.2006954
1.989628 1.992327 1.995615 0.4241754 1.985821
0.7359013 1.986509 1.996951 1.99861 1.999454
1.992847 1.98713 1.992573 1.991697 1.990864
1.988418 1.993131 1.99001 1.988892 1.991554
1.908935 1.977275
0.2415895
0.116387 0.009494885 0.005098646 -0.007445337 0.0009166922
0.001738895 -0.01746102 -0.0005749892 0.7567055 -0.01068003
-0.01066701 -0.00726143 0.005223498 0.004782129 0.02378715
0.0137042 0.007509272 0.005878424 0.002217686 -0.1087084
-0.0191382 -0.01343205 -0.009534035 -0.02646953 -0.04065705
-0.009973032 0.003134789 -0.01239187 -0.01354273 0.008220894
-0.0001712069 0.005362771 0.01780878 -0.005354186 0.06264906
0.002574061 -0.1489236 -0.01707139
-0.01220314 -0.006043777 0.0002442622 0.004582424 0.01224306
0.004141941 -0.001859843 0.03974092 0.03208604 0.0008611368
-0.003050064 0.001506374 -0.001258754 -0.003134404 0.01594225
0.1877682 0.004874201 0.008760839 -0.01062448 -0.07177575
0.001191136 0.05879219 0.003283643 -0.008434479 0.001203698
-0.01066859 0.008486624 -0.004242266 -0.003362238 0.00366545
0.008810783 -0.0030685 0.0004950504 0.005356179 0.005154211
-0.008357546 0.0002638147 -0.003142048
1.998024 1.982556 1.9975 1.988321 1.997171
1.988811 1.997454 0.1607826 1.989319 1.995003
1.981946 1.982957 1.992775 1.991399 1.995308
1.989628 1.992327 1.995615 1.174295 1.985821
1.977309 1.986509 1.996951 1.791103 1.999454
1.992847 1.98713 1.992573 1.991697 1.990864
1.988418 1.993131 1.99001 0.723723 1.991554
0.769666 1.977275
1.998024 1.982556 1.9975 1.988321 1.997171
1.988811 0.4073069 1.988042 1.989319 1.995003
1.981946 1.982957 1.992775 1.991399 0.2006897
1.989628 1.992327 1.995615 0.424138 1.985821
0.7359116 1.986509 1.996951 1.99861 1.999454
1.992847 1.98713 1.992573 1.991697 1.990864
1.988418 1.993131 1.99001 1.988892 1.991554
1.908935 1.977275
0.2415896
0.1163837 0.00949476 0.00509971 -0.007446104 0.0009164421
0.001738891 -0.01745928 -0.0005738185 0.7567092 -0.01067965
-0.01066737 -0.007261964 0.00522273 0.004781405 0.0237878
0.01370367 0.007510301 0.0058782 0.0022159 -0.1087094
-0.01913863 -0.01343024 -0.009532878 -0.02646896 -0.04065843
-0.009974124 0.003136009 -0.01239159 -0.01354244 0.008219141
-0.0001703885 0.005362472 0.01780833 -0.005353989 0.06264869
0.002573809 -0.1489224 -0.01706989
-0.01220446 -0.00604382 0.0002443735 0.004582595 0.01224293
0.004141838 -0.001859907 0.03974103 0.03208571 0.0008612954
-0.003049867 0.001506576 -0.001258615 -0.003134352 0.01594242
0.1877672 0.004874386 0.008760839 -0.01062424 -0.07177566
0.001191161 0.05879199 0.003283459 -0.008434548 0.001203734
-0.01066871 0.008486754 -0.004242017 -0.003362346 0.003665796
0.008810723 -0.00306804 0.0004950318 0.005356253 0.005154323
-0.008357772 0.0002639442 -0.003141979
1.998024 1.982556 1.9975 1.988321 1.997171
1.988811 1.997454 0.1607824 1.989319 1.995003
1.981946 1.982957 1.992775 1.991399 1.995308
1.989628 1.992327 1.995615 1.174495 1.985821
1.977309 1.986509 1.996951 1.789809 1.999454
1.992847 1.98713 1.992573 1.991697 1.990864
1.988418 1.993131 1.99001 0.7237718 1.991554
0.7697482 1.977275
1.998024 1.982556 1.9975 1.988321 1.997171
1.988811 0.4073329 1.988042 1.989319 1.995003
1.981946 1.982957 1.992775 1.991399 0.2006935
1.989628 1.992327 1.995615 0.4241719 1.985821
0.7359012 1.986509 1.996951 1.99861 1.999454
1.992847 1.98713 1.992573 1.991697 1.990864
1.988418 1.993131 1.99001 1.988892 1.991554
1.908935 1.977275
0.04302916
0.1174821 0.02564397 0.01720703 -0.02804572 0.02209241
-0.006608337 -0.002738064 -0.02424017 0.7881396 0.01349729
-0.00383153 0.009827761 -0.02313412 -0.01652273 0.03054535
0.01521184 -0.01388399 0.0162534 -0.003054971 -0.06527643
-0.03071144 -0.0009828762 0.01120253 -0.03352401 -0.0361532
-0.01929524 0.008819502 -0.027532 -0.04989607 0.002693601
0.01131029 0.0135143 0.003930589 -0.02900951 0.03246678
0.009203349 -0.1429759 -0.0001143224
-0.01220351 -0.006044044 0.0002442422 0.004582588 0.01224329
0.004141918 -0.001860078 0.03974168 0.03208536 0.0008613217
-0.003050011 0.001506307 -0.001258741 -0.003134574 0.01594222
0.1877679 0.004874593 0.008760998 -0.01062447 -0.07177641
0.001191116 0.05879184 0.003283443 -0.00843453 0.001203925
-0.01066877 0.008486538 -0.004242114 -0.003362162 0.003666036
0.008810771 -0.003068174 0.0004948632 0.005356139 0.005154105
-0.008357704 0.0002637862 -0.003141906
1.998024 1.982556 1.9975 1.958019 1.997171
1.988811 1.997454 1.988042 1.989319 0.06222571
1.981946 1.982957 1.992775 1.991399 1.995308
0.05848044 1.992327 0.9201948 1.988922 1.985821
1.977309 1.986509 1.996951 1.99861 1.999454
1.992847 1.98713 0.3140357 1.053298 1.990864
1.988418 1.993131 0.513542 1.988892 1.991554
1.908935 1.048945
1.998024 1.982556 1.9975 1.988321 1.997171
1.988811 0.4072928 1.988042 1.989319 1.995003
1.981946 1.982957 1.992775 1.991399 0.2006888
1.989628 1.992327 1.995615 0.4241752 1.985821
0.7358775 1.986509 1.996951 1.99861 1.999454
1.992847 1.98713 1.992573 1.991697 1.990864
1.988418 1.993131 1.99001 1.988892 1.991554
1.908935 1.977275
0.2415909
0.1163829 0.009495138 0.005099681 -0.007446053 0.0009163346
0.00173909 -0.01745946 -0.0005738568 0.7567069 -0.01067962
-0.01066706 -0.007261854 0.005222356 0.004782229 0.02378766
0.01370424 0.007510107 0.005878165 0.002216041 -0.1087086
-0.01913899 -0.01342997 -0.009532368 -0.02646916 -0.0406585
-0.009974128 0.003136025 -0.0123911 -0.01354296 0.008219435
-0.0001699006 0.005362457 0.01780768 -0.005354128 0.06265016
0.002573709 -0.1489217 -0.01706961
-0.01220145 -0.006043441 0.0002441876 0.004582987 0.01224315
0.004141824 -0.001859734 0.03973885 0.03208586 0.0008613229
-0.003049842 0.001506097 -0.001259165 -0.00313496 0.01594272
0.1877695 0.00487401 0.008760812 -0.01062479 -0.0717768
0.001190664 0.05879065 0.003283277 -0.008434333 0.001203811
-0.01066873 0.008486435 -0.004242235 -0.003362707 0.003665873
0.008810567 -0.003068301 0.0004952941 0.005356566 0.005154217
-0.008357686 0.0002637683 -0.003142071
1.998024 1.982556 1.9975 1.988321 1.997171
1.988811 1.997454 0.1607807 1.989319 1.995003
1.981946 1.982957 1.992775 1.991399 1.995308
1.989628 1.992327 1.995615 1.174372 1.985821
1.977309 1.986509 1.996951 1.789748 1.999454
1.992847 1.98713 1.992573 1.991697 1.990864
1.988418 1.993131 1.99001 0.7237281 1.991554
0.7697511 1.977275
1.998024 1.982556 1.9975 1.988321 1.997171
1.988811 0.4073114 1.988042 1.989319 1.995003
1.981946 1.982957 1.992775 1.991399 0.2006871
1.989628 1.992327 1.995615 0.4241451 1.985821
0.7357078 1.986509 1.996951 1.99861 1.999454
1.992847 1.98713 1.992573 1.991697 1.990864
1.988418 1.993131 1.99001 1.988892 1.991554
1.908935 1.977275
0.2415893
0.1163837 0.009494372 0.005099848 -0.00744593 0.0009164246
0.001739149 -0.01745876 -0.0005743751 0.7567097 -0.01068011
-0.01066796 -0.0072613 0.005223304 0.004781066 0.02378769
0.01370318 0.007510403 0.005878478 0.002216653 -0.1087089
-0.01913817 -0.01343048 -0.009532914 -0.02646866 -0.04065855
-0.009974151 0.003135368 -0.01239171 -0.01354262 0.008219013
-0.0001708836 0.005362586 0.01780903 -0.005353844 0.06264663
0.002573562 -0.1489232 -0.01706979
-0.01220418 -0.006043772 0.0002443638 0.004582562 0.01224292
0.004141846 -0.001859864 0.0397409 0.03208583 0.0008612464
-0.00304991 0.001506556 -0.001258647 -0.003134343 0.01594242
0.1877675 0.004874295 0.008760818 -0.01062428 -0.07177561
0.001191143 0.05879202 0.003283507 -0.008434527 0.00120369
-0.01066868 0.00848673 -0.004242065 -0.003362357 0.00366569
0.008810716 -0.00306815 0.0004950544 0.005356267 0.00515431
-0.0083577 0.0002639215 -0.00314202
1.998024 1.982556 1.9975 1.988321 1.997171
1.988811 1.997454 0.1607846 1.989319 1.995003
1.981946 1.982957 1.992775 1.991399 1.995308
1.989628 1.992327 1.995615 1.174379 1.985821
1.977309 1.986509 1.996951 1.789939 1.999454
1.992847 1.98713 1.992573 1.991697 1.990864
1.988418 1.993131 1.99001 0.723835 1.991554
0.7697298 1.977275
1.998024 1.982556 1.9975 1.988321 1.997171
1.988811 0.4073307 1.988042 1.989319 1.995003
1.981946 1.982957 1.992775 1.991399 0.2006938
1.989628 1.992327 1.995615 0.4241619 1.985821
0.7359027 1.986509 1.996951 1.99861 1.999454
1.992847 1.98713 1.992573 1.991697 1.990864
1.988418 1.993131 1.99001 1.988892 1.991554
1.908935 1.977275
0.2415877
0.1163807 0.009495244 0.005100376 -0.0074461 0.000916255
0.001739387 -0.01745912 -0.0005736079 0.7567083 -0.01067963
-0.01066739 -0.00726194 0.005221999 0.004782206 0.02378748
0.01370411 0.007510372 0.005877866 0.002215672 -0.108708
-0.01913924 -0.01342868 -0.009531964 -0.02646909 -0.04065921
-0.009974438 0.003135894 -0.01239057 -0.01354281 0.008219092
-0.0001691706 0.005362119 0.0178078 -0.005354291 0.06265016
0.002573688 -0.1489208 -0.01706872
-0.01220401 -0.006043892 0.000244324 0.004582554 0.01224306
0.004141874 -0.001859952 0.0397413 0.03208565 0.0008612692
-0.003049959 0.001506477 -0.001258666 -0.003134407 0.01594233
0.1877676 0.004874418 0.008760889 -0.01062434 -0.07177588
0.001191149 0.05879201 0.003283494 -0.008434535 0.001203773
-0.01066871 0.008486661 -0.004242078 -0.003362267 0.003665819
0.00881074 -0.00306816 0.0004949666 0.005356208 0.005154228
-0.008357692 0.0002638709 -0.003141978
1.998024 1.982556 1.9975 1.988321 1.997171
1.988811 1.997454 0.1607759 1.989319 1.995003
1.981946 1.982957 1.992775 1.991399 1.995308
1.989628 1.992327 1.995615 1.174278 1.985821
1.977309 1.986509 1.996951 1.789234 1.999454
1.992847 1.98713 1.992573 1.991697 1.990864
1.988418 1.993131 1.99001 0.7237398 1.991554
0.7697012 1.977275
1.998024 1.982556 1.9975 1.988321 1.997171
1.988811 0.4073162 1.988042 1.989319 1.995003
1.981946 1.982957 1.992775 1.991399 0.2006924
1.989628 1.992327 1.995615 0.4241673 1.985821
0.7359007 1.986509 1.996951 1.99861 1.999454
1.992847 1.98713 1.992573 1.991697 1.990864
1.988418 1.993131 1.99001 1.988892 1.991554
1.908935 1.977275
0.004828361
0.1163814 0.009494141 0.005100327 -0.007446119 0.000916635
0.001739063 -0.01745889 -0.000573796 0.7567159 -0.01067973
-0.01066817 -0.007262305 0.005223471 0.004779713 0.02378779
0.01370241 0.007510998 0.0058781 0.002215624 -0.1087096
-0.01913833 -0.01342909 -0.009533543 -0.02646868 -0.04065902
-0.009974302 0.003135797 -0.01239183 -0.01354149 0.008218584
-0.0001703229 0.005362141 0.01780938 -0.005353688 0.06264673
0.002573504 -0.1489223 -0.01706919
0.04243765 -0.01348563 0.001701038 0.002669068 0.007388738
0.003160365 -0.01172805 0.02148287 0.02128415 -0.004204971
-0.01322838 0.005581897 -0.006348302 -0.00332614 0.01328341
0.2069328 -0.002362284 0.009670204 -0.026697 -0.08704231
-0.004361554 0.05868945 0.003524259 -0.01429667 0.006834539
-0.009220497 0.009248041 -0.01032358 0.0003879086 -0.0005050315
0.02037631 -0.0149581 0.001514464 0.01378576 0.007865434
-0.008715073 0.008347941 -0.01770007
1.998024 1.982556 1.9975 1.988321 1.997171
1.988811 1.997454 0.160786 1.989319 1.995003
1.981946 1.982957 1.992775 1.991399 1.995308
1.989628 1.992327 1.995615 1.174569 1.985821
1.977309 1.986509 1.996951 1.789409 1.999454
1.992847 1.98713 1.992573 1.991697 1.990864
1.988418 1.993131 1.99001 0.7238545 1.991554
0.7696555 1.977275
1.779012 1.611584 1.9975 1.900141 1.733024
1.988811 0.9880119 1.760276 1.989319 1.645045
1.760711 1.982957 1.292907 1.796381 1.995308
1.868878 0.3674349 1.817557 1.894428 0.6054873
1.977309 1.986509 0.4550399 1.566703 1.999454
0.003441415 1.98713 1.835567 1.969626 1.990864
1.859932 1.879717 1.99001 1.755203 0.5905474
1.908935 1.782696
0.2415864
0.1163797 0.009493996 0.005100065 -0.007445314 0.0009167808
0.001739931 -0.01745965 -0.0005753433 0.756716 -0.01068044
-0.01066847 -0.00726139 0.005224724 0.0047799 0.02378699
0.01370222 0.007510674 0.00587851 0.002217783 -0.1087073
-0.01913805 -0.01342899 -0.009534006 -0.02646897 -0.04065879
-0.009973692 0.003134266 -0.01239138 -0.01354219 0.008219868
-0.0001703407 0.005362189 0.01780982 -0.005353524 0.06264649
0.002572695 -0.1489221 -0.01706886
-0.01220458 -0.006043971 0.0002443581 0.004582472 0.01224302
0.004141879 -0.001859989 0.03974175 0.03208562 0.0008612613
-0.00304997 0.001506567 -0.001258559 -0.003134288 0.01594227
0.1877672 0.004874494 0.008760896 -0.01062424 -0.07177566
0.001191247 0.05879227 0.003283534 -0.008434577 0.001203759
-0.01066871 0.008486719 -0.004242039 -0.00336219 0.003665803
0.008810772 -0.003068117 0.0004949109 0.005356143 0.005154244
-0.008357704 0.0002639016 -0.00314196
1.998024 1.982556 1.9975 1.988321 1.997171
1.988811 1.997454 0.1607921 1.989319 1.995003
1.981946 1.982957 1.992775 1.991399 1.995308
1.989628 1.992327 1.995615 1.174144 1.985821
1.977309 1.986509 1.996951 1.789977 1.999454
1.992847 1.98713 1.992573 1.991697 1.990864
1.988418 1.993131 1.99001 0.7238663 1.991554
0.7695044 1.977275
1.998024 1.982556 1.9975 1.988321 1.997171
1.988811 0.4073195 1.988042 1.989319 1.995003
1.981946 1.982957 1.992775 1.991399 0.2006936
1.989628 1.992327 1.995615 0.4241722 1.985821
0.7359394 1.986509 1.996951 1.99861 1.999454
1.992847 1.98713 1.992573 1.991697 1.990864
1.988418 1.993131 1.99001 1.988892 1.991554
1.908935 1.977275
0.2415894
0.1163816 0.009495107 0.005099892 -0.007445967 0.0009164784
0.001739181 -0.01745987 -0.0005737833 0.7567097 -0.01067951
-0.01066716 -0.007262279 0.005222523 0.004781731 0.02378748
0.01370395 0.007510252 0.005877932 0.002215852 -0.1087085
-0.01913909 -0.01342919 -0.009532819 -0.02646932 -0.04065865
-0.009974035 0.003135909 -0.01239101 -0.01354244 0.008219571
-0.0001695035 0.00536218 0.01780794 -0.005354137 0.06265048
0.002573681 -0.1489211 -0.0170693
-0.01220363 -0.00604378 0.000244301 0.00458251 0.01224301
0.004141902 -0.001859863 0.03974087 0.03208591 0.000861211
-0.003049965 0.001506444 -0.001258708 -0.003134405 0.01594233
0.1877677 0.004874274 0.008760836 -0.01062439 -0.07177574
0.001191137 0.05879207 0.003283555 -0.008434503 0.001203724
-0.01066864 0.008486683 -0.00424217 -0.003362294 0.003665588
0.008810763 -0.003068304 0.0004950612 0.005356213 0.005154267
-0.00835766 0.0002638724 -0.003142012
1.998024 1.982556 1.9975 1.988321 1.997171
1.988811 1.997454 0.1607802 1.989319 1.995003
1.981946 1.982957 1.992775 1.991399 1.995308
1.989628 1.992327 1.995615 1.174379 1.985821
1.977309 1.986509 1.996951 1.789607 1.999454
1.992847 1.98713 1.992573 1.991697 1.990864
1.988418 1.993131 1.99001 0.7237264 1.991554
0.7696723 1.977275
1.998024 1.982556 1.9975 1.988321 1.997171
1.988811 0.4073181 1.988042 1.989319 1.995003
1.981946 1.982957 1.992775 1.991399 0.2006904
1.989628 1.992327 1.995615 0.424152 1.985821
0.7359012 1.986509 1.996951 1.99861 1.999454
1.992847 1.98713 1.992573 1.991697 1.990864
1.988418 1.993131 1.99001 1.988892 1.991554
1.908935 1.977275
