0.244197
0.1163819 0.009496296 0.005100442 -0.007445692 0.000915895
0.001739817 -0.01745961 -0.0005739616 0.7566987 -0.01067998
-0.01066702 -0.007260929 0.005220688 0.004785037 0.02378672
0.01370585 0.007509314 0.005877598 0.002216589 -0.1087055
-0.01913971 -0.01342897 -0.009530712 -0.02646948 -0.04065909
-0.00997427 0.003134917 -0.01238934 -0.01354414 0.008220022
-0.0001685123 0.005362136 0.01780715 -0.005355217 0.06265201
0.002574295 -0.1489204 -0.0170688
-0.01220471 -0.006043882 0.0002443806 0.004582611 0.01224296
0.004141835 -0.001859956 0.03974124 0.03208558 0.0008613338
-0.003049845 0.001506592 -0.001258581 -0.003134354 0.01594241
0.187767 0.004874478 0.008760866 -0.0106242 -0.07177571
0.001191184 0.05879199 0.003283425 -0.008434569 0.001203775
-0.01066874 0.008486765 -0.004241975 -0.003362319 0.003665897
0.008810732 -0.003067954 0.0004949934 0.005356231 0.00515432
-0.008357821 0.0002639559 -0.003141944
1.998024 1.982556 1.9975 1.988321 1.997171
1.988811 1.997454 0.1607593 1.989319 1.995003
1.981946 1.982957 1.992775 1.991399 1.995308
1.989628 1.992327 1.995615 1.173807 1.985821
1.977309 1.986509 1.996951 1.789545 1.999454
1.992847 1.98713 1.992573 1.991697 1.990864
1.988418 1.993131 1.99001 0.7236473 1.991554
0.7696923 1.977275
1.998024 1.982556 1.9975 1.988321 1.997171
1.988811 0.4073328 1.988042 1.989319 1.995003
1.981946 1.982957 1.992775 1.991399 0.2006934
1.989628 1.992327 1.995615 0.4241807 1.985821
0.7359038 1.986509 1.996951 1.99861 1.999454
1.992847 1.98713 1.992573 1.991697 1.990864
1.988418 1.993131 1.99001 1.988892 1.991554
1.908935 1.977275
0.04103505
0.1215791 0.02365083 0.01489433 -0.02579169 0.02855387
-0.002485286 -0.00749675 -0.0214126 0.7896296 0.0129934
-0.004768422 0.01095305 -0.02039732 -0.01590959 0.03188835
0.0109225 -0.01636368 0.01369199 -0.001999334 -0.06421042
-0.02885934 0.001160472 0.01486245 -0.03771216 -0.0364041
-0.0256904 0.001664117 -0.02464514 -0.04868786 0.0002523569
0.01171959 0.01329148 0.001999265 -0.03121197 0.03673235
0.002916213 -0.1446139 0.00418591
-0.01220423 -0.006043974 0.0002443219 0.004582572 0.01224311
0.004141876 -0.001860018 0.03974157 0.03208548 0.0008613157
-0.00304994 0.001506475 -0.001258637 -0.003134427 0.0159423
0.1877674 0.004874537 0.008760929 -0.01062432 -0.07177599
0.001191172 0.05879199 0.003283454 -0.008434558 0.001203834
-0.01066875 0.008486662 -0.004242039 -0.003362225 0.003665946
0.008810755 -0.00306807 0.0004949158 0.005356174 0.005154214
-0.008357749 0.0002638753 -0.00314193
1.998024 1.982556 1.9975 1.988321 1.997171
1.988811 1.997454 1.988042 1.989319 0.07935216
1.981946 1.982957 1.992775 1.991399 0.9103951
0.05934257 1.992327 0.84613 1.988922 1.985821
1.977309 1.986509 1.996951 0.5391044 1.999454
1.992847 1.98713 1.992573 1.991697 1.990864
1.988418 1.993131 0.6257317 1.988892 1.991554
1.908935 0.5822981
1.998024 1.982556 1.9975 1.988321 1.997171
1.988811 0.4073136 1.988042 1.989319 1.995003
1.981946 1.982957 1.992775 1.991399 0.2006917
1.989628 1.992327 1.995615 0.4241775 1.985821
0.7359016 1.986509 1.996951 1.99861 1.999454
1.992847 1.98713 1.992573 1.991697 1.990864
1.988418 1.993131 1.99001 1.988892 1.991554
1.908935 1.977275
0.244272
0.1163823 0.009494939 0.005099562 -0.007446155 0.0009164624
0.001738964 -0.01745956 -0.0005737322 0.7567096 -0.01067943
-0.01066698 -0.007262285 0.005222699 0.004781521 0.02378786
0.01370387 0.007510359 0.005878215 0.002215747 -0.1087093
-0.01913899 -0.0134298 -0.009532767 -0.02646919 -0.04065846
-0.009974106 0.003136403 -0.01239139 -0.01354261 0.008219339
-0.0001699367 0.005362433 0.01780764 -0.005353863 0.06265033
0.002573498 -0.1489215 -0.01706958
-0.01220414 -0.006043871 0.0002443135 0.004582543 0.01224302
0.004141901 -0.001859939 0.03974112 0.03208571 0.0008612901
-0.00304989 0.001506478 -0.00125864 -0.003134409 0.01594231
0.1877671 0.004874438 0.008760873 -0.01062431 -0.07177579
0.001191188 0.05879208 0.003283486 -0.008434543 0.001203804
-0.01066869 0.008486738 -0.004242099 -0.003362254 0.003665737
0.008810794 -0.003068128 0.0004950234 0.005356166 0.005154296
-0.008357791 0.0002639158 -0.003141934
1.998024 1.982556 1.9975 1.988321 1.997171
1.988811 1.997454 0.1607861 1.989319 1.995003
1.981946 1.982957 1.992775 1.991399 1.995308
1.989628 1.992327 1.995615 1.174511 1.985821
1.977309 1.986509 1.996951 1.789673 1.999454
1.992847 1.98713 1.992573 1.991697 1.990864
1.988418 1.993131 1.99001 0.7237347 1.991554
0.7697475 1.977275
1.998024 1.982556 1.9975 1.988321 1.997171
1.988811 0.4073214 1.988042 1.989319 1.995003
1.981946 1.982957 1.992775 1.991399 0.2006891
1.989628 1.992327 1.995615 0.4241685 1.985821
0.7359057 1.986509 1.996951 1.99861 1.999454
1.992847 1.98713 1.992573 1.991697 1.990864
1.988418 1.993131 1.99001 1.988892 1.991554
1.908935 1.977275
0.2442633
0.1163852 0.009494155 0.005100148 -0.007446083 0.00091622
0.001739065 -0.01745767 -0.0005743319 0.7567078 -0.01068042
-0.01066848 -0.007260639 0.005223063 0.004781182 0.02378786
0.01370303 0.007510467 0.005878605 0.002216666 -0.108709
-0.01913777 -0.0134311 -0.009532374 -0.02646814 -0.04065878
-0.009974508 0.003135189 -0.01239188 -0.01354283 0.008218285
-0.0001714935 0.005362768 0.01780955 -0.005353939 0.06264431
0.002573836 -0.1489245 -0.01706995
-0.01220327 -0.006043733 0.0002443068 0.004582709 0.01224306
0.004141827 -0.001859872 0.03974054 0.0320857 0.0008612773
-0.003049938 0.001506394 -0.001258823 -0.003134556 0.0159425
0.1877684 0.004874257 0.008760855 -0.01062447 -0.07177614
0.001190974 0.05879153 0.003283422 -0.00843447 0.001203744
-0.01066873 0.008486571 -0.004242093 -0.003362445 0.003665874
0.008810641 -0.003068189 0.0004950565 0.005356367 0.005154213
-0.008357646 0.000263834 -0.003142041
1.998024 1.982556 1.9975 1.988321 1.997171
1.988811 1.997454 0.1607806 1.989319 1.995003
1.981946 1.982957 1.992775 1.991399 1.995308
1.989628 1.992327 1.995615 1.174367 1.985821
1.977309 1.986509 1.996951 1.789895 1.999454
1.992847 1.98713 1.992573 1.991697 1.990864
1.988418 1.993131 1.99001 0.7238944 1.991554
0.7698037 1.977275
1.998024 1.982556 1.9975 1.988321 1.997171
1.988811 0.4073174 1.988042 1.989319 1.995003
1.981946 1.982957 1.992775 1.991399 0.2006934
1.989628 1.992327 1.995615 0.4241605 1.985821
0.7358374 1.986509 1.996951 1.99861 1.999454
1.992847 1.98713 1.992573 1.991697 1.990864
1.988418 1.993131 1.99001 1.988892 1.991554
1.908935 1.977275
0.244259
0.1163833 0.009494812 0.005099798 -0.007445927 0.0009164964
0.001739034 -0.01745961 -0.0005739812 0.7567095 -0.01067973
-0.01066746 -0.007261948 0.005222809 0.004781443 0.02378754
0.01370367 0.007510207 0.005878087 0.002216135 -0.1087089
-0.01913864 -0.01342999 -0.009533078 -0.02646908 -0.04065844
-0.009973983 0.003135634 -0.01239143 -0.01354234 0.008219422
-0.0001702183 0.005362349 0.01780856 -0.0053541 0.06264876
0.002573853 -0.1489222 -0.01706981
-0.01220394 -0.006043884 0.0002443147 0.004582563 0.01224307
0.00414188 -0.00185995 0.03974123 0.03208565 0.0008612752
-0.003049948 0.001506459 -0.001258677 -0.003134428 0.01594233
0.1877676 0.004874418 0.008760889 -0.01062435 -0.07177591
0.001191142 0.05879198 0.003283487 -0.008434531 0.001203785
-0.01066871 0.008486662 -0.004242088 -0.00336227 0.003665814
0.008810746 -0.003068162 0.0004949794 0.005356206 0.005154233
-0.008357708 0.0002638713 -0.00314197
1.998024 1.982556 1.9975 1.988321 1.997171
1.988811 1.997454 0.1607804 1.989319 1.995003
1.981946 1.982957 1.992775 1.991399 1.995308
1.989628 1.992327 1.995615 1.174411 1.985821
1.977309 1.986509 1.996951 1.789872 1.999454
1.992847 1.98713 1.992573 1.991697 1.990864
1.988418 1.993131 1.99001 0.7237672 1.991554
0.7696926 1.977275
1.998024 1.982556 1.9975 1.988321 1.997171
1.988811 0.4073158 1.988042 1.989319 1.995003
1.981946 1.982957 1.992775 1.991399 0.2006915
1.989628 1.992327 1.995615 0.4241671 1.985821
0.735896 1.986509 1.996951 1.99861 1.999454
1.992847 1.98713 1.992573 1.991697 1.990864
1.988418 1.993131 1.99001 1.988892 1.991554
1.908935 1.977275
0.2442937
0.1163822 0.009495274 0.005098549 -0.007445766 0.0009161538
0.001739658 -0.01745939 -0.0005751845 0.7567016 -0.01068006
-0.01066632 -0.007260651 0.005223136 0.004783558 0.02378773
0.01370498 0.007509707 0.005879264 0.002218001 -0.1087074
-0.01913907 -0.01343118 -0.009531478 -0.02646935 -0.04065794
-0.009973856 0.003135965 -0.01239079 -0.01354515 0.008220396
-0.0001702659 0.005363207 0.01780608 -0.005353551 0.06265196
0.002572366 -0.1489215 -0.01706955
-0.01220451 -0.00604393 0.0002443609 0.004582571 0.01224302
0.004141851 -0.001859981 0.03974148 0.03208555 0.0008613066
-0.003049915 0.001506552 -0.001258599 -0.00313436 0.01594235
0.1877672 0.004874491 0.008760893 -0.01062425 -0.0717758
0.001191185 0.05879204 0.00328346 -0.008434565 0.00120378
-0.01066874 0.008486709 -0.004242005 -0.003362268 0.003665903
0.008810735 -0.003068033 0.0004949426 0.005356205 0.005154259
-0.008357751 0.000263911 -0.003141954
1.998024 1.982556 1.9975 1.988321 1.997171
1.988811 1.997454 0.1607975 1.989319 1.995003
1.981946 1.982957 1.992775 1.991399 1.995308
1.989628 1.992327 1.995615 1.174096 1.985821
1.977309 1.986509 1.996951 1.790323 1.999454
1.992847 1.98713 1.992573 1.991697 1.990864
1.988418 1.993131 1.99001 0.7236859 1.991554
0.7698443 1.977275
1.998024 1.982556 1.9975 1.988321 1.997171
1.988811 0.4073233 1.988042 1.989319 1.995003
1.981946 1.982957 1.992775 1.991399 0.2006936
1.989628 1.992327 1.995615 0.4241773 1.985821
0.7359099 1.986509 1.996951 1.99861 1.999454
1.992847 1.98713 1.992573 1.991697 1.990864
1.988418 1.993131 1.99001 1.988892 1.991554
1.908935 1.977275
0.2442098
0.116382 0.009495814 0.005100409 -0.007445727 0.0009164674
0.001739218 -0.01746087 -0.0005733738 0.7567074 -0.01067938
-0.0106671 -0.007262589 0.005221422 0.004782763 0.0237868
0.01370472 0.007509721 0.005877077 0.002215461 -0.1087074
-0.01913952 -0.0134284 -0.009532854 -0.02646975 -0.04065875
-0.009973844 0.003135275 -0.01239028 -0.01354197 0.008220093
-0.0001685815 0.00536167 0.01780825 -0.00535503 0.06265176
0.002574693 -0.1489203 -0.01706934
-0.01220434 -0.006043831 0.0002443661 0.004582569 0.01224296
0.004141845 -0.001859908 0.03974112 0.03208572 0.0008612722
-0.003049907 0.001506561 -0.001258626 -0.003134347 0.0159424
0.1877674 0.004874371 0.008760845 -0.01062427 -0.07177567
0.001191159 0.05879202 0.003283485 -0.008434543 0.001203723
-0.01066871 0.008486726 -0.004242036 -0.003362327 0.003665777
0.008810721 -0.003068095 0.0004950127 0.005356246 0.005154294
-0.008357724 0.000263921 -0.003141995
1.998024 1.982556 1.9975 1.988321 1.997171
1.988811 1.997454 0.1607619 1.989319 1.995003
1.981946 1.982957 1.992775 1.991399 1.995308
1.989628 1.992327 1.995615 1.17421 1.985821
1.977309 1.986509 1.996951 1.789562 1.999454
1.992847 1.98713 1.992573 1.991697 1.990864
1.988418 1.993131 1.99001 0.723661 1.991554
0.7695641 1.977275
1.998024 1.982556 1.9975 1.988321 1.997171
1.988811 0.4073287 1.988042 1.989319 1.995003
1.981946 1.982957 1.992775 1.991399 0.2006939
1.989628 1.992327 1.995615 0.4241684 1.985821
0.7359052 1.986509 1.996951 1.99861 1.999454
1.992847 1.98713 1.992573 1.991697 1.990864
1.988418 1.993131 1.99001 1.988892 1.991554
1.908935 1.977275
0.2442559
0.1163831 0.009494858 0.00509983 -0.007445903 0.0009165445
0.001739019 -0.01745984 -0.0005739083 0.7567101 -0.01067966
-0.01066742 -0.007262135 0.005222781 0.004781371 0.02378748
0.01370367 0.007510199 0.005877973 0.00221602 -0.1087089
-0.01913871 -0.01342979 -0.009533237 -0.02646918 -0.04065843
-0.009973925 0.003135631 -0.0123914 -0.01354215 0.008219514
-0.0001700713 0.005362257 0.0178086 -0.005354148 0.06264906
0.00257392 -0.148922 -0.0170698
-0.01220361 -0.006043952 0.0002442811 0.004582666 0.0122432
0.004141867 -0.001860025 0.03974133 0.0320854 0.0008613354
-0.00304996 0.001506363 -0.001258753 -0.00313457 0.01594235
0.187768 0.004874515 0.008760955 -0.01062444 -0.07177634
0.001191063 0.05879168 0.0032834 -0.00843452 0.001203874
-0.01066878 0.008486557 -0.004242062 -0.003362278 0.003666062
0.00881071 -0.003068102 0.0004949172 0.005356234 0.005154149
-0.008357715 0.0002638165 -0.003141942
1.998024 1.982556 1.9975 1.988321 1.997171
1.988811 1.997454 0.1607794 1.989319 1.995003
1.981946 1.982957 1.992775 1.991399 1.995308
1.989628 1.992327 1.995615 1.174421 1.985821
1.977309 1.986509 1.996951 1.789851 1.999454
1.992847 1.98713 1.992573 1.991697 1.990864
1.988418 1.993131 1.99001 0.7237582 1.991554
0.7696694 1.977275
1.998024 1.982556 1.9975 1.988321 1.997171
1.988811 0.4073043 1.988042 1.989319 1.995003
1.981946 1.982957 1.992775 1.991399 0.2006912
1.989628 1.992327 1.995615 0.4241764 1.985821
0.7358591 1.986509 1.996951 1.99861 1.999454
1.992847 1.98713 1.992573 1.991697 1.990864
1.988418 1.993131 1.99001 1.988892 1.991554
1.908935 1.977275
0.2442632
0.1163841 0.009494781 0.005099563 -0.007445877 0.0009165646
0.001738903 -0.01745989 -0.000574048 0.7567094 -0.0106797
-0.01066735 -0.007262012 0.005222947 0.004781379 0.02378755
0.01370369 0.007510088 0.005878121 0.00221623 -0.1087091
-0.01913855 -0.01343039 -0.00953338 -0.02646916 -0.04065815
-0.009973813 0.003135624 -0.01239164 -0.01354224 0.008219615
-0.0001704497 0.005362417 0.01780863 -0.005354084 0.06264879
0.002573941 -0.1489225 -0.01707019
-0.01220391 -0.006043892 0.0002443204 0.004582575 0.01224308
0.004141867 -0.001859957 0.03974129 0.03208562 0.0008612731
-0.003049968 0.001506461 -0.001258686 -0.00313443 0.01594235
0.1877677 0.004874417 0.008760896 -0.01062436 -0.07177595
0.001191126 0.05879194 0.003283482 -0.008434529 0.001203777
-0.01066872 0.008486635 -0.004242074 -0.00336228 0.003665857
0.008810724 -0.00306816 0.0004949584 0.005356225 0.00515421
-0.008357678 0.0002638572 -0.003141984
1.998024 1.982556 1.9975 1.988321 1.997171
1.988811 1.997454 0.1607812 1.989319 1.995003
1.981946 1.982957 1.992775 1.991399 1.995308
1.989628 1.992327 1.995615 1.174451 1.985821
1.977309 1.986509 1.996951 1.790081 1.999454
1.992847 1.98713 1.992573 1.991697 1.990864
1.988418 1.993131 1.99001 0.7237604 1.991554
0.7696932 1.977275
1.998024 1.982556 1.9975 1.988321 1.997171
1.988811 0.4073144 1.988042 1.989319 1.995003
1.981946 1.982957 1.992775 1.991399 0.2006928
1.989628 1.992327 1.995615 0.4241677 1.985821
0.7358925 1.986509 1.996951 1.99861 1.999454
1.992847 1.98713 1.992573 1.991697 1.990864
1.988418 1.993131 1.99001 1.988892 1.991554
1.908935 1.977275
0.2442021
0.1163786 0.009494088 0.005102626 -0.007445611 0.0009161722
0.001740418 -0.01745704 -0.000574453 0.7567142 -0.01068107
-0.01067042 -0.007260334 0.005222833 0.004780521 0.02378657
0.01370194 0.007511146 0.00587761 0.002216735 -0.1087057
-0.01913792 -0.01342699 -0.009532049 -0.02646788 -0.04066093
-0.009975059 0.003133165 -0.01239024 -0.0135419 0.008217749
-0.0001695749 0.005361515 0.01781157 -0.0053546 0.06264181
0.002573861 -0.1489225 -0.01706725
-0.01220488 -0.0060439 0.0002444943 0.004582693 0.01224294
0.004141679 -0.001859967 0.03974176 0.03208536 0.0008612829
-0.003050013 0.001506732 -0.001258599 -0.003134253 0.0159426
0.1877683 0.004874382 0.008760874 -0.01062419 -0.07177577
0.00119106 0.05879172 0.003283417 -0.008434565 0.001203598
-0.01066885 0.008486576 -0.004241798 -0.003362457 0.003666215
0.008810492 -0.003067915 0.0004948248 0.005356445 0.005154159
-0.008357519 0.0002638698 -0.00314212
1.998024 1.982556 1.9975 1.988321 1.997171
1.988811 1.997454 0.1607618 1.989319 1.995003
1.981946 1.982957 1.992775 1.991399 1.995308
1.989628 1.992327 1.995615 1.173826 1.985821
1.977309 1.986509 1.996951 1.788698 1.999454
1.992847 1.98713 1.992573 1.991697 1.990864
1.988418 1.993131 1.99001 0.7239951 1.991554
0.7694843 1.977275
1.998024 1.982556 1.9975 1.988321 1.997171
1.988811 0.4073329 1.988042 1.989319 1.995003
1.981946 1.982957 1.992775 1.991399 0.2007084
1.989628 1.992327 1.995615 0.4241837 1.985821
0.7358917 1.986509 1.996951 1.99861 1.999454
1.992847 1.98713 1.992573 1.991697 1.990864
1.988418 1.993131 1.99001 1.988892 1.991554
1.908935 1.977275
0.2442618
0.1163845 0.009494829 0.005099665 -0.007446014 0.000916288
0.001739026 -0.01745894 -0.0005741299 0.7567061 -0.01067995
-0.01066747 -0.0072613 0.005222609 0.004782075 0.02378771
0.01370397 0.007510073 0.005878383 0.00221645 -0.1087088
-0.0191385 -0.01343078 -0.009532397 -0.02646884 -0.04065839
-0.009974162 0.003135661 -0.01239145 -0.01354305 0.008219186
-0.0001706501 0.005362666 0.01780831 -0.005354095 0.06264812
0.002573829 -0.1489229 -0.01707001
-0.01220604 -0.006044094 0.0002444891 0.004582562 0.01224293
0.004141771 -0.001860087 0.03974238 0.03208524 0.0008613711
-0.003049877 0.001506807 -0.00125838 -0.003134149 0.01594238
0.1877664 0.004874697 0.008760919 -0.01062398 -0.0717755
0.001191311 0.05879225 0.003283415 -0.008434663 0.001203752
-0.01066883 0.008486802 -0.004241776 -0.003362231 0.003666165
0.008810696 -0.00306772 0.0004947944 0.005356191 0.005154285
-0.008357812 0.0002639929 -0.003141927
1.998024 1.982556 1.9975 1.988321 1.997171
1.988811 1.997454 0.1607805 1.989319 1.995003
1.981946 1.982957 1.992775 1.991399 1.995308
1.989628 1.992327 1.995615 1.174359 1.985821
1.977309 1.986509 1.996951 1.78998 1.999454
1.992847 1.98713 1.992573 1.991697 1.990864
1.988418 1.993131 1.99001 0.723779 1.991554
0.7697828 1.977275
1.998024 1.982556 1.9975 1.988321 1.997171
1.988811 0.407339 1.988042 1.989319 1.995003
1.981946 1.982957 1.992775 1.991399 0.2007008
1.989628 1.992327 1.995615 0.4242041 1.985821
0.7359568 1.986509 1.996951 1.99861 1.999454
1.992847 1.98713 1.992573 1.991697 1.990864
1.988418 1.993131 1.99001 1.988892 1.991554
1.908935 1.977275
0.2442621
0.1163833 0.009494984 0.005099609 -0.007446048 0.0009165276
0.001738852 -0.01745992 -0.0005736874 0.7567095 -0.01067944
-0.01066706 -0.00726237 0.005222598 0.00478153 0.02378768
0.0137039 0.007510181 0.005878003 0.002215717 -0.1087093
-0.01913889 -0.01342995 -0.009533119 -0.02646926 -0.0406583
-0.009973946 0.003136111 -0.01239146 -0.01354225 0.008219506
-0.0001700134 0.005362335 0.01780808 -0.005354088 0.06265002
0.0025739 -0.1489218 -0.01706992
-0.01220375 -0.006043868 0.0002443043 0.004582524 0.01224307
0.004141892 -0.001859929 0.03974122 0.03208573 0.0008612372
-0.003049989 0.001506442 -0.001258694 -0.003134415 0.01594231
0.1877678 0.004874369 0.008760881 -0.01062439 -0.07177587
0.001191142 0.05879204 0.003283529 -0.00843452 0.00120376
-0.01066869 0.008486644 -0.004242128 -0.003362257 0.003665736
0.00881075 -0.003068249 0.0004949835 0.0053562 0.005154217
-0.008357653 0.0002638515 -0.003141994
1.998024 1.982556 1.9975 1.988321 1.997171
1.988811 1.997454 0.1607813 1.989319 1.995003
1.981946 1.982957 1.992775 1.991399 1.995308
1.989628 1.992327 1.995615 1.174508 1.985821
1.977309 1.986509 1.996951 1.789827 1.999454
1.992847 1.98713 1.992573 1.991697 1.990864
1.988418 1.993131 1.99001 0.723731 1.991554
0.7697126 1.977275
1.998024 1.982556 1.9975 1.988321 1.997171
1.988811 0.4073127 1.988042 1.989319 1.995003
1.981946 1.982957 1.992775 1.991399 0.2006916
1.989628 1.992327 1.995615 0.42416 1.985821
0.7359017 1.986509 1.996951 1.99861 1.999454
1.992847 1.98713 1.992573 1.991697 1.990864
1.988418 1.993131 1.99001 1.988892 1.991554
1.908935 1.977275
0.2442784
0.1163863 0.009494955 0.005098682 -0.00744583 0.0009165602
0.001738649 -0.01746037 -0.0005743137 0.7567057 -0.01067964
-0.01066667 -0.007261838 0.005223026 0.004782073 0.02378772
0.01370431 0.007509626 0.005878466 0.002216699 -0.1087095
-0.01913853 -0.0134318 -0.009533411 -0.02646938 -0.04065734
-0.009973477 0.003135897 -0.01239193 -0.01354284 0.008220188
-0.0001709823 0.00536284 0.01780793 -0.005353988 0.06264996
0.00257391 -0.1489231 -0.01707108
-0.01220409 -0.006043898 0.00024433 0.004582558 0.01224305
0.004141869 -0.001859957 0.03974133 0.03208563 0.0008612755
-0.003049953 0.001506489 -0.001258656 -0.003134401 0.01594234
0.1877676 0.00487443 0.00876089 -0.01062433 -0.07177587
0.001191153 0.058792 0.003283488 -0.008434539 0.001203774
-0.01066872 0.008486666 -0.004242065 -0.003362269 0.003665836
0.008810737 -0.003068139 0.0004949618 0.005356209 0.005154232
-0.0083577 0.0002638764 -0.003141975
1.998024 1.982556 1.9975 1.988321 1.997171
1.988811 1.997454 0.1607859 1.989319 1.995003
1.981946 1.982957 1.992775 1.991399 1.995308
1.989628 1.992327 1.995615 1.174492 1.985821
1.977309 1.986509 1.996951 1.790639 1.999454
1.992847 1.98713 1.992573 1.991697 1.990864
1.988418 1.993131 1.99001 0.7237113 1.991554
0.7697708 1.977275
1.998024 1.982556 1.9975 1.988321 1.997171
1.988811 0.4073173 1.988042 1.989319 1.995003
1.981946 1.982957 1.992775 1.991399 0.2006926
1.989628 1.992327 1.995615 0.424169 1.985821
0.7359015 1.986509 1.996951 1.99861 1.999454
1.992847 1.98713 1.992573 1.991697 1.990864
1.988418 1.993131 1.99001 1.988892 1.991554
1.908935 1.977275
0.2442576
0.1163839 0.009494887 0.005099704 -0.007445958 0.0009165126
0.001738889 -0.01745979 -0.0005738484 0.756709 -0.01067963
-0.01066733 -0.007262087 0.005222669 0.004781528 0.02378757
0.0137038 0.007510116 0.005878015 0.002215969 -0.1087091
-0.01913867 -0.01343017 -0.009533167 -0.02646915 -0.04065829
-0.009973928 0.003135749 -0.01239151 -0.01354223 0.008219474
-0.0001702541 0.005362356 0.01780851 -0.00535417 0.06264904
0.002574032 -0.1489223 -0.01707005
-0.01220408 -0.006043898 0.0002443297 0.004582557 0.01224305
0.00414187 -0.001859957 0.03974133 0.03208563 0.0008612743
-0.003049954 0.001506488 -0.001258656 -0.0031344 0.01594234
0.1877676 0.004874429 0.00876089 -0.01062433 -0.07177587
0.001191154 0.05879201 0.003283489 -0.008434539 0.001203773
-0.01066872 0.008486666 -0.004242067 -0.003362267 0.003665834
0.008810738 -0.003068142 0.0004949615 0.005356208 0.005154231
-0.008357699 0.0002638758 -0.003141975
1.998024 1.982556 1.9975 1.988321 1.997171
1.988811 1.997454 0.1607791 1.989319 1.995003
1.981946 1.982957 1.992775 1.991399 1.995308
1.989628 1.992327 1.995615 1.174456 1.985821
1.977309 1.986509 1.996951 1.789934 1.999454
1.992847 1.98713 1.992573 1.991697 1.990864
1.988418 1.993131 1.99001 0.7237534 1.991554
0.7697022 1.977275
1.998024 1.982556 1.9975 1.988321 1.997171
1.988811 0.4073172 1.988042 1.989319 1.995003
1.981946 1.982957 1.992775 1.991399 0.2006926
1.989628 1.992327 1.995615 0.4241688 1.985821
0.735902 1.986509 1.996951 1.99861 1.999454
1.992847 1.98713 1.992573 1.991697 1.990864
1.988418 1.993131 1.99001 1.988892 1.991554
1.908935 1.977275
0.2442615
0.1163832 0.009494837 0.005099736 -0.007445975 0.0009165356
0.001738952 -0.01745976 -0.0005738547 0.75671 -0.0106796
-0.01066733 -0.007262178 0.005222792 0.004781335 0.0237876
0.01370367 0.007510238 0.005878043 0.002215934 -0.1087091
-0.01913872 -0.01342992 -0.009533189 -0.02646915 -0.04065839
-0.009973959 0.003135831 -0.01239149 -0.01354221 0.008219441
-0.0001701422 0.005362321 0.01780844 -0.005354068 0.06264918
0.002573858 -0.1489221 -0.01706985
-0.01220406 -0.006043899 0.0002443298 0.00458255 0.01224306
0.00414187 -0.001859956 0.03974135 0.03208564 0.0008612678
-0.003049964 0.001506488 -0.001258657 -0.003134395 0.01594233
0.1877676 0.004874423 0.00876089 -0.01062433 -0.07177586
0.001191154 0.05879202 0.003283496 -0.008434538 0.001203768
-0.01066872 0.008486661 -0.00424207 -0.003362265 0.003665827
0.008810736 -0.003068154 0.0004949577 0.005356208 0.005154226
-0.008357686 0.0002638713 -0.003141981
1.998024 1.982556 1.9975 1.988321 1.997171
1.988811 1.997454 0.1607812 1.989319 1.995003
1.981946 1.982957 1.992775 1.991399 1.995308
1.989628 1.992327 1.995615 1.174465 1.985821
1.977309 1.986509 1.996951 1.789843 1.999454
1.992847 1.98713 1.992573 1.991697 1.990864
1.988418 1.993131 1.99001 0.7237565 1.991554
0.7696934 1.977275
1.998024 1.982556 1.9975 1.988321 1.997171
1.988811 0.4073165 1.988042 1.989319 1.995003
1.981946 1.982957 1.992775 1.991399 0.2006929
1.989628 1.992327 1.995615 0.4241679 1.985821
0.7359033 1.986509 1.996951 1.99861 1.999454
1.992847 1.98713 1.992573 1.991697 1.990864
1.988418 1.993131 1.99001 1.988892 1.991554
1.908935 1.977275
0.2442574
0.116384 0.009494748 0.005099825 -0.007445963 0.0009165222
0.00173889 -0.0174596 -0.0005738619 0.7567098 -0.0106797
-0.01066754 -0.007262029 0.005222771 0.004781274 0.02378758
0.01370358 0.007510208 0.005878017 0.002215964 -0.1087092
-0.01913853 -0.01343015 -0.009533245 -0.02646903 -0.04065838
-0.009973979 0.003135645 -0.01239161 -0.01354209 0.00821931
-0.0001703832 0.005362337 0.01780881 -0.005354149 0.0626483
0.002574058 -0.1489226 -0.01707003
-0.01220407 -0.006043902 0.000244329 0.004582555 0.01224306
0.00414187 -0.001859959 0.03974135 0.03208563 0.0008612728
-0.00304996 0.001506486 -0.001258657 -0.0031344 0.01594233
0.1877676 0.00487443 0.008760892 -0.01062433 -0.07177588
0.001191153 0.05879201 0.003283491 -0.008434539 0.001203773
-0.01066872 0.008486661 -0.004242067 -0.003362265 0.003665838
0.008810737 -0.003068146 0.0004949568 0.005356208 0.005154226
-0.008357693 0.0002638723 -0.003141977
1.998024 1.982556 1.9975 1.988321 1.997171
1.988811 1.997454 0.1607789 1.989319 1.995003
1.981946 1.982957 1.992775 1.991399 1.995308
1.989628 1.992327 1.995615 1.174466 1.985821
1.977309 1.986509 1.996951 1.789906 1.999454
1.992847 1.98713 1.992573 1.991697 1.990864
1.988418 1.993131 1.99001 0.723776 1.991554
0.7696962 1.977275
1.998024 1.982556 1.9975 1.988321 1.997171
1.988811 0.4073165 1.988042 1.989319 1.995003
1.981946 1.982957 1.992775 1.991399 0.2006927
1.989628 1.992327 1.995615 0.4241687 1.985821
0.7359022 1.986509 1.996951 1.99861 1.999454
1.992847 1.98713 1.992573 1.991697 1.990864
1.988418 1.993131 1.99001 1.988892 1.991554
1.908935 1.977275
0.244261
0.1163837 0.009494693 0.005099857 -0.007445941 0.0009164503
0.001739045 -0.01745928 -0.0005740637 0.7567092 -0.01067987
-0.01066765 -0.007261701 0.005222867 0.004781401 0.02378758
0.01370355 0.007510241 0.00587818 0.002216259 -0.1087089
-0.01913847 -0.0134302 -0.009532968 -0.02646892 -0.04065849
-0.009974063 0.003135525 -0.01239151 -0.01354242 0.00821924
-0.000170455 0.005362424 0.01780876 -0.005354077 0.06264794
0.002573855 -0.1489226 -0.01706985
-0.01220408 -0.006043698 0.0002443712 0.004582546 0.01224287
0.004141843 -0.001859806 0.03974066 0.03208598 0.0008612125
-0.00304991 0.001506572 -0.001258659 -0.003134316 0.01594245
0.1877676 0.0048742 0.008760778 -0.01062429 -0.07177548
0.001191133 0.05879205 0.003283537 -0.008434513 0.001203638
-0.01066865 0.008486749 -0.004242091 -0.003362395 0.003665575
0.008810708 -0.003068206 0.0004951061 0.005356293 0.005154339
-0.008357672 0.0002639312 -0.003142054
1.998024 1.982556 1.9975 1.988321 1.997171
1.988811 1.997454 0.1607803 1.989319 1.995003
1.981946 1.982957 1.992775 1.991399 1.995308
1.989628 1.992327 1.995615 1.174397 1.985821
1.977309 1.986509 1.996951 1.789891 1.999454
1.992847 1.98713 1.992573 1.991697 1.990864
1.988418 1.993131 1.99001 0.7237902 1.991554
0.7697099 1.977275
1.998024 1.982556 1.9975 1.988321 1.997171
1.988811 0.4073353 1.988042 1.989319 1.995003
1.981946 1.982957 1.992775 1.991399 0.2006942
1.989628 1.992327 1.995615 0.4241542 1.985821
0.7359042 1.986509 1.996951 1.99861 1.999454
1.992847 1.98713 1.992573 1.991697 1.990864
1.988418 1.993131 1.99001 1.988892 1.991554
1.908935 1.977275
0.2442605
0.1163834 0.009494913 0.005099694 -0.007446002 0.0009165671
0.001738853 -0.01745997 -0.0005737087 0.7567101 -0.01067948
-0.01066721 -0.007262389 0.005222678 0.004781343 0.02378761
0.01370376 0.0075102 0.005877944 0.002215731 -0.1087093
-0.0191388 -0.01342989 -0.0095333 -0.02646924 -0.04065832
-0.009973913 0.003135955 -0.01239151 -0.01354206 0.0082195
-0.0001700583 0.005362276 0.01780836 -0.00535412 0.0626496
0.002573978 -0.1489219 -0.01706995
-0.01220487 -0.006043942 0.0002443701 0.00458265 0.012243
0.004141842 -0.001860011 0.03974135 0.03208543 0.0008613934
-0.003049796 0.001506575 -0.001258566 -0.003134401 0.01594239
0.1877667 0.004874591 0.0087609 -0.01062418 -0.07177584
0.001191197 0.05879193 0.003283368 -0.008434586 0.001203851
-0.01066878 0.00848678 -0.004241945 -0.003362293 0.003666012
0.008810755 -0.003067851 0.0004949725 0.0053562 0.005154326
-0.008357912 0.0002639706 -0.003141884
1.998024 1.982556 1.9975 1.988321 1.997171
1.988811 1.997454 0.1607803 1.989319 1.995003
1.981946 1.982957 1.992775 1.991399 1.995308
1.989628 1.992327 1.995615 1.174506 1.985821
1.977309 1.986509 1.996951 1.789844 1.999454
1.992847 1.98713 1.992573 1.991697 1.990864
1.988418 1.993131 1.99001 0.7237419 1.991554
0.7696905 1.977275
1.998024 1.982556 1.9975 1.988321 1.997171
1.988811 0.4073316 1.988042 1.989319 1.995003
1.981946 1.982957 1.992775 1.991399 0.2006915
1.989628 1.992327 1.995615 0.4241912 1.985821
0.7358969 1.986509 1.996951 1.99861 1.999454
1.992847 1.98713 1.992573 1.991697 1.990864
1.988418 1.993131 1.99001 1.988892 1.991554
1.908935 1.977275
0.02674834
0.1163833 0.009494857 0.005099714 -0.00744597 0.0009165169
0.001738956 -0.01745974 -0.0005738796 0.7567096 -0.01067962
-0.01066732 -0.007262113 0.005222763 0.004781433 0.0237876
0.01370373 0.007510203 0.005878064 0.002215985 -0.1087091
-0.01913871 -0.01343 -0.009533129 -0.02646915 -0.04065837
-0.00997396 0.003135813 -0.01239147 -0.01354228 0.008219454
-0.0001701705 0.005362349 0.0178084 -0.005354082 0.06264918
0.002573866 -0.1489221 -0.01706988
0.04471953 -0.002797498 0.0003252052 0.004324189 0.00469995
0.003384485 -0.01157512 0.02111164 0.02051621 -0.005294784
-0.007423107 0.002288359 -0.01153427 -0.007336207 0.01649732
0.2059897 -0.001097985 0.01199896 -0.03327735 -0.08714382
-0.005297803 0.05962515 0.002532589 -0.009580828 0.004712426
-0.009217506 0.008538586 -0.01101123 -0.003825514 0.002866598
0.02204888 -0.01012849 0.002617274 0.01256684 0.003996449
-0.001945749 0.001968755 -0.02101786
1.998024 1.982556 1.9975 1.988321 1.997171
1.988811 1.997454 0.160781 1.989319 1.995003
1.981946 1.982957 1.992775 1.991399 1.995308
1.989628 1.992327 1.995615 1.174454 1.985821
1.977309 1.986509 1.996951 1.789867 1.999454
1.992847 1.98713 1.992573 1.991697 1.990864
1.988418 1.993131 1.99001 0.7237552 1.991554
0.7696997 1.977275
0.04782037 1.982556 1.9975 1.988321 0.4969201
1.988811 1.997454 1.988042 0.6901677 1.995003
1.981946 0.4624161 1.992775 1.991399 1.995308
1.989628 1.992327 0.9458955 1.988922 0.4387316
1.977309 1.986509 1.996951 1.99861 1.999454
0.9357499 1.98713 1.992573 0.7831757 1.990864
1.988418 1.993131 1.99001 1.988892 1.991554
1.908935 0.5940402
0.2442726
0.1163801 0.009497395 0.005097539 -0.007445986 0.0009168469
0.001738551 -0.01746467 -0.0005727594 0.7567047 -0.01067741
-0.01066297 -0.00726524 0.005221129 0.004784413 0.02378749
0.01370723 0.007508951 0.005877336 0.002214568 -0.1087091
-0.01914173 -0.01342875 -0.009533321 -0.0264719 -0.04065678
-0.009972696 0.003138537 -0.01239008 -0.01354302 0.008222741
-0.0001668753 0.005362039 0.01780297 -0.005354339 0.062665
0.002573534 -0.1489158 -0.01707009
-0.01220406 -0.006043878 0.000244331 0.004582552 0.01224304
0.00414187 -0.001859941 0.03974126 0.03208567 0.0008612666
-0.003049951 0.001506492 -0.001258658 -0.003134393 0.01594234
0.1877676 0.004874405 0.008760879 -0.01062433 -0.07177583
0.001191153 0.05879202 0.003283497 -0.008434536 0.001203762
-0.01066871 0.008486674 -0.004242074 -0.003362277 0.0036658
0.008810738 -0.003068155 0.0004949774 0.005356213 0.005154242
-0.008357696 0.0002638803 -0.003141982
1.998024 1.982556 1.9975 1.988321 1.997171
1.988811 1.997454 0.1607882 1.989319 1.995003
1.981946 1.982957 1.992775 1.991399 1.995308
1.989628 1.992327 1.995615 1.174634 1.985821
1.977309 1.986509 1.996951 1.790043 1.999454
1.992847 1.98713 1.992573 1.991697 1.990864
1.988418 1.993131 1.99001 0.7232922 1.991554
0.7696724 1.977275
1.998024 1.982556 1.9975 1.988321 1.997171
1.988811 0.4073186 1.988042 1.989319 1.995003
1.981946 1.982957 1.992775 1.991399 0.2006926
1.989628 1.992327 1.995615 0.4241669 1.985821
0.7359026 1.986509 1.996951 1.99861 1.999454
1.992847 1.98713 1.992573 1.991697 1.990864
1.988418 1.993131 1.99001 1.988892 1.991554
1.908935 1.977275
0.2442781
0.1163782 0.009496468 0.005098333 -0.007445677 0.000916647
0.001739495 -0.01746269 -0.0005740441 0.7567063 -0.01067862
-0.01066463 -0.007263411 0.00522233 0.004783695 0.02378724
0.01370595 0.007509487 0.005878034 0.00221629 -0.1087074
-0.01914077 -0.01342851 -0.009532705 -0.02647097 -0.04065769
-0.009973146 0.003137033 -0.01238992 -0.01354378 0.008221992
-0.0001676418 0.005362221 0.01780445 -0.005353942 0.06265987
0.00257262 -0.1489172 -0.017069
-0.01220442 -0.006043948 0.0002443461 0.004582594 0.01224306
0.004141856 -0.001860001 0.03974148 0.0320855 0.0008613267
-0.003049907 0.00150652 -0.001258617 -0.003134402 0.01594235
0.1877673 0.004874523 0.00876091 -0.01062427 -0.07177591
0.001191172 0.05879197 0.003283437 -0.008434563 0.001203814
-0.01066876 0.008486693 -0.004242006 -0.003362262 0.003665952
0.00881074 -0.003068016 0.0004949356 0.0053562 0.005154247
-0.008357773 0.0002639024 -0.003141936
1.998024 1.982556 1.9975 1.988321 1.997171
1.988811 1.997454 0.1607934 1.989319 1.995003
1.981946 1.982957 1.992775 1.991399 1.995308
1.989628 1.992327 1.995615 1.174262 1.985821
1.977309 1.986509 1.996951 1.789914 1.999454
1.992847 1.98713 1.992573 1.991697 1.990864
1.988418 1.993131 1.99001 0.7234653 1.991554
0.7696356 1.977275
1.998024 1.982556 1.9975 1.988321 1.997171
1.988811 0.4073204 1.988042 1.989319 1.995003
1.981946 1.982957 1.992775 1.991399 0.2006927
1.989628 1.992327 1.995615 0.4241799 1.985821
0.7359009 1.986509 1.996951 1.99861 1.999454
1.992847 1.98713 1.992573 1.991697 1.990864
1.988418 1.993131 1.99001 1.988892 1.991554
1.908935 1.977275
0.2442497
0.1163853 0.009495475 0.005099184 -0.007445889 0.0009164216
0.001738771 -0.01746047 -0.0005738367 0.7567042 -0.01067947
-0.01066657 -0.007262039 0.005222076 0.004782869 0.02378749
0.01370487 0.007509521 0.005877987 0.002216135 -0.1087088
-0.01913904 -0.01343084 -0.009532818 -0.02646954 -0.04065778
-0.009973677 0.003135918 -0.01239124 -0.01354285 0.008220137
-0.0001700778 0.005362522 0.01780759 -0.005354447 0.06265126
0.002574284 -0.148922 -0.01707057
-0.01220317 -0.006043856 0.0002442375 0.00458238 0.01224312
0.004141976 -0.001859894 0.0397412 0.03208597 0.0008611445
-0.003050081 0.001506342 -0.001258732 -0.00313441 0.01594216
0.187768 0.004874288 0.008760875 -0.01062449 -0.07177581
0.001191182 0.0587923 0.003283657 -0.008434493 0.001203751
-0.01066859 0.008486623 -0.004242288 -0.003362153 0.003665461
0.008810832 -0.003068513 0.0004950084 0.005356105 0.005154188
-0.008357568 0.0002638036 -0.003142007
1.998024 1.982556 1.9975 1.988321 1.997171
1.988811 1.997454 0.160776 1.989319 1.995003
1.981946 1.982957 1.992775 1.991399 1.995308
1.989628 1.992327 1.995615 1.174394 1.985821
1.977309 1.986509 1.996951 1.790255 1.999454
1.992847 1.98713 1.992573 1.991697 1.990864
1.988418 1.993131 1.99001 0.7236686 1.991554
0.7697457 1.977275
1.998024 1.982556 1.9975 1.988321 1.997171
1.988811 0.4072999 1.988042 1.989319 1.995003
1.981946 1.982957 1.992775 1.991399 0.2006877
1.989628 1.992327 1.995615 0.4241406 1.985821
0.7359245 1.986509 1.996951 1.99861 1.999454
1.992847 1.98713 1.992573 1.991697 1.990864
1.988418 1.993131 1.99001 1.988892 1.991554
1.908935 1.977275
0.2442351
0.1163832 0.009495005 0.005100368 -0.007445951 0.0009162254
0.001739274 -0.01745884 -0.0005739225 0.7567066 -0.01068001
-0.01066785 -0.007261312 0.005222142 0.004782243 0.02378737
0.01370396 0.007510135 0.005877962 0.002216192 -0.108708
-0.01913867 -0.01342972 -0.009532154 -0.02646882 -0.04065895
-0.009974344 0.003135235 -0.01239092 -0.01354278 0.008219016
-0.0001700128 0.005362296 0.01780871 -0.005354457 0.06264787
0.002574111 -0.1489224 -0.0170694
-0.01220388 -0.006043897 0.0002443205 0.004582586 0.01224309
0.004141861 -0.001859963 0.03974131 0.03208559 0.0008612752
-0.003049977 0.001506456 -0.001258695 -0.00313444 0.01594235
0.1877678 0.004874419 0.008760902 -0.01062437 -0.07177599
0.001191113 0.0587919 0.003283476 -0.008434527 0.001203778
-0.01066873 0.008486617 -0.004242068 -0.003362285 0.003665888
0.008810712 -0.003068158 0.0004949474 0.005356235 0.005154196
-0.008357665 0.0002638479 -0.003141989
1.998024 1.982556 1.9975 1.988321 1.997171
1.988811 1.997454 0.1607716 1.989319 1.995003
1.981946 1.982957 1.992775 1.991399 1.995308
1.989628 1.992327 1.995615 1.174229 1.985821
1.977309 1.986509 1.996951 1.789628 1.999454
1.992847 1.98713 1.992573 1.991697 1.990864
1.988418 1.993131 1.99001 0.7237861 1.991554
0.7697128 1.977275
1.998024 1.982556 1.9975 1.988321 1.997171
1.988811 0.4073132 1.988042 1.989319 1.995003
1.981946 1.982957 1.992775 1.991399 0.2006933
1.989628 1.992327 1.995615 0.4241683 1.985821
0.7358886 1.986509 1.996951 1.99861 1.999454
1.992847 1.98713 1.992573 1.991697 1.990864
1.988418 1.993131 1.99001 1.988892 1.991554
1.908935 1.977275
0.2442475
0.1163825 0.009494907 0.005100054 -0.007445755 0.0009163943
0.001739398 -0.01745943 -0.0005742928 0.7567083 -0.01068001
-0.0106677 -0.007261467 0.005222749 0.004781896 0.02378726
0.01370378 0.007510124 0.0058781 0.002216631 -0.1087078
-0.01913866 -0.01342966 -0.009532684 -0.02646905 -0.0406587
-0.009974037 0.003135112 -0.012391 -0.01354273 0.008219532
-0.0001699935 0.005362299 0.01780866 -0.005354232 0.0626485
0.002573738 -0.148922 -0.01706941
-0.01220409 -0.006043901 0.0002442556 0.004582536 0.01224307
0.004141969 -0.001859968 0.03974098 0.03208571 0.0008613436
-0.003049804 0.001506397 -0.001258636 -0.00313449 0.01594222
0.1877665 0.00487454 0.008760894 -0.01062432 -0.07177588
0.001191236 0.05879213 0.003283456 -0.00843455 0.001203923
-0.01066867 0.008486808 -0.004242159 -0.003362182 0.003665684
0.008810901 -0.003068097 0.000495075 0.005356065 0.005154353
-0.008357955 0.0002639493 -0.003141831
1.998024 1.982556 1.9975 1.988321 1.997171
1.988811 1.997454 0.1607776 1.989319 1.995003
1.981946 1.982957 1.992775 1.991399 1.995308
1.989628 1.992327 1.995615 1.174212 1.985821
1.977309 1.986509 1.996951 1.789825 1.999454
1.992847 1.98713 1.992573 1.991697 1.990864
1.988418 1.993131 1.99001 0.723775 1.991554
0.7696615 1.977275
1.998024 1.982556 1.9975 1.988321 1.997171
1.988811 0.407319 1.988042 1.989319 1.995003
1.981946 1.982957 1.992775 1.991399 0.200682
1.989628 1.992327 1.995615 0.4241727 1.985821
0.7359036 1.986509 1.996951 1.99861 1.999454
1.992847 1.98713 1.992573 1.991697 1.990864
1.988418 1.993131 1.99001 1.988892 1.991554
1.908935 1.977275
0.2442684
0.1163828 0.009494607 0.005099773 -0.007445943 0.0009166047
0.001739007 -0.01745968 -0.0005739896 0.7567118 -0.01067967
-0.01066753 -0.007262185 0.005223167 0.004780836 0.02378762
0.01370329 0.007510404 0.005878126 0.00221605 -0.1087092
-0.01913856 -0.01342981 -0.009533439 -0.02646907 -0.04065844
-0.009973947 0.003135738 -0.01239163 -0.01354204 0.008219371
-0.0001702737 0.005362307 0.01780872 -0.005353908 0.06264855
0.002573678 -0.1489222 -0.01706975
-0.01220411 -0.006043906 0.0002443313 0.004582566 0.01224306
0.004141867 -0.001859965 0.03974135 0.03208561 0.0008612832
-0.003049949 0.00150649 -0.001258654 -0.003134405 0.01594234
0.1877675 0.004874444 0.008760894 -0.01062432 -0.07177589
0.001191152 0.05879199 0.003283479 -0.008434542 0.001203781
-0.01066873 0.008486665 -0.004242057 -0.003362269 0.003665859
0.008810735 -0.003068123 0.000494956 0.00535621 0.00515423
-0.008357708 0.0002638773 -0.00314197
1.998024 1.982556 1.9975 1.988321 1.997171
1.988811 1.997454 0.1607841 1.989319 1.995003
1.981946 1.982957 1.992775 1.991399 1.995308
1.989628 1.992327 1.995615 1.174483 1.985821
1.977309 1.986509 1.996951 1.789834 1.999454
1.992847 1.98713 1.992573 1.991697 1.990864
1.988418 1.993131 1.99001 0.7237821 1.991554
0.7696729 1.977275
1.998024 1.982556 1.9975 1.988321 1.997171
1.988811 0.4073173 1.988042 1.989319 1.995003
1.981946 1.982957 1.992775 1.991399 0.2006927
1.989628 1.992327 1.995615 0.4241706 1.985821
0.7359003 1.986509 1.996951 1.99861 1.999454
1.992847 1.98713 1.992573 1.991697 1.990864
1.988418 1.993131 1.99001 1.988892 1.991554
1.908935 1.977275
0.2442719
0.1163822 0.009495082 0.005099425 -0.007446062 0.0009164885
0.001739014 -0.01745992 -0.000573824 0.756709 -0.0106794
-0.01066678 -0.007262331 0.005222687 0.004781767 0.02378775
0.01370408 0.007510214 0.005878192 0.002215899 -0.1087091
-0.0191391 -0.01342979 -0.009532825 -0.02646936 -0.04065833
-0.009973963 0.003136344 -0.01239127 -0.01354271 0.008219661
-0.0001697871 0.005362421 0.01780744 -0.005353909 0.06265109
0.002573474 -0.1489212 -0.01706962
-0.01220412 -0.006043827 0.0002443505 0.004582552 0.01224298
0.004141855 -0.001859902 0.03974111 0.03208576 0.0008612498
-0.003049942 0.001506529 -0.001258652 -0.00313436 0.01594238
0.1877676 0.004874344 0.008760848 -0.01062431 -0.07177571
0.001191147 0.05879203 0.003283508 -0.008434531 0.001203717
-0.01066869 0.008486695 -0.004242068 -0.003362316 0.003665745
0.008810721 -0.003068161 0.0004950088 0.005356243 0.005154268
-0.008357682 0.0002638962 -0.003142009
1.998024 1.982556 1.9975 1.988321 1.997171
1.988811 1.997454 0.1607861 1.989319 1.995003
1.981946 1.982957 1.992775 1.991399 1.995308
1.989628 1.992327 1.995615 1.174471 1.985821
1.977309 1.986509 1.996951 1.789769 1.999454
1.992847 1.98713 1.992573 1.991697 1.990864
1.988418 1.993131 1.99001 0.72371 1.991554
0.7697306 1.977275
1.998024 1.982556 1.9975 1.988321 1.997171
1.988811 0.4073243 1.988042 1.989319 1.995003
1.981946 1.982957 1.992775 1.991399 0.2006937
1.989628 1.992327 1.995615 0.4241637 1.985821
0.7359042 1.986509 1.996951 1.99861 1.999454
1.992847 1.98713 1.992573 1.991697 1.990864
1.988418 1.993131 1.99001 1.988892 1.991554
1.908935 1.977275
0.2442652
0.1163829 0.009494914 0.005099727 -0.007446159 0.0009164196
0.001738937 -0.01745936 -0.0005736868 0.7567091 -0.01067952
-0.01066718 -0.007262135 0.005222557 0.004781575 0.02378782
0.01370384 0.007510332 0.005878145 0.002215716 -0.1087093
-0.01913887 -0.0134299 -0.009532695 -0.02646907 -0.04065853
-0.009974174 0.003136229 -0.0123914 -0.01354254 0.008219177
-0.0001700514 0.005362415 0.01780794 -0.005353989 0.06264961
0.002573712 -0.1489218 -0.01706965
-0.01220387 -0.006043795 0.000244331 0.00458242 0.01224296
0.0041419 -0.001859849 0.03974112 0.032086 0.000861156
-0.00305002 0.001506515 -0.00125865 -0.003134287 0.01594229
0.1877677 0.00487424 0.008760819 -0.01062434 -0.0717755
0.001191193 0.0587923 0.00328363 -0.008434518 0.001203655
-0.01066861 0.008486702 -0.004242168 -0.003362256 0.003665493
0.008810765 -0.003068363 0.0004950311 0.005356191 0.005154264
-0.008357586 0.0002638756 -0.003142049
1.998024 1.982556 1.9975 1.988321 1.997171
1.988811 1.997454 0.1607827 1.989319 1.995003
1.981946 1.982957 1.992775 1.991399 1.995308
1.989628 1.992327 1.995615 1.174493 1.985821
1.977309 1.986509 1.996951 1.789668 1.999454
1.992847 1.98713 1.992573 1.991697 1.990864
1.988418 1.993131 1.99001 0.7237499 1.991554
0.76975 1.977275
1.998024 1.982556 1.9975 1.988321 1.997171
1.988811 0.40732 1.988042 1.989319 1.995003
1.981946 1.982957 1.992775 1.991399 0.2006929
1.989628 1.992327 1.995615 0.424147 1.985821
0.7359336 1.986509 1.996951 1.99861 1.999454
1.992847 1.98713 1.992573 1.991697 1.990864
1.988418 1.993131 1.99001 1.988892 1.991554
1.908935 1.977275
0.2442884
0.1163819 0.009496415 0.005097848 -0.007446179 0.0009168209
0.001738339 -0.0174631 -0.0005729236 0.7567072 -0.01067788
-0.01066408 -0.00726459 0.005221866 0.004782992 0.02378792
0.01370596 0.007509473 0.005877734 0.002214678 -0.1087102
-0.0191407 -0.01342967 -0.00953355 -0.026471 -0.04065699
-0.009973071 0.003138283 -0.01239103 -0.0135426 0.008221546
-0.0001683006 0.005362308 0.01780446 -0.005353983 0.06266013
0.002573556 -0.1489181 -0.01707042
-0.01220562 -0.006044055 0.0002444824 0.004582528 0.01224294
0.004141765 -0.001860049 0.03974236 0.03208535 0.0008613004
-0.003049974 0.00150678 -0.001258434 -0.003134138 0.01594239
0.1877671 0.004874583 0.008760907 -0.01062406 -0.07177551
0.001191268 0.05879225 0.003283477 -0.008434634 0.001203684
-0.01066881 0.008486724 -0.004241821 -0.003362247 0.003666094
0.008810656 -0.003067871 0.0004947826 0.00535623 0.005154225
-0.008357666 0.0002639365 -0.003142001
1.998024 1.982556 1.9975 1.988321 1.997171
1.988811 1.997454 0.1607918 1.989319 1.995003
1.981946 1.982957 1.992775 1.991399 1.995308
1.989628 1.992327 1.995615 1.17478 1.985821
1.977309 1.986509 1.996951 1.790067 1.999454
1.992847 1.98713 1.992573 1.991697 1.990864
1.988418 1.993131 1.99001 0.7234382 1.991554
0.769737 1.977275
1.998024 1.982556 1.9975 1.988321 1.997171
1.988811 0.4073327 1.988042 1.989319 1.995003
1.981946 1.982957 1.992775 1.991399 0.2007031
1.989628 1.992327 1.995615 0.4241917 1.985821
0.7359559 1.986509 1.996951 1.99861 1.999454
1.992847 1.98713 1.992573 1.991697 1.990864
1.988418 1.993131 1.99001 1.988892 1.991554
1.908935 1.977275
0.2442812
0.1163944 0.00949505 0.005096909 -0.007444877 0.0009169841
0.001738009 -0.01746301 -0.0005755863 0.7566996 -0.01068003
-0.01066609 -0.00726132 0.005223871 0.004782924 0.02378701
0.0137051 0.00750794 0.00587864 0.002218736 -0.1087095
-0.0191376 -0.01343556 -0.00953558 -0.0264701 -0.04065484
-0.009971795 0.003134367 -0.01239302 -0.01354265 0.008222505
-0.0001728967 0.00536339 0.01780907 -0.005354457 0.06264954
0.002575058 -0.148926 -0.01707436
-0.01220363 -0.00604398 0.0002443103 0.004582497 0.01224317
0.00414187 -0.00186 0.03974183 0.03208555 0.0008612039
-0.003050131 0.001506429 -0.001258708 -0.003134398 0.01594227
0.1877684 0.004874412 0.00876094 -0.01062444 -0.07177606
0.00119112 0.05879203 0.00328356 -0.008434524 0.001203741
-0.01066873 0.008486509 -0.004242099 -0.003362204 0.003665896
0.008810692 -0.003068309 0.0004948366 0.00535621 0.005154076
-0.00835749 0.0002637647 -0.00314204
1.998024 1.982556 1.9975 1.988321 1.997171
1.988811 1.997454 0.1607816 1.989319 1.995003
1.981946 1.982957 1.992775 1.991399 1.995308
1.989628 1.992327 1.995615 1.174422 1.985821
1.977309 1.986509 1.996951 1.792813 1.999454
1.992847 1.98713 1.992573 1.991697 1.990864
1.988418 1.993131 1.99001 0.7236451 1.991554
0.7697062 1.977275
1.998024 1.982556 1.9975 1.988321 1.997171
1.988811 0.4072982 1.988042 1.989319 1.995003
1.981946 1.982957 1.992775 1.991399 0.2006962
1.989628 1.992327 1.995615 0.4241608 1.985821
0.7359082 1.986509 1.996951 1.99861 1.999454
1.992847 1.98713 1.992573 1.991697 1.990864
1.988418 1.993131 1.99001 1.988892 1.991554
1.908935 1.977275
0.2442734
0.1163856 0.009493827 0.005100353 -0.007446792 0.000916324
0.001738272 -0.01745713 -0.0005730431 0.7567126 -0.01067971
-0.01066843 -0.007261884 0.005222754 0.004779721 0.02378868
0.01370237 0.007511158 0.005878327 0.002214665 -0.1087117
-0.01913782 -0.01343083 -0.009532759 -0.02646785 -0.040659
-0.009974956 0.00313665 -0.0123927 -0.01354157 0.008217063
-0.0001716273 0.005362631 0.01780959 -0.005353694 0.06264388
0.002574193 -0.1489246 -0.01707011
-0.01220471 -0.006044192 0.0002443027 0.004582666 0.01224326
0.004141883 -0.001860202 0.03974216 0.032085 0.0008614692
-0.003049861 0.001506437 -0.001258586 -0.003134535 0.01594224
0.1877668 0.004874876 0.008761046 -0.01062427 -0.07177639
0.001191209 0.05879185 0.003283308 -0.008434612 0.001204033
-0.01066887 0.008486658 -0.004241934 -0.003362129 0.003666335
0.008810796 -0.003067796 0.0004947931 0.005356092 0.005154178
-0.008357939 0.0002638872 -0.003141784
1.998024 1.982556 1.9975 1.988321 1.997171
1.988811 1.997454 0.1607827 1.989319 1.995003
1.981946 1.982957 1.992775 1.991399 1.995308
1.989628 1.992327 1.995615 1.174875 1.985821
1.977309 1.986509 1.996951 1.789338 1.999454
1.992847 1.98713 1.992573 1.991697 1.990864
1.988418 1.993131 1.99001 0.7239205 1.991554
0.7698875 1.977275
1.998024 1.982556 1.9975 1.988321 1.997171
1.988811 0.4073059 1.988042 1.989319 1.995003
1.981946 1.982957 1.992775 1.991399 0.2006888
1.989628 1.992327 1.995615 0.4242079 1.985821
0.7358888 1.986509 1.996951 1.99861 1.999454
1.992847 1.98713 1.992573 1.991697 1.990864
1.988418 1.993131 1.99001 1.988892 1.991554
1.908935 1.977275
0.2442616
0.1163817 0.00949469 0.005100147 -0.00744627 0.0009163353
0.001739119 -0.0174586 -0.0005736617 0.7567105 -0.01067967
-0.01066761 -0.007261927 0.005222633 0.004781212 0.02378791
0.01370343 0.007510687 0.005878212 0.002215625 -0.1087092
-0.01913878 -0.0134294 -0.009532355 -0.02646876 -0.04065904
-0.009974508 0.003136199 -0.01239132 -0.01354256 0.008218624
-0.0001700057 0.005362363 0.01780818 -0.005353868 0.06264847
0.002573486 -0.1489218 -0.01706909
-0.01220436 -0.006044035 0.0002441652 0.004582391 0.01224314
0.004142123 -0.001860049 0.0397412 0.03208574 0.0008613972
-0.003049699 0.00150631 -0.001258534 -0.003134511 0.01594194
0.1877651 0.004874772 0.00876094 -0.01062427 -0.0717758
0.001191434 0.05879258 0.003283488 -0.008434597 0.001204115
-0.0106686 0.008486979 -0.00424228 -0.003361941 0.003665487
0.008811149 -0.00306809 0.0004951121 0.005355787 0.005154453
-0.008358221 0.0002640196 -0.003141637
1.998024 1.982556 1.9975 1.988321 1.997171
1.988811 1.997454 0.1607836 1.989319 1.995003
1.981946 1.982957 1.992775 1.991399 1.995308
1.989628 1.992327 1.995615 1.17447 1.985821
1.977309 1.986509 1.996951 1.789339 1.999454
1.992847 1.98713 1.992573 1.991697 1.990864
1.988418 1.993131 1.99001 0.7237966 1.991554
0.7697562 1.977275
1.998024 1.982556 1.9975 1.988321 1.997171
1.988811 0.4073129 1.988042 1.989319 1.995003
1.981946 1.982957 1.992775 1.991399 0.2006693
1.989628 1.992327 1.995615 0.4241787 1.985821
0.735947 1.986509 1.996951 1.99861 1.999454
1.992847 1.98713 1.992573 1.991697 1.990864
1.988418 1.993131 1.99001 1.988892 1.991554
1.908935 1.977275
0.2442658
0.1163834 0.009494751 0.005099657 -0.00744596 0.0009165301
0.001738963 -0.01745965 -0.0005739824 0.7567099 -0.01067968
-0.01066738 -0.007262035 0.00522294 0.004781289 0.02378764
0.01370361 0.007510242 0.005878163 0.002216109 -0.1087091
-0.01913862 -0.01343013 -0.00953319 -0.02646909 -0.04065833
-0.009973949 0.003135788 -0.01239157 -0.01354231 0.008219431
-0.0001703267 0.005362406 0.01780848 -0.005353992 0.06264886
0.002573772 -0.1489223 -0.01706991
-0.01220407 -0.006043902 0.0002443261 0.00458256 0.01224306
0.004141872 -0.001859961 0.03974133 0.03208562 0.0008612786
-0.003049951 0.001506481 -0.001258659 -0.003134408 0.01594233
0.1877676 0.004874437 0.008760893 -0.01062433 -0.07177589
0.001191152 0.058792 0.003283485 -0.008434539 0.001203781
-0.01066872 0.008486665 -0.004242068 -0.003362265 0.003665841
0.008810741 -0.003068139 0.0004949611 0.005356205 0.00515423
-0.008357705 0.0002638749 -0.00314197
1.998024 1.982556 1.9975 1.988321 1.997171
1.988811 1.997454 0.1607828 1.989319 1.995003
1.981946 1.982957 1.992775 1.991399 1.995308
1.989628 1.992327 1.995615 1.174461 1.985821
1.977309 1.986509 1.996951 1.789914 1.999454
1.992847 1.98713 1.992573 1.991697 1.990864
1.988418 1.993131 1.99001 0.7237665 1.991554
0.7697045 1.977275
1.998024 1.982556 1.9975 1.988321 1.997171
1.988811 0.4073166 1.988042 1.989319 1.995003
1.981946 1.982957 1.992775 1.991399 0.2006923
1.989628 1.992327 1.995615 0.4241693 1.985821
0.7359005 1.986509 1.996951 1.99861 1.999454
1.992847 1.98713 1.992573 1.991697 1.990864
1.988418 1.993131 1.99001 1.988892 1.991554
1.908935 1.977275
0.02678841
0.1163918 0.009494469 0.005097826 -0.007446572 0.0009171915
0.001736597 -0.0174617 -0.000572452 0.7567129 -0.01067824
-0.01066592 -0.007264517 0.005223036 0.004779491 0.02378881
0.01370352 0.007509893 0.005877849 0.002213814 -0.1087149
-0.01913822 -0.01343333 -0.009536049 -0.02646956 -0.04065603
-0.009973073 0.00313796 -0.01239425 -0.01353985 0.0082196
-0.0001721581 0.005362763 0.0178086 -0.005353801 0.06265001
0.002575367 -0.1489245 -0.01707353
0.04473492 -0.002832108 0.0003179572 0.004323501 0.004709567
0.003408379 -0.0115764 0.02113101 0.02051708 -0.005287739
-0.007416361 0.002261426 -0.01152042 -0.007347693 0.01651152
0.2059789 -0.00108864 0.01199481 -0.03326572 -0.0871562
-0.00531823 0.05966968 0.002540456 -0.009591532 0.004718714
-0.009241815 0.008542519 -0.0109751 -0.003832507 0.002837175
0.02205424 -0.01013758 0.002556904 0.0125578 0.0040478
-0.001988116 0.0019624 -0.02100544
1.998024 1.982556 1.9975 1.988321 1.997171
1.988811 1.997454 0.1607881 1.989319 1.995003
1.981946 1.982957 1.992775 1.991399 1.995308
1.989628 1.992327 1.995615 1.175512 1.985821
1.977309 1.986509 1.996951 1.790945 1.999454
1.992847 1.98713 1.992573 1.991697 1.990864
1.988418 1.993131 1.99001 0.7236885 1.991554
0.7698476 1.977275
0.04774571 1.982556 1.9975 1.988321 0.498171
1.988811 1.997454 1.988042 0.6889583 1.995003
1.981946 0.4644118 1.992775 1.991399 1.995308
1.989628 1.992327 0.9539082 1.988922 0.4385344
1.977309 1.986509 1.996951 1.99861 1.999454
0.9260915 1.98713 1.992573 0.773046 1.990864
1.988418 1.993131 1.99001 1.988892 1.991554
1.908935 0.5937386
0.03028779
0.1163833 0.009495295 0.005099367 -0.007445795 0.0009165139
0.001739057 -0.01746049 -0.0005740408 0.7567071 -0.01067953
-0.01066677 -0.007262146 0.005222541 0.004782304 0.02378738
0.01370443 0.007509799 0.005878025 0.002216307 -0.1087084
-0.01913906 -0.01343007 -0.009533026 -0.02646956 -0.04065806
-0.009973678 0.003135765 -0.01239111 -0.01354271 0.008220181
-0.0001697877 0.005362368 0.01780773 -0.005354238 0.06265122
0.002573845 -0.1489214 -0.01706999
0.04353675 -0.006739445 -0.0019186 0.004438443 0.007398551
-0.002548386 -0.01233641 0.01949139 0.02106966 -0.003730484
-0.01885636 0.005486143 -0.0072957 -0.0026934 0.01213951
0.2039864 -0.0003667308 0.01282045 -0.02639224 -0.08669423
-0.001675355 0.05619429 0.005457644 -0.01330154 0.006220304
-0.01166525 0.01027656 -0.004966759 -0.003422518 0.000813441
0.02023045 -0.01171844 0.004374424 0.01397484 0.005982423
-0.006791874 0.004015658 -0.01823125
1.998024 1.982556 1.9975 1.988321 1.997171
1.988811 1.997454 0.1607801 1.989319 1.995003
1.981946 1.982957 1.992775 1.991399 1.995308
1.989628 1.992327 1.995615 1.174348 1.985821
1.977309 1.986509 1.996951 1.790078 1.999454
1.992847 1.98713 1.992573 1.991697 1.990864
1.988418 1.993131 1.99001 0.7236877 1.991554
0.7696837 1.977275
1.998024 1.982556 1.984012 1.988321 1.997171
1.988811 1.997454 1.988042 1.989319 1.995003
0.3359699 1.982957 1.992775 1.991399 1.862959
1.989628 1.979616 1.327129 1.988922 1.985821
1.893433 1.748747 1.996951 1.99861 1.856018
1.992847 1.98713 1.992573 1.991697 1.990864
1.988418 0.003721726 1.99001 1.988892 1.991554
1.487764 1.888743
0.2443008
0.1163839 0.009494894 0.005098529 -0.007446177 0.0009168107
0.001738372 -0.01746089 -0.0005736107 0.7567115 -0.01067889
-0.01066611 -0.007263268 0.005223245 0.004780885 0.02378816
0.0137039 0.007510188 0.005878306 0.002215468 -0.1087109
-0.01913903 -0.01343072 -0.009534015 -0.02646967 -0.04065744
-0.009973512 0.003137163 -0.01239219 -0.01354203 0.008220039
-0.0001703282 0.005362594 0.01780718 -0.005353541 0.06265222
0.002573493 -0.1489215 -0.01707065
-0.01220411 -0.006043921 0.0002443113 0.004582541 0.01224307
0.004141896 -0.001859973 0.03974135 0.03208563 0.0008612901
-0.00304993 0.001506467 -0.001258644 -0.003134415 0.01594229
0.1877673 0.004874474 0.0087609 -0.01062432 -0.07177588
0.001191183 0.05879206 0.003283486 -0.008434546 0.001203814
-0.01066871 0.008486694 -0.004242087 -0.003362229 0.003665811
0.00881078 -0.003068132 0.0004949706 0.005356162 0.005154249
-0.008357754 0.0002638882 -0.003141937
1.998024 1.982556 1.9975 1.988321 1.997171
1.988811 1.997454 0.1607953 1.989319 1.995003
1.981946 1.982957 1.992775 1.991399 1.995308
1.989628 1.992327 1.995615 1.174817 1.985821
1.977309 1.986509 1.996951 1.790181 1.999454
1.992847 1.98713 1.992573 1.991697 1.990864
1.988418 1.993131 1.99001 0.7236751 1.991554
0.7697576 1.977275
1.998024 1.982556 1.9975 1.988321 1.997171
1.988811 0.407316 1.988042 1.989319 1.995003
1.981946 1.982957 1.992775 1.991399 0.2006902
1.989628 1.992327 1.995615 0.4241705 1.985821
0.7359062 1.986509 1.996951 1.99861 1.999454
1.992847 1.98713 1.992573 1.991697 1.990864
1.988418 1.993131 1.99001 1.988892 1.991554
1.908935 1.977275
0.2442647
0.1163831 0.009494925 0.00509959 -0.007446009 0.000916577
0.001738877 -0.01746003 -0.0005737477 0.7567102 -0.01067944
-0.01066709 -0.007262434 0.005222757 0.004781345 0.02378765
0.01370379 0.007510219 0.005878012 0.002215771 -0.1087093
-0.01913886 -0.01342987 -0.009533286 -0.02646929 -0.04065828
-0.009973892 0.003136069 -0.0123915 -0.01354215 0.008219572
-0.0001700106 0.005362309 0.01780816 -0.005354034 0.06265
0.00257383 -0.1489217 -0.01706989
-0.01220407 -0.006043913 0.0002443213 0.004582592 0.01224308
0.004141869 -0.001859978 0.03974131 0.03208556 0.0008613042
-0.003049931 0.001506468 -0.001258667 -0.003134441 0.01594234
0.1877675 0.004874469 0.008760905 -0.01062434 -0.07177597
0.001191141 0.05879193 0.003283454 -0.008434541 0.001203809
-0.01066874 0.008486661 -0.004242055 -0.003362271 0.003665899
0.008810739 -0.003068097 0.0004949583 0.005356209 0.005154229
-0.008357736 0.0002638767 -0.003141953
1.998024 1.982556 1.9975 1.988321 1.997171
1.988811 1.997454 0.1607824 1.989319 1.995003
1.981946 1.982957 1.992775 1.991399 1.995308
1.989628 1.992327 1.995615 1.174513 1.985821
1.977309 1.986509 1.996951 1.789844 1.999454
1.992847 1.98713 1.992573 1.991697 1.990864
1.988418 1.993131 1.99001 0.7237341 1.991554
0.7696955 1.977275
1.998024 1.982556 1.9975 1.988321 1.997171
1.988811 0.4073162 1.988042 1.989319 1.995003
1.981946 1.982957 1.992775 1.991399 0.2006918
1.989628 1.992327 1.995615 0.4241732 1.985821
0.7358916 1.986509 1.996951 1.99861 1.999454
1.992847 1.98713 1.992573 1.991697 1.990864
1.988418 1.993131 1.99001 1.988892 1.991554
1.908935 1.977275
0.2442749
0.1163813 0.00949501 0.005099419 -0.007445927 0.0009166203
0.001739128 -0.01746032 -0.0005739739 0.756711 -0.01067938
-0.01066681 -0.007262543 0.005223032 0.004781389 0.0237876
0.01370385 0.007510277 0.005878147 0.002216038 -0.1087089
-0.01913912 -0.01342941 -0.009533246 -0.02646951 -0.04065831
-0.009973798 0.003136181 -0.01239125 -0.01354246 0.008219927
-0.0001696165 0.005362294 0.0178076 -0.005353827 0.06265135
0.002573307 -0.1489209 -0.01706947
-0.01220401 -0.006043867 0.0002443299 0.004582559 0.01224304
0.004141868 -0.001859935 0.03974122 0.03208568 0.0008612645
-0.003049953 0.001506487 -0.001258668 -0.003134401 0.01594235
0.1877676 0.004874392 0.008760876 -0.01062434 -0.07177584
0.001191142 0.05879199 0.003283495 -0.008434531 0.001203757
-0.01066871 0.008486668 -0.004242077 -0.003362287 0.003665799
0.008810732 -0.003068162 0.0004949829 0.005356223 0.00515424
-0.008357689 0.0002638768 -0.003141988
1.998024 1.982556 1.9975 1.988321 1.997171
1.988811 1.997454 0.1607881 1.989319 1.995003
1.981946 1.982957 1.992775 1.991399 1.995308
1.989628 1.992327 1.995615 1.174455 1.985821
1.977309 1.986509 1.996951 1.78979 1.999454
1.992847 1.98713 1.992573 1.991697 1.990864
1.988418 1.993131 1.99001 0.7237087 1.991554
0.7696704 1.977275
1.998024 1.982556 1.9975 1.988321 1.997171
1.988811 0.4073185 1.988042 1.989319 1.995003
1.981946 1.982957 1.992775 1.991399 0.2006927
1.989628 1.992327 1.995615 0.424166 1.985821
0.7358991 1.986509 1.996951 1.99861 1.999454
1.992847 1.98713 1.992573 1.991697 1.990864
1.988418 1.993131 1.99001 1.988892 1.991554
1.908935 1.977275
0.2442511
0.1163845 0.009495053 0.005099638 -0.007445909 0.0009165246
0.001738819 -0.01746011 -0.0005737835 0.7567081 -0.01067957
-0.01066718 -0.007262173 0.005222467 0.004781808 0.02378748
0.01370405 0.00750993 0.005877888 0.002215926 -0.108709
-0.01913875 -0.01343028 -0.00953324 -0.02646928 -0.04065815
-0.009973816 0.003135698 -0.01239146 -0.01354218 0.008219682
-0.0001701757 0.005362321 0.01780846 -0.005354331 0.06264952
0.002574257 -0.1489223 -0.01707025
-0.01220362 -0.006043857 0.0002442972 0.004582503 0.01224307
0.004141899 -0.001859917 0.0397412 0.03208578 0.0008612146
-0.003050015 0.001506428 -0.001258707 -0.003134412 0.0159423
0.1877679 0.004874337 0.008760877 -0.01062441 -0.07177587
0.001191137 0.05879206 0.003283554 -0.008434511 0.001203745
-0.01066867 0.008486628 -0.004242152 -0.003362251 0.003665693
0.00881075 -0.003068303 0.0004949851 0.005356199 0.005154204
-0.008357618 0.0002638371 -0.00314201
1.998024 1.982556 1.9975 1.988321 1.997171
1.988811 1.997454 0.1607762 1.989319 1.995003
1.981946 1.982957 1.992775 1.991399 1.995308
1.989628 1.992327 1.995615 1.174446 1.985821
1.977309 1.986509 1.996951 1.790031 1.999454
1.992847 1.98713 1.992573 1.991697 1.990864
1.988418 1.993131 1.99001 0.7237308 1.991554
0.7696933 1.977275
1.998024 1.982556 1.9975 1.988321 1.997171
1.988811 0.4073105 1.988042 1.989319 1.995003
1.981946 1.982957 1.992775 1.991399 0.2006917
1.989628 1.992327 1.995615 0.4241557 1.985821
0.7359038 1.986509 1.996951 1.99861 1.999454
1.992847 1.98713 1.992573 1.991697 1.990864
1.988418 1.993131 1.99001 1.988892 1.991554
1.908935 1.977275
0.2442716
0.1163822 0.009495416 0.005099117 -0.007446131 0.0009167106
0.001738647 -0.01746115 -0.0005732632 0.7567107 -0.01067877
-0.01066607 -0.007263475 0.005222424 0.004781613 0.02378778
0.01370439 0.0075101 0.005877788 0.002215065 -0.1087099
-0.01913957 -0.01342943 -0.009533521 -0.0264699 -0.04065795
-0.009973652 0.00313698 -0.01239135 -0.01354201 0.008220142
-0.0001692396 0.005362183 0.01780693 -0.005354004 0.06265364
0.002573762 -0.1489202 -0.01706993
-0.01220401 -0.006043906 0.0002443146 0.004582522 0.01224307
0.004141892 -0.001859957 0.03974136 0.03208567 0.0008612602
-0.003049967 0.001506469 -0.001258655 -0.003134397 0.01594229
0.1877675 0.004874429 0.008760892 -0.01062434 -0.07177585
0.001191172 0.05879208 0.003283514 -0.008434538 0.001203781
-0.0106687 0.00848667 -0.004242099 -0.003362235 0.003665778
0.008810764 -0.003068187 0.0004949641 0.005356177 0.005154229
-0.008357695 0.0002638705 -0.003141968
1.998024 1.982556 1.9975 1.988321 1.997171
1.988811 1.997454 0.1607855 1.989319 1.995003
1.981946 1.982957 1.992775 1.991399 1.995308
1.989628 1.992327 1.995615 1.17466 1.985821
1.977309 1.986509 1.996951 1.789773 1.999454
1.992847 1.98713 1.992573 1.991697 1.990864
1.988418 1.993131 1.99001 0.7236325 1.991554
0.7696926 1.977275
1.998024 1.982556 1.9975 1.988321 1.997171
1.988811 0.4073145 1.988042 1.989319 1.995003
1.981946 1.982957 1.992775 1.991399 0.2006914
1.989628 1.992327 1.995615 0.4241658 1.985821
0.7359091 1.986509 1.996951 1.99861 1.999454
1.992847 1.98713 1.992573 1.991697 1.990864
1.988418 1.993131 1.99001 1.988892 1.991554
1.908935 1.977275
0.2442516
0.116382 0.009496111 0.005099163 -0.007446159 0.0009164788
0.001738772 -0.0174613 -0.0005730373 0.756706 -0.01067866
-0.01066557 -0.007263334 0.005221427 0.004783128 0.02378762
0.01370545 0.007509714 0.00587759 0.002214943 -0.108709
-0.01914014 -0.0134292 -0.009532573 -0.02647015 -0.04065806
-0.009973752 0.003137113 -0.01239062 -0.01354272 0.008220397
-0.0001685369 0.005362153 0.01780598 -0.00535441 0.06265575
0.002573977 -0.1489193 -0.01706971
-0.01220411 -0.006043901 0.0002443315 0.004582557 0.01224305
0.004141869 -0.001859959 0.03974134 0.03208563 0.0008612768
-0.003049951 0.001506492 -0.001258652 -0.003134397 0.01594234
0.1877675 0.004874434 0.00876089 -0.01062432 -0.07177586
0.001191156 0.05879201 0.003283487 -0.008434541 0.001203775
-0.01066872 0.008486669 -0.004242063 -0.003362267 0.003665838
0.008810738 -0.003068134 0.0004949604 0.005356207 0.005154233
-0.008357703 0.0002638784 -0.003141973
1.998024 1.982556 1.9975 1.988321 1.997171
1.988811 1.997454 0.1607783 1.989319 1.995003
1.981946 1.982957 1.992775 1.991399 1.995308
1.989628 1.992327 1.995615 1.174512 1.985821
1.977309 1.986509 1.996951 1.789649 1.999454
1.992847 1.98713 1.992573 1.991697 1.990864
1.988418 1.993131 1.99001 0.7235601 1.991554
0.7697261 1.977275
1.998024 1.982556 1.9975 1.988321 1.997171
1.988811 0.4073176 1.988042 1.989319 1.995003
1.981946 1.982957 1.992775 1.991399 0.2006927
1.989628 1.992327 1.995615 0.4241694 1.985821
0.7359026 1.986509 1.996951 1.99861 1.999454
1.992847 1.98713 1.992573 1.991697 1.990864
1.988418 1.993131 1.99001 1.988892 1.991554
1.908935 1.977275
0.2442751
0.1163818 0.009494827 0.0050995 -0.00744587 0.000916582
0.001739197 -0.01745997 -0.0005741984 0.7567107 -0.01067962
-0.01066713 -0.007262154 0.005223211 0.004781307 0.02378757
0.01370366 0.007510291 0.005878274 0.002216363 -0.1087087
-0.01913885 -0.01342969 -0.009533198 -0.02646931 -0.04065835
-0.009973843 0.003135868 -0.01239134 -0.01354256 0.008219785
-0.0001699545 0.005362379 0.01780799 -0.005353807 0.06265011
0.002573299 -0.1489215 -0.01706953
-0.01220426 -0.006043875 0.0002443528 0.004582567 0.01224301
0.004141852 -0.001859941 0.03974128 0.03208565 0.0008612777
-0.003049932 0.001506533 -0.001258634 -0.003134369 0.01594237
0.1877675 0.004874413 0.008760872 -0.01062429 -0.07177578
0.001191158 0.05879201 0.003283482 -0.008434545 0.001203749
-0.01066872 0.008486694 -0.004242039 -0.003362296 0.003665829
0.008810725 -0.003068103 0.0004949762 0.005356229 0.005154258
-0.008357711 0.0002638987 -0.003141984
1.998024 1.982556 1.9975 1.988321 1.997171
1.988811 1.997454 0.1607879 1.989319 1.995003
1.981946 1.982957 1.992775 1.991399 1.995308
1.989628 1.992327 1.995615 1.174406 1.985821
1.977309 1.986509 1.996951 1.789873 1.999454
1.992847 1.98713 1.992573 1.991697 1.990864
1.988418 1.993131 1.99001 0.7237426 1.991554
0.7696756 1.977275
1.998024 1.982556 1.9975 1.988321 1.997171
1.988811 0.4073231 1.988042 1.989319 1.995003
1.981946 1.982957 1.992775 1.991399 0.2006937
1.989628 1.992327 1.995615 0.4241701 1.985821
0.7359043 1.986509 1.996951 1.99861 1.999454
1.992847 1.98713 1.992573 1.991697 1.990864
1.988418 1.993131 1.99001 1.988892 1.991554
1.908935 1.977275
0.2442652
0.1163854 0.009494914 0.00509927 -0.007445943 0.0009165007
0.001738723 -0.01745991 -0.0005739944 0.7567071 -0.01067965
-0.01066707 -0.007261917 0.005222727 0.004781832 0.02378768
0.01370406 0.007509883 0.005878213 0.002216228 -0.1087094
-0.01913857 -0.01343105 -0.009533194 -0.02646919 -0.04065787
-0.009973777 0.003135841 -0.01239174 -0.01354252 0.008219682
-0.0001706745 0.005362603 0.01780829 -0.005354126 0.0626492
0.002574076 -0.1489228 -0.0170706
-0.01220408 -0.006043898 0.0002443298 0.004582557 0.01224305
0.00414187 -0.001859957 0.03974133 0.03208563 0.0008612742
-0.003049954 0.001506488 -0.001258656 -0.0031344 0.01594234
0.1877676 0.004874429 0.00876089 -0.01062433 -0.07177587
0.001191153 0.05879201 0.003283489 -0.008434539 0.001203773
-0.01066872 0.008486666 -0.004242067 -0.003362268 0.003665833
0.008810738 -0.003068142 0.0004949618 0.005356209 0.005154231
-0.008357699 0.0002638759 -0.003141975
1.998024 1.982556 1.9975 1.988321 1.997171
1.988811 1.997454 0.1607811 1.989319 1.995003
1.981946 1.982957 1.992775 1.991399 1.995308
1.989628 1.992327 1.995615 1.174485 1.985821
1.977309 1.986509 1.996951 1.79025 1.999454
1.992847 1.98713 1.992573 1.991697 1.990864
1.988418 1.993131 1.99001 0.723739 1.991554
0.7697496 1.977275
1.998024 1.982556 1.9975 1.988321 1.997171
1.988811 0.4073172 1.988042 1.989319 1.995003
1.981946 1.982957 1.992775 1.991399 0.2006926
1.989628 1.992327 1.995615 0.4241688 1.985821
0.7359019 1.986509 1.996951 1.99861 1.999454
1.992847 1.98713 1.992573 1.991697 1.990864
1.988418 1.993131 1.99001 1.988892 1.991554
1.908935 1.977275
0.2442805
0.1163816 0.009494326 0.005099998 -0.007446366 0.0009167797
0.001738617 -0.01745956 -0.0005731594 0.7567174 -0.01067912
-0.01066751 -0.007263312 0.005223231 0.004779427 0.02378809
0.01370259 0.00751105 0.005877884 0.002214666 -0.1087108
-0.0191387 -0.01342898 -0.009533965 -0.026469 -0.04065874
-0.009974197 0.003136727 -0.01239209 -0.01354096 0.008218666
-0.0001700375 0.005362055 0.01780875 -0.005353617 0.06264871
0.002573659 -0.1489216 -0.01706948
-0.01220397 -0.006043886 0.000244309 0.004582552 0.01224306
0.004141891 -0.00185995 0.03974121 0.03208567 0.0008612781
-0.003049936 0.001506456 -0.001258669 -0.003134427 0.01594231
0.1877675 0.004874428 0.008760888 -0.01062435 -0.07177589
0.001191158 0.05879202 0.00328349 -0.008434534 0.001203796
-0.0106687 0.008486681 -0.004242099 -0.003362256 0.003665787
0.008810766 -0.003068162 0.00049499 0.005356187 0.005154248
-0.008357731 0.0002638806 -0.003141956
1.998024 1.982556 1.9975 1.988321 1.997171
1.988811 1.997454 0.1607882 1.989319 1.995003
1.981946 1.982957 1.992775 1.991399 1.995308
1.989628 1.992327 1.995615 1.174824 1.985821
1.977309 1.986509 1.996951 1.789324 1.999454
1.992847 1.98713 1.992573 1.991697 1.990864
1.988418 1.993131 1.99001 0.7237988 1.991554
0.7696768 1.977275
1.998024 1.982556 1.9975 1.988321 1.997171
1.988811 0.4073163 1.988042 1.989319 1.995003
1.981946 1.982957 1.992775 1.991399 0.2006905
1.989628 1.992327 1.995615 0.4241671 1.985821
0.7358994 1.986509 1.996951 1.99861 1.999454
1.992847 1.98713 1.992573 1.991697 1.990864
1.988418 1.993131 1.99001 1.988892 1.991554
1.908935 1.977275
0.2442593
0.1163833 0.009494891 0.005099701 -0.007445979 0.0009165197
0.001738943 -0.01745979 -0.0005738432 0.7567096 -0.01067959
-0.01066727 -0.007262166 0.005222723 0.004781464 0.0237876
0.01370377 0.007510193 0.005878043 0.002215936 -0.1087091
-0.01913876 -0.01342997 -0.009533128 -0.02646918 -0.04065836
-0.009973953 0.003135859 -0.01239145 -0.01354227 0.008219477
-0.0001701212 0.005362338 0.01780834 -0.005354092 0.06264937
0.002573877 -0.148922 -0.01706987
-0.01220438 -0.006044061 0.0002442696 0.004582581 0.01224318
0.00414194 -0.001860093 0.03974162 0.03208536 0.0008614024
-0.003049839 0.001506405 -0.001258607 -0.003134512 0.0159422
0.1877666 0.004874721 0.008760976 -0.0106243 -0.07177614
0.001191238 0.05879204 0.003283394 -0.008434583 0.001203989
-0.01066876 0.008486736 -0.004242062 -0.00336213 0.003665988
0.008810867 -0.003067965 0.0004949298 0.005356054 0.005154263
-0.00835795 0.0002639154 -0.003141798
1.998024 1.982556 1.9975 1.988321 1.997171
1.988811 1.997454 0.1607809 1.989319 1.995003
1.981946 1.982957 1.992775 1.991399 1.995308
1.989628 1.992327 1.995615 1.17446 1.985821
1.977309 1.986509 1.996951 1.789857 1.999454
1.992847 1.98713 1.992573 1.991697 1.990864
1.988418 1.993131 1.99001 0.7237496 1.991554
0.7696998 1.977275
1.998024 1.982556 1.9975 1.988321 1.997171
1.988811 0.4073105 1.988042 1.989319 1.995003
1.981946 1.982957 1.992775 1.991399 0.2006846
1.989628 1.992327 1.995615 0.4241896 1.985821
0.735901 1.986509 1.996951 1.99861 1.999454
1.992847 1.98713 1.992573 1.991697 1.990864
1.988418 1.993131 1.99001 1.988892 1.991554
1.908935 1.977275
0.2442608
0.1163834 0.00949487 0.005099707 -0.007445986 0.0009165196
0.001738925 -0.01745976 -0.0005738355 0.7567096 -0.01067959
-0.01066729 -0.007262156 0.005222727 0.004781435 0.02378761
0.01370375 0.007510198 0.005878044 0.002215924 -0.1087091
-0.01913873 -0.01343001 -0.009533142 -0.02646916 -0.04065836
-0.009973959 0.003135854 -0.01239149 -0.01354225 0.008219446
-0.000170165 0.005362344 0.01780839 -0.005354093 0.06264924
0.002573901 -0.1489221 -0.01706991
-0.01220408 -0.006043897 0.0002443301 0.004582557 0.01224305
0.004141869 -0.001859957 0.03974133 0.03208563 0.0008612743
-0.003049954 0.001506489 -0.001258656 -0.0031344 0.01594234
0.1877676 0.004874429 0.008760889 -0.01062433 -0.07177587
0.001191153 0.05879201 0.003283489 -0.008434539 0.001203773
-0.01066872 0.008486666 -0.004242066 -0.003362268 0.003665834
0.008810737 -0.003068141 0.0004949618 0.005356209 0.005154232
-0.008357699 0.0002638761 -0.003141976
1.998024 1.982556 1.9975 1.988321 1.997171
1.988811 1.997454 0.1607807 1.989319 1.995003
1.981946 1.982957 1.992775 1.991399 1.995308
1.989628 1.992327 1.995615 1.174467 1.985821
1.977309 1.986509 1.996951 1.789864 1.999454
1.992847 1.98713 1.992573 1.991697 1.990864
1.988418 1.993131 1.99001 0.7237527 1.991554
0.769702 1.977275
1.998024 1.982556 1.9975 1.988321 1.997171
1.988811 0.4073173 1.988042 1.989319 1.995003
1.981946 1.982957 1.992775 1.991399 0.2006927
1.989628 1.992327 1.995615 0.4241688 1.985821
0.7359019 1.986509 1.996951 1.99861 1.999454
1.992847 1.98713 1.992573 1.991697 1.990864
1.988418 1.993131 1.99001 1.988892 1.991554
1.908935 1.977275
0.2442688
0.116383 0.00949471 0.0050997 -0.007445992 0.0009165642
0.00173896 -0.01745967 -0.0005739122 0.7567109 -0.01067961
-0.01066738 -0.007262192 0.005223 0.004781072 0.02378767
0.01370349 0.007510344 0.005878133 0.002215972 -0.1087093
-0.01913865 -0.01342992 -0.009533279 -0.0264691 -0.0406584
-0.00997397 0.003135885 -0.01239159 -0.01354217 0.008219378
-0.0001702375 0.005362352 0.01780847 -0.005353936 0.06264896
0.00257371 -0.1489221 -0.0170698
-0.01220387 -0.006043714 0.0002443363 0.004582515 0.01224291
0.00414188 -0.001859813 0.03974066 0.03208601 0.0008612042
-0.003049922 0.001506515 -0.001258677 -0.003134347 0.01594239
0.1877675 0.004874213 0.008760791 -0.01062433 -0.07177554
0.001191146 0.0587921 0.003283558 -0.008434506 0.001203671
-0.01066863 0.008486743 -0.004242145 -0.003362349 0.00366552
0.008810749 -0.003068268 0.0004951121 0.005356247 0.005154329
-0.00835768 0.0002639163 -0.003142033
1.998024 1.982556 1.9975 1.988321 1.997171
1.988811 1.997454 0.1607838 1.989319 1.995003
1.981946 1.982957 1.992775 1.991399 1.995308
1.989628 1.992327 1.995615 1.174492 1.985821
1.977309 1.986509 1.996951 1.789833 1.999454
1.992847 1.98713 1.992573 1.991697 1.990864
1.988418 1.993131 1.99001 0.7237684 1.991554
0.7696953 1.977275
1.998024 1.982556 1.9975 1.988321 1.997171
1.988811 0.4073293 1.988042 1.989319 1.995003
1.981946 1.982957 1.992775 1.991399 0.2006917
1.989628 1.992327 1.995615 0.4241509 1.985821
0.7359063 1.986509 1.996951 1.99861 1.999454
1.992847 1.98713 1.992573 1.991697 1.990864
1.988418 1.993131 1.99001 1.988892 1.991554
1.908935 1.977275
0.2442396
0.1163853 0.009495014 0.005099985 -0.007446024 0.0009163157
0.001738835 -0.01745924 -0.0005736999 0.7567061 -0.01067981
-0.01066757 -0.007261629 0.005222075 0.004782156 0.02378754
0.01370409 0.007509949 0.005877913 0.002215897 -0.1087089
-0.01913857 -0.01343052 -0.009532605 -0.02646891 -0.04065844
-0.009974148 0.003135529 -0.01239138 -0.01354245 0.008219126
-0.0001704223 0.005362406 0.01780874 -0.005354499 0.06264805
0.002574495 -0.1489229 -0.0170702
-0.01220419 -0.006043899 0.0002443121 0.00458258 0.01224305
0.004141893 -0.001859968 0.03974117 0.03208562 0.0008613221
-0.003049873 0.001506469 -0.001258643 -0.003134441 0.01594232
0.1877671 0.004874489 0.008760892 -0.01062431 -0.07177589
0.001191176 0.058792 0.003283448 -0.008434548 0.001203837
-0.01066872 0.008486727 -0.004242073 -0.003362257 0.003665829
0.008810787 -0.00306807 0.0004950052 0.005356171 0.005154287
-0.008357822 0.0002639152 -0.003141914
1.998024 1.982556 1.9975 1.988321 1.997171
1.988811 1.997454 0.1607712 1.989319 1.995003
1.981946 1.982957 1.992775 1.991399 1.995308
1.989628 1.992327 1.995615 1.17439 1.985821
1.977309 1.986509 1.996951 1.789907 1.999454
1.992847 1.98713 1.992573 1.991697 1.990864
1.988418 1.993131 1.99001 0.723767 1.991554
0.769746 1.977275
1.998024 1.982556 1.9975 1.988321 1.997171
1.988811 0.4073205 1.988042 1.989319 1.995003
1.981946 1.982957 1.992775 1.991399 0.200689
1.989628 1.992327 1.995615 0.4241743 1.985821
0.7358968 1.986509 1.996951 1.99861 1.999454
1.992847 1.98713 1.992573 1.991697 1.990864
1.988418 1.993131 1.99001 1.988892 1.991554
1.908935 1.977275
0.3239697
0.0954385 0.02472018 0.0246628 -0.02302872 0.03266889
0.001779484 0.01758845 -0.01570428 0.7752533 0.01092624
-0.01128334 0.0161487 -0.0247886 -0.004618326 0.03280508
0.02459537 -0.01069403 0.00780047 -0.001397324 -0.06404749
-0.02803338 -0.0002874061 0.02737339 -0.04511462 -0.04333048
-0.02048799 -0.0004055853 -0.03441411 -0.05446697 0.003670079
0.003130066 0.01131753 0.01674931 -0.02996887 0.03154997
0.01588919 -0.14972 2.829633e-05
-0.01220427 -0.006043812 0.0002443592 0.00458267 0.01224298
0.004141826 -0.00185992 0.03974089 0.03208562 0.0008613314
-0.003049844 0.001506531 -0.001258664 -0.003134435 0.01594247
0.1877673 0.004874403 0.008760854 -0.01062428 -0.07177585
0.001191105 0.05879179 0.003283402 -0.008434535 0.001203771
-0.01066874 0.008486718 -0.004242005 -0.003362386 0.003665898
0.008810699 -0.003067997 0.0004950373 0.005356289 0.005154307
-0.008357796 0.0002639308 -0.003141968
1.998024 1.982556 1.9975 1.988321 1.997171
1.988811 1.997454 1.988042 0.1678416 1.995003
1.981946 0.85947 0.3468008 1.991399 0.1407794
1.989628 1.992327 1.995615 1.988922 1.985821
1.977309 1.986509 1.996951 1.99861 1.999454
1.992847 1.98713 1.992573 0.4000873 1.990864
1.988418 1.993131 0.1380875 1.988892 1.991554
1.908935 1.977275
1.998024 1.982556 1.9975 1.988321 1.997171
1.988811 0.4073308 1.988042 1.989319 1.995003
1.981946 1.982957 1.992775 1.991399 0.200693
1.989628 1.992327 1.995615 0.4241757 1.985821
0.7358751 1.986509 1.996951 1.99861 1.999454
1.992847 1.98713 1.992573 1.991697 1.990864
1.988418 1.993131 1.99001 1.988892 1.991554
1.908935 1.977275
0.2442503
0.1163815 0.009495315 0.005099968 -0.007446103 0.000916294
0.00173924 -0.01745944 -0.00057365 0.7567075 -0.01067951
-0.01066702 -0.007262046 0.005222071 0.00478236 0.02378759
0.01370433 0.007510221 0.005877983 0.002215744 -0.1087083
-0.01913929 -0.01342917 -0.009532097 -0.02646924 -0.04065884
-0.009974271 0.003136132 -0.01239073 -0.01354295 0.008219359
-0.0001693276 0.005362265 0.01780743 -0.005354209 0.06265094
0.002573646 -0.1489209 -0.01706908
-0.01220409 -0.0060439 0.0002443318 0.004582557 0.01224305
0.004141867 -0.001859958 0.03974135 0.03208563 0.0008612737
-0.003049957 0.001506491 -0.001258655 -0.003134397 0.01594234
0.1877676 0.004874429 0.00876089 -0.01062433 -0.07177587
0.001191153 0.05879201 0.003283489 -0.00843454 0.001203771
-0.01066872 0.008486664 -0.004242063 -0.003362268 0.003665839
0.008810735 -0.00306814 0.0004949582 0.005356211 0.005154229
-0.008357695 0.000263875 -0.003141977
1.998024 1.982556 1.9975 1.988321 1.997171
1.988811 1.997454 0.1607788 1.989319 1.995003
1.981946 1.982957 1.992775 1.991399 1.995308
1.989628 1.992327 1.995615 1.174333 1.985821
1.977309 1.986509 1.996951 1.789442 1.999454
1.992847 1.98713 1.992573 1.991697 1.990864
1.988418 1.993131 1.99001 0.7237132 1.991554
0.7697283 1.977275
1.998024 1.982556 1.9975 1.988321 1.997171
1.988811 0.4073172 1.988042 1.989319 1.995003
1.981946 1.982957 1.992775 1.991399 0.2006929
1.989628 1.992327 1.995615 0.4241689 1.985821
0.7359023 1.986509 1.996951 1.99861 1.999454
1.992847 1.98713 1.992573 1.991697 1.990864
1.988418 1.993131 1.99001 1.988892 1.991554
1.908935 1.977275
0.2442627
0.1163834 0.009495129 0.005099498 -0.007446087 0.0009164427
0.00173888 -0.01745984 -0.0005736978 0.7567079 -0.01067943
-0.01066687 -0.007262236 0.005222417 0.004781963 0.02378773
0.0137042 0.007510091 0.005878088 0.002215782 -0.1087092
-0.01913901 -0.01343009 -0.009532771 -0.02646929 -0.04065827
-0.009973992 0.003136249 -0.01239133 -0.01354262 0.008219547
-0.0001699537 0.005362432 0.01780767 -0.005354096 0.06265058
0.002573826 -0.1489217 -0.0170699
-0.01220414 -0.006043899 0.0002443327 0.004582543 0.01224304
0.004141873 -0.001859954 0.03974135 0.03208565 0.0008612701
-0.003049952 0.001506499 -0.001258644 -0.003134384 0.01594233
0.1877675 0.004874429 0.008760886 -0.01062432 -0.07177582
0.001191167 0.05879205 0.003283498 -0.008434543 0.001203769
-0.01066871 0.008486679 -0.004242068 -0.00336226 0.003665811
0.008810745 -0.003068144 0.0004949641 0.005356199 0.00515424
-0.008357702 0.0002638824 -0.003141974
1.998024 1.982556 1.9975 1.988321 1.997171
1.988811 1.997454 0.1607817 1.989319 1.995003
1.981946 1.982957 1.992775 1.991399 1.995308
1.989628 1.992327 1.995615 1.174479 1.985821
1.977309 1.986509 1.996951 1.78983 1.999454
1.992847 1.98713 1.992573 1.991697 1.990864
1.988418 1.993131 1.99001 0.7237137 1.991554
0.7697461 1.977275
1.998024 1.982556 1.9975 1.988321 1.997171
1.988811 0.4073181 1.988042 1.989319 1.995003
1.981946 1.982957 1.992775 1.991399 0.2006926
1.989628 1.992327 1.995615 0.4241684 1.985821
0.7359072 1.986509 1.996951 1.99861 1.999454
1.992847 1.98713 1.992573 1.991697 1.990864
1.988418 1.993131 1.99001 1.988892 1.991554
1.908935 1.977275
