0.2394433
0.1163845 0.009494715 0.005099471 -0.007446058 0.0009165187
0.001738745 -0.01745957 -0.0005738758 0.7567092 -0.01067962
-0.01066727 -0.007262051 0.005222883 0.004781297 0.02378782
0.01370367 0.007510192 0.00587823 0.002215977 -0.1087097
-0.01913853 -0.01343066 -0.009533215 -0.02646903 -0.04065814
-0.00997395 0.003136007 -0.01239183 -0.01354231 0.008219326
-0.0001706365 0.005362538 0.01780842 -0.005353966 0.06264868
0.002573904 -0.1489227 -0.01707028
-0.0122037 -0.006043876 0.0002442052 0.00458247 0.0122431
0.004142027 -0.001859941 0.03974082 0.03208586 0.0008613062
-0.003049823 0.00150632 -0.001258668 -0.003134517 0.01594214
0.1877665 0.004874497 0.008760887 -0.01062438 -0.07177586
0.001191254 0.05879224 0.003283512 -0.008434531 0.00120394
-0.01066861 0.008486815 -0.004242264 -0.00336213 0.003665511
0.008810964 -0.003068235 0.00049512 0.005356005 0.00515436
-0.008357951 0.000263934 -0.003141819
1.998024 1.982556 1.9975 1.988321 1.997171
1.988811 1.997454 0.1607834 1.989319 1.995003
1.981946 1.982957 1.992775 1.991399 1.995308
1.989628 1.992327 1.995615 1.174544 1.985821
1.977309 1.986509 1.996951 1.790021 1.999454
1.992847 1.98713 1.992573 1.991697 1.990864
1.988418 1.993131 1.99001 0.7237661 1.991554
0.7697482 1.977275
1.998024 1.982556 1.9975 1.988321 1.997171
1.988811 0.4073128 1.988042 1.989319 1.995003
1.981946 1.982957 1.992775 1.991399 0.200678
1.989628 1.992327 1.995615 0.4241621 1.985821
0.7359098 1.986509 1.996951 1.99861 1.999454
1.992847 1.98713 1.992573 1.991697 1.990864
1.988418 1.993131 1.99001 1.988892 1.991554
1.908935 1.977275
0.1420209
0.14397 0.01521019 0.01912611 -0.01825725 0.02684108
0.001486168 -0.00552914 -0.01523016 0.7900321 0.01829427
-0.01744713 0.000760584 -0.0294774 -0.01476868 0.02695339
0.0002274603 -0.01729111 0.008018009 -0.007856969 -0.08107152
-0.03029759 -0.001307227 0.007829443 -0.02964765 -0.03122621
-0.0293314 0.005757944 -0.029164 -0.05152893 0.008508901
0.01927486 0.0008892635 0.01266964 -0.03228761 0.04422825
0.003759276 -0.1499043 0.001499201
-0.01220441 -0.006043974 0.0002443247 0.004582575 0.01224308
0.004141884 -0.001860019 0.03974151 0.03208549 0.000861338
-0.003049893 0.001506492 -0.001258609 -0.00313442 0.0159423
0.1877671 0.004874567 0.008760923 -0.01062428 -0.07177593
0.001191199 0.05879203 0.003283439 -0.008434569 0.001203855
-0.01066875 0.008486712 -0.004242031 -0.003362219 0.00366593
0.008810781 -0.00306802 0.0004949389 0.005356152 0.005154256
-0.008357816 0.0002639077 -0.003141901
1.998024 1.982556 1.9975 0.7390005 1.997171
1.988811 1.997454 1.988042 1.989319 0.4592247
1.981946 1.982957 1.992775 1.991399 1.995308
1.989628 1.992327 1.995615 1.988922 1.985821
0.2911287 0.2443485 1.996951 0.5145914 1.999454
1.992847 1.98713 1.992573 1.991697 1.990864
1.405619 1.993131 1.99001 0.2088887 1.991554
1.908935 0.1224896
1.998024 1.982556 1.9975 1.988321 1.997171
1.988811 0.4073179 1.988042 1.989319 1.995003
1.981946 1.982957 1.992775 1.991399 0.2006903
1.989628 1.992327 1.995615 0.4241809 1.985821
0.7359052 1.986509 1.996951 1.99861 1.999454
1.992847 1.98713 1.992573 1.991697 1.990864
1.988418 1.993131 1.99001 1.988892 1.991554
1.908935 1.977275
0.239441
0.1163836 0.009494758 0.005099699 -0.007446033 0.0009164452
0.001738965 -0.01745933 -0.0005739499 0.756709 -0.01067972
-0.01066741 -0.007261859 0.005222807 0.004781462 0.02378772
0.01370368 0.007510258 0.005878228 0.002216092 -0.1087091
-0.0191386 -0.01343025 -0.009532892 -0.02646898 -0.04065842
-0.009974078 0.003135856 -0.01239154 -0.01354251 0.008219245
-0.0001703978 0.005362478 0.01780838 -0.005353996 0.06264862
0.002573766 -0.1489224 -0.01706987
-0.01220389 -0.006043864 0.0002443066 0.004582587 0.01224306
0.004141883 -0.001859943 0.03974108 0.03208566 0.0008612915
-0.003049918 0.001506444 -0.00125869 -0.003134458 0.01594234
0.1877675 0.004874418 0.008760885 -0.01062436 -0.07177594
0.001191131 0.05879192 0.003283466 -0.008434526 0.001203803
-0.01066871 0.008486675 -0.004242094 -0.003362287 0.003665813
0.008810753 -0.003068142 0.0004950067 0.005356211 0.005154252
-0.008357745 0.0002638815 -0.003141957
1.998024 1.982556 1.9975 1.988321 1.997171
1.988811 1.997454 0.1607825 1.989319 1.995003
1.981946 1.982957 1.992775 1.991399 1.995308
1.989628 1.992327 1.995615 1.174452 1.985821
1.977309 1.986509 1.996951 1.789862 1.999454
1.992847 1.98713 1.992573 1.991697 1.990864
1.988418 1.993131 1.99001 0.7237731 1.991554
0.7697366 1.977275
1.998024 1.982556 1.9975 1.988321 1.997171
1.988811 0.4073172 1.988042 1.989319 1.995003
1.981946 1.982957 1.992775 1.991399 0.2006904
1.989628 1.992327 1.995615 0.424168 1.985821
0.7358873 1.986509 1.996951 1.99861 1.999454
1.992847 1.98713 1.992573 1.991697 1.990864
1.988418 1.993131 1.99001 1.988892 1.991554
1.908935 1.977275
0.239444
0.1163797 0.009495953 0.005099374 -0.007446309 0.000916176
0.001739301 -0.01745987 -0.0005734265 0.7567048 -0.01067902
-0.01066582 -0.007262454 0.005221592 0.004783453 0.02378786
0.01370535 0.007510093 0.005878162 0.002215482 -0.1087082
-0.01914017 -0.01342888 -0.009531281 -0.02646972 -0.04065871
-0.00997429 0.003137238 -0.01239021 -0.01354393 0.008219818
-0.0001684786 0.005362421 0.01780533 -0.005354016 0.06265516
0.002573048 -0.1489191 -0.01706868
-0.01220407 -0.006043907 0.0002443281 0.004582549 0.01224306
0.004141872 -0.001859962 0.03974138 0.03208563 0.0008612705
-0.003049964 0.001506485 -0.001258656 -0.003134398 0.01594233
0.1877676 0.004874433 0.008760894 -0.01062433 -0.07177588
0.001191156 0.05879202 0.003283495 -0.00843454 0.001203774
-0.01066872 0.00848666 -0.004242069 -0.003362259 0.003665835
0.008810739 -0.003068151 0.0004949526 0.005356203 0.005154223
-0.008357689 0.0002638703 -0.003141976
1.998024 1.982556 1.9975 1.988321 1.997171
1.988811 1.997454 0.160786 1.989319 1.995003
1.981946 1.982957 1.992775 1.991399 1.995308
1.989628 1.992327 1.995615 1.17435 1.985821
1.977309 1.986509 1.996951 1.789264 1.999454
1.992847 1.98713 1.992573 1.991697 1.990864
1.988418 1.993131 1.99001 0.7236036 1.991554
0.7698071 1.977275
1.998024 1.982556 1.9975 1.988321 1.997171
1.988811 0.4073159 1.988042 1.989319 1.995003
1.981946 1.982957 1.992775 1.991399 0.2006927
1.989628 1.992327 1.995615 0.4241685 1.985821
0.7359038 1.986509 1.996951 1.99861 1.999454
1.992847 1.98713 1.992573 1.991697 1.990864
1.988418 1.993131 1.99001 1.988892 1.991554
1.908935 1.977275
0.2394384
0.1163801 0.00949452 0.005100303 -0.007445835 0.0009168628
0.001739181 -0.01746032 -0.0005737496 0.7567176 -0.01067944
-0.0106678 -0.007263032 0.005223423 0.004779786 0.02378731
0.01370267 0.007510772 0.005877641 0.002215536 -0.108709
-0.01913877 -0.01342816 -0.009534234 -0.02646931 -0.04065887
-0.009973862 0.003135571 -0.01239144 -0.01354097 0.008219466
-0.0001694623 0.005361738 0.01780926 -0.005353929 0.06264897
0.002573639 -0.148921 -0.01706905
-0.01220416 -0.006043908 0.0002443344 0.004582572 0.01224306
0.004141864 -0.001859968 0.03974136 0.03208559 0.000861289
-0.003049942 0.001506495 -0.00125865 -0.003134405 0.01594234
0.1877675 0.004874451 0.008760895 -0.01062432 -0.07177589
0.001191153 0.05879198 0.003283472 -0.008434544 0.001203783
-0.01066873 0.008486669 -0.004242049 -0.003362272 0.003665871
0.008810734 -0.003068107 0.0004949553 0.005356212 0.005154234
-0.008357716 0.0002638814 -0.003141967
1.998024 1.982556 1.9975 1.988321 1.997171
1.988811 1.997454 0.1607826 1.989319 1.995003
1.981946 1.982957 1.992775 1.991399 1.995308
1.989628 1.992327 1.995615 1.174509 1.985821
1.977309 1.986509 1.996951 1.789455 1.999454
1.992847 1.98713 1.992573 1.991697 1.990864
1.988418 1.993131 1.99001 0.7237867 1.991554
0.7695244 1.977275
1.998024 1.982556 1.9975 1.988321 1.997171
1.988811 0.407318 1.988042 1.989319 1.995003
1.981946 1.982957 1.992775 1.991399 0.2006928
1.989628 1.992327 1.995615 0.4241717 1.985821
0.7358997 1.986509 1.996951 1.99861 1.999454
1.992847 1.98713 1.992573 1.991697 1.990864
1.988418 1.993131 1.99001 1.988892 1.991554
1.908935 1.977275
0.2394398
0.1163844 0.009496224 0.005098705 -0.007445553 0.0009161886
0.001739336 -0.01746097 -0.000574531 0.7566976 -0.01067969
-0.01066582 -0.007261266 0.005221703 0.004784963 0.02378708
0.01370621 0.007508845 0.005878264 0.002217341 -0.1087068
-0.01913959 -0.01343102 -0.00953176 -0.02647001 -0.04065755
-0.009973443 0.003135575 -0.01239025 -0.01354452 0.008221217
-0.0001694635 0.005362756 0.01780616 -0.00535463 0.06265421
0.002573821 -0.148921 -0.01707028
-0.01220419 -0.006043834 0.0002444532 0.004582642 0.01224297
0.004141706 -0.00185991 0.03974155 0.03208555 0.0008612021
-0.003050103 0.001506647 -0.001258686 -0.003134282 0.01594258
0.1877689 0.004874243 0.008760856 -0.01062431 -0.07177581
0.001191014 0.05879173 0.003283495 -0.008434521 0.001203551
-0.01066879 0.008486503 -0.004241905 -0.003362457 0.003666055
0.008810487 -0.003068132 0.0004948531 0.005356457 0.00515411
-0.00835739 0.0002638073 -0.00314218
1.998024 1.982556 1.9975 1.988321 1.997171
1.988811 1.997454 0.1607763 1.989319 1.995003
1.981946 1.982957 1.992775 1.991399 1.995308
1.989628 1.992327 1.995615 1.174021 1.985821
1.977309 1.986509 1.996951 1.790537 1.999454
1.992847 1.98713 1.992573 1.991697 1.990864
1.988418 1.993131 1.99001 0.7235754 1.991554
0.7697605 1.977275
1.998024 1.982556 1.9975 1.988321 1.997171
1.988811 0.4073234 1.988042 1.989319 1.995003
1.981946 1.982957 1.992775 1.991399 0.2007079
1.989628 1.992327 1.995615 0.4241658 1.985821
0.7358867 1.986509 1.996951 1.99861 1.999454
1.992847 1.98713 1.992573 1.991697 1.990864
1.988418 1.993131 1.99001 1.988892 1.991554
1.908935 1.977275
0.2394426
0.116384 0.009495027 0.005098955 -0.007446227 0.000916954
0.001738108 -0.01746145 -0.0005729619 0.7567138 -0.01067857
-0.01066621 -0.007264063 0.005222785 0.004780464 0.02378799
0.01370379 0.007510226 0.005877658 0.002214528 -0.1087113
-0.01913918 -0.01342999 -0.009534597 -0.02646983 -0.04065757
-0.00997347 0.003137185 -0.0123922 -0.01354094 0.008219947
-0.0001698823 0.005362154 0.01780773 -0.00535391 0.06265241
0.002574191 -0.1489212 -0.01707073
-0.0122041 -0.006043901 0.0002443011 0.004582554 0.01224306
0.004141907 -0.001859964 0.03974119 0.03208565 0.0008613061
-0.003049891 0.001506453 -0.001258648 -0.003134439 0.01594229
0.1877671 0.004874479 0.008760893 -0.01062432 -0.07177588
0.001191185 0.05879205 0.003283471 -0.008434544 0.001203836
-0.0106687 0.008486722 -0.004242099 -0.003362236 0.003665786
0.008810801 -0.003068115 0.0004950052 0.005356153 0.00515428
-0.008357805 0.0002639059 -0.003141916
1.998024 1.982556 1.9975 1.988321 1.997171
1.988811 1.997454 0.1607863 1.989319 1.995003
1.981946 1.982957 1.992775 1.991399 1.995308
1.989628 1.992327 1.995615 1.17493 1.985821
1.977309 1.986509 1.996951 1.789974 1.999454
1.992847 1.98713 1.992573 1.991697 1.990864
1.988418 1.993131 1.99001 0.7236613 1.991554
0.769684 1.977275
1.998024 1.982556 1.9975 1.988321 1.997171
1.988811 0.407318 1.988042 1.989319 1.995003
1.981946 1.982957 1.992775 1.991399 0.2006884
1.989628 1.992327 1.995615 0.4241711 1.985821
0.7359015 1.986509 1.996951 1.99861 1.999454
1.992847 1.98713 1.992573 1.991697 1.990864
1.988418 1.993131 1.99001 1.988892 1.991554
1.908935 1.977275
0.2394406
0.1163837 0.009494695 0.005099691 -0.007445982 0.0009165376
0.001738902 -0.01745959 -0.0005739346 0.7567101 -0.01067968
-0.01066745 -0.007262046 0.00522294 0.004781177 0.02378767
0.01370353 0.007510263 0.005878141 0.002216038 -0.1087093
-0.01913854 -0.01343021 -0.009533256 -0.02646904 -0.04065833
-0.009973966 0.00313578 -0.01239167 -0.0135422 0.008219339
-0.000170429 0.005362404 0.01780863 -0.005354006 0.06264851
0.002573858 -0.1489225 -0.01707
-0.01220409 -0.006043862 0.0002443359 0.00458255 0.01224302
0.004141868 -0.001859929 0.03974121 0.0320857 0.0008612631
-0.003049943 0.001506503 -0.001258654 -0.003134383 0.01594235
0.1877675 0.004874389 0.008760869 -0.01062432 -0.07177579
0.001191155 0.05879203 0.0032835 -0.008434535 0.001203751
-0.0106687 0.008486687 -0.004242075 -0.003362286 0.003665776
0.008810738 -0.003068155 0.0004949911 0.005356218 0.005154255
-0.0083577 0.0002638887 -0.003141986
1.998024 1.982556 1.9975 1.988321 1.997171
1.988811 1.997454 0.1607822 1.989319 1.995003
1.981946 1.982957 1.992775 1.991399 1.995308
1.989628 1.992327 1.995615 1.174486 1.985821
1.977309 1.986509 1.996951 1.789921 1.999454
1.992847 1.98713 1.992573 1.991697 1.990864
1.988418 1.993131 1.99001 0.723775 1.991554
0.7697074 1.977275
1.998024 1.982556 1.9975 1.988321 1.997171
1.988811 0.4073206 1.988042 1.989319 1.995003
1.981946 1.982957 1.992775 1.991399 0.2006926
1.989628 1.992327 1.995615 0.424166 1.985821
0.7359037 1.986509 1.996951 1.99861 1.999454
1.992847 1.98713 1.992573 1.991697 1.990864
1.988418 1.993131 1.99001 1.988892 1.991554
1.908935 1.977275
0.2394505
0.1163803 0.009493502 0.005098063 -0.007446574 0.0009169399
0.001738617 -0.01745917 -0.0005742915 0.7567198 -0.01067905
-0.01066648 -0.007263105 0.0052255 0.004778297 0.02378924
0.01370199 0.007511563 0.005879661 0.002215947 -0.1087125
-0.01913845 -0.01343073 -0.009534162 -0.02646895 -0.0406578
-0.009973958 0.003138238 -0.0123932 -0.01354246 0.008219001
-0.0001713195 0.005363157 0.0178068 -0.005351807 0.06265011
0.00257131 -0.1489218 -0.01706969
-0.012204 -0.006043798 0.0002443487 0.004582554 0.01224297
0.004141852 -0.001859881 0.03974101 0.0320858 0.0008612354
-0.003049952 0.001506521 -0.001258671 -0.003134364 0.0159424
0.1877677 0.004874302 0.008760837 -0.01062433 -0.07177571
0.001191129 0.05879201 0.003283517 -0.008434521 0.001203698
-0.01066868 0.008486684 -0.004242082 -0.003362335 0.003665716
0.00881071 -0.003068194 0.000495024 0.005356261 0.005154266
-0.008357657 0.000263889 -0.003142027
1.998024 1.982556 1.9975 1.988321 1.997171
1.988811 1.997454 0.1608302 1.989319 1.995003
1.981946 1.982957 1.992775 1.991399 1.995308
1.989628 1.992327 1.995615 1.175092 1.985821
1.977309 1.986509 1.996951 1.78984 1.999454
1.992847 1.98713 1.992573 1.991697 1.990864
1.988418 1.993131 1.99001 0.7238091 1.991554
0.7698624 1.977275
1.998024 1.982556 1.9975 1.988321 1.997171
1.988811 0.4073243 1.988042 1.989319 1.995003
1.981946 1.982957 1.992775 1.991399 0.200694
1.989628 1.992327 1.995615 0.4241603 1.985821
0.7359004 1.986509 1.996951 1.99861 1.999454
1.992847 1.98713 1.992573 1.991697 1.990864
1.988418 1.993131 1.99001 1.988892 1.991554
1.908935 1.977275
0.2394406
0.1163845 0.009494724 0.005099348 -0.007446015 0.0009165634
0.001738739 -0.01745978 -0.000573939 0.7567094 -0.01067959
-0.01066717 -0.007262125 0.005222992 0.004781265 0.0237878
0.01370369 0.007510153 0.005878253 0.002216054 -0.1087097
-0.01913855 -0.0134307 -0.00953336 -0.02646912 -0.04065802
-0.009973852 0.003136017 -0.01239186 -0.01354229 0.00821949
-0.0001706334 0.005362548 0.01780836 -0.005353927 0.06264899
0.002573849 -0.1489227 -0.01707035
-0.01220404 -0.006043948 0.0002443176 0.004582557 0.01224311
0.004141876 -0.001859995 0.03974151 0.03208555 0.000861285
-0.003049975 0.001506462 -0.001258661 -0.003134423 0.0159423
0.1877676 0.004874481 0.008760919 -0.01062435 -0.07177598
0.001191154 0.05879199 0.003283481 -0.008434544 0.001203804
-0.01066873 0.008486636 -0.004242064 -0.003362235 0.003665898
0.008810742 -0.003068138 0.0004949215 0.005356189 0.005154196
-0.008357693 0.0002638555 -0.00314196
1.998024 1.982556 1.9975 1.988321 1.997171
1.988811 1.997454 0.1607847 1.989319 1.995003
1.981946 1.982957 1.992775 1.991399 1.995308
1.989628 1.992327 1.995615 1.17455 1.985821
1.977309 1.986509 1.996951 1.790094 1.999454
1.992847 1.98713 1.992573 1.991697 1.990864
1.988418 1.993131 1.99001 0.7237572 1.991554
0.7697394 1.977275
1.998024 1.982556 1.9975 1.988321 1.997171
1.988811 0.4073117 1.988042 1.989319 1.995003
1.981946 1.982957 1.992775 1.991399 0.2006924
1.989628 1.992327 1.995615 0.4241716 1.985821
0.735901 1.986509 1.996951 1.99861 1.999454
1.992847 1.98713 1.992573 1.991697 1.990864
1.988418 1.993131 1.99001 1.988892 1.991554
1.908935 1.977275
0.2394415
0.1163836 0.009494758 0.005100137 -0.007445895 0.0009163704
0.001739163 -0.01745908 -0.0005740735 0.7567083 -0.01068001
-0.01066788 -0.007261459 0.005222638 0.00478166 0.02378743
0.01370362 0.007510194 0.005878073 0.002216325 -0.1087084
-0.01913845 -0.01343002 -0.009532721 -0.02646883 -0.04065869
-0.009974162 0.003135224 -0.0123913 -0.01354249 0.008219137
-0.0001703552 0.00536235 0.01780899 -0.005354264 0.06264744
0.002574016 -0.1489227 -0.0170697
-0.01220345 -0.006043672 0.000244283 0.004582495 0.01224294
0.00414193 -0.001859785 0.03974036 0.03208613 0.0008611931
-0.003049907 0.001506426 -0.001258727 -0.003134414 0.01594234
0.1877675 0.004874177 0.008760784 -0.0106244 -0.07177559
0.00119114 0.05879211 0.003283577 -0.008434483 0.001203708
-0.01066858 0.008486752 -0.004242238 -0.003362327 0.003665389
0.008810804 -0.003068362 0.0004951768 0.005356208 0.005154349
-0.008357713 0.0002639093 -0.003142009
1.998024 1.982556 1.9975 1.988321 1.997171
1.988811 1.997454 0.1607758 1.989319 1.995003
1.981946 1.982957 1.992775 1.991399 1.995308
1.989628 1.992327 1.995615 1.174308 1.985821
1.977309 1.986509 1.996951 1.789816 1.999454
1.992847 1.98713 1.992573 1.991697 1.990864
1.988418 1.993131 1.99001 0.7238004 1.991554
0.7696972 1.977275
1.998024 1.982556 1.9975 1.988321 1.997171
1.988811 0.4073249 1.988042 1.989319 1.995003
1.981946 1.982957 1.992775 1.991399 0.2006872
1.989628 1.992327 1.995615 0.4241431 1.985821
0.7358987 1.986509 1.996951 1.99861 1.999454
1.992847 1.98713 1.992573 1.991697 1.990864
1.988418 1.993131 1.99001 1.988892 1.991554
1.908935 1.977275
0.2394407
0.1163822 0.009495542 0.005099697 -0.007445852 0.0009162516
0.001739393 -0.01745983 -0.0005740725 0.7567045 -0.01067971
-0.01066684 -0.007261621 0.005222047 0.004783148 0.02378732
0.01370481 0.007509801 0.00587808 0.002216452 -0.1087075
-0.0191393 -0.01342965 -0.009531978 -0.02646942 -0.04065853
-0.00997402 0.003135692 -0.01239051 -0.01354347 0.00821994
-0.0001693854 0.00536239 0.01780727 -0.005354365 0.06265147
0.00257367 -0.148921 -0.01706934
-0.01220409 -0.006043881 0.0002443329 0.004582559 0.01224304
0.004141867 -0.001859945 0.03974127 0.03208566 0.0008612724
-0.003049946 0.001506495 -0.001258656 -0.003134396 0.01594235
0.1877675 0.004874413 0.008760881 -0.01062432 -0.07177584
0.001191151 0.05879201 0.00328349 -0.008434537 0.001203765
-0.01066871 0.008486675 -0.004242067 -0.003362279 0.003665816
0.008810736 -0.003068141 0.0004949753 0.005356216 0.005154242
-0.008357703 0.0002638822 -0.003141979
1.998024 1.982556 1.9975 1.988321 1.997171
1.988811 1.997454 0.1607772 1.989319 1.995003
1.981946 1.982957 1.992775 1.991399 1.995308
1.989628 1.992327 1.995615 1.174174 1.985821
1.977309 1.986509 1.996951 1.789787 1.999454
1.992847 1.98713 1.992573 1.991697 1.990864
1.988418 1.993131 1.99001 0.7236848 1.991554
0.7697185 1.977275
1.998024 1.982556 1.9975 1.988321 1.997171
1.988811 0.4073189 1.988042 1.989319 1.995003
1.981946 1.982957 1.992775 1.991399 0.2006927
1.989628 1.992327 1.995615 0.424168 1.985821
0.7359013 1.986509 1.996951 1.99861 1.999454
1.992847 1.98713 1.992573 1.991697 1.990864
1.988418 1.993131 1.99001 1.988892 1.991554
1.908935 1.977275
0.2394416
0.116382 0.009495346 0.005099196 -0.007446005 0.0009164601
0.001739081 -0.01746026 -0.0005739004 0.7567074 -0.01067932
-0.01066641 -0.007262336 0.00522254 0.004782318 0.02378769
0.01370452 0.007510015 0.005878223 0.00221606 -0.1087087
-0.01913935 -0.01342983 -0.009532637 -0.02646959 -0.04065818
-0.009973851 0.003136434 -0.01239104 -0.01354307 0.008220029
-0.0001695437 0.005362469 0.01780689 -0.005353949 0.06265243
0.002573374 -0.1489208 -0.01706962
-0.01220439 -0.006044023 0.0002443322 0.004582533 0.01224312
0.004141878 -0.001860042 0.03974184 0.03208545 0.0008613035
-0.003049973 0.0015065 -0.001258603 -0.003134381 0.01594226
0.1877674 0.004874569 0.008760942 -0.01062429 -0.07177594
0.001191206 0.0587921 0.003283478 -0.008434572 0.001203826
-0.01066875 0.008486658 -0.004242027 -0.003362183 0.003665957
0.00881076 -0.003068076 0.0004948706 0.005356148 0.005154193
-0.008357721 0.0002638689 -0.003141932
1.998024 1.982556 1.9975 1.988321 1.997171
1.988811 1.997454 0.1607867 1.989319 1.995003
1.981946 1.982957 1.992775 1.991399 1.995308
1.989628 1.992327 1.995615 1.174416 1.985821
1.977309 1.986509 1.996951 1.789849 1.999454
1.992847 1.98713 1.992573 1.991697 1.990864
1.988418 1.993131 1.99001 0.723669 1.991554
0.7697367 1.977275
1.998024 1.982556 1.9975 1.988321 1.997171
1.988811 0.4073117 1.988042 1.989319 1.995003
1.981946 1.982957 1.992775 1.991399 0.2006928
1.989628 1.992327 1.995615 0.4241787 1.985821
0.7359176 1.986509 1.996951 1.99861 1.999454
1.992847 1.98713 1.992573 1.991697 1.990864
1.988418 1.993131 1.99001 1.988892 1.991554
1.908935 1.977275
0.2394423
0.1163849 0.00949515 0.005099171 -0.007445779 0.0009163983
0.001739022 -0.01745999 -0.0005743519 0.7567047 -0.01067982
-0.01066692 -0.007261494 0.005222652 0.0047826 0.02378748
0.01370448 0.007509654 0.005878344 0.002216816 -0.1087084
-0.01913872 -0.01343105 -0.009532749 -0.02646931 -0.04065786
-0.009973714 0.003135565 -0.01239132 -0.01354319 0.008220059
-0.0001704587 0.005362685 0.01780787 -0.005354192 0.06264997
0.002573852 -0.1489225 -0.01707039
-0.01220385 -0.006043789 0.000244313 0.004582508 0.01224298
0.0041419 -0.001859869 0.03974089 0.0320859 0.0008612261
-0.003049935 0.001506474 -0.001258675 -0.003134382 0.01594233
0.1877675 0.004874301 0.008760833 -0.01062435 -0.07177567
0.001191162 0.05879211 0.003283546 -0.008434516 0.00120373
-0.01066864 0.00848672 -0.00424215 -0.003362289 0.003665591
0.008810775 -0.003068255 0.0004950658 0.0053562 0.005154295
-0.008357701 0.0002638979 -0.003141995
1.998024 1.982556 1.9975 1.988321 1.997171
1.988811 1.997454 0.1607811 1.989319 1.995003
1.981946 1.982957 1.992775 1.991399 1.995308
1.989628 1.992327 1.995615 1.174307 1.985821
1.977309 1.986509 1.996951 1.790343 1.999454
1.992847 1.98713 1.992573 1.991697 1.990864
1.988418 1.993131 1.99001 0.7237148 1.991554
0.7697469 1.977275
1.998024 1.982556 1.9975 1.988321 1.997171
1.988811 0.407322 1.988042 1.989319 1.995003
1.981946 1.982957 1.992775 1.991399 0.2006902
1.989628 1.992327 1.995615 0.4241555 1.985821
0.7359074 1.986509 1.996951 1.99861 1.999454
1.992847 1.98713 1.992573 1.991697 1.990864
1.988418 1.993131 1.99001 1.988892 1.991554
1.908935 1.977275
0.2403953
0.1163793 0.00949472 0.00509885 -0.007445783 0.0009166833
0.001739539 -0.01746027 -0.0005747952 0.7567124 -0.01067956
-0.01066659 -0.00726221 0.005224134 0.004781068 0.02378774
0.01370356 0.00751048 0.005878859 0.002217064 -0.1087085
-0.01913908 -0.0134295 -0.009533236 -0.02646957 -0.04065817
-0.009973651 0.00313628 -0.01239128 -0.01354327 0.008220336
-0.0001697737 0.005362608 0.01780692 -0.005353128 0.06265201
0.002572091 -0.1489204 -0.01706904
-0.012204 -0.006043881 0.0002443265 0.00458256 0.01224305
0.004141869 -0.001859945 0.03974126 0.03208566 0.0008612683
-0.003049957 0.00150648 -0.00125867 -0.003134408 0.01594234
0.1877676 0.004874407 0.008760884 -0.01062434 -0.07177587
0.001191142 0.05879199 0.003283492 -0.008434533 0.001203767
-0.01066871 0.00848666 -0.004242076 -0.003362279 0.003665818
0.008810733 -0.003068159 0.0004949727 0.005356218 0.005154231
-0.00835769 0.0002638719 -0.003141983
1.998024 1.982556 1.9975 1.988321 1.997171
1.988811 1.997454 0.1608047 1.989319 1.995003
1.981946 1.982957 1.992775 1.991399 1.995308
1.989628 1.992327 1.995615 1.174382 1.985821
1.977309 1.986509 1.996951 1.789942 1.999454
1.992847 1.98713 1.992573 1.991697 1.990864
1.988418 1.993131 1.99001 0.7237165 1.991554
0.769679 1.977275
1.998024 1.982556 1.9975 1.988321 1.997171
1.988811 0.4073171 1.988042 1.989319 1.995003
1.981946 1.982957 1.992775 1.991399 0.2006926
1.989628 1.992327 1.995615 0.4241669 1.985821
0.7358986 1.986509 1.996951 1.99861 1.999454
1.992847 1.98713 1.992573 1.991697 1.990864
1.988418 1.993131 1.99001 1.988892 1.991554
1.908935 1.977275
0.2403936
0.1163866 0.009496813 0.005097362 -0.007445596 0.0009167402
0.001738292 -0.01746393 -0.0005736842 0.7566994 -0.01067843
-0.01066404 -0.0072635 0.005221542 0.004784699 0.02378725
0.01370698 0.007508288 0.005877714 0.002216086 -0.108709
-0.01914027 -0.01343162 -0.009533672 -0.02647121 -0.04065603
-0.009972435 0.003136897 -0.01239096 -0.0135432 0.008222635
-0.0001690984 0.005362597 0.01780509 -0.005354701 0.06265939
0.002574486 -0.1489198 -0.01707188
-0.01220409 -0.00604389 0.000244332 0.004582556 0.01224305
0.004141868 -0.001859951 0.0397413 0.03208565 0.0008612722
-0.003049951 0.001506493 -0.001258655 -0.003134395 0.01594234
0.1877676 0.00487442 0.008760885 -0.01062433 -0.07177585
0.001191154 0.05879201 0.003283491 -0.008434539 0.001203768
-0.01066871 0.008486671 -0.004242067 -0.003362273 0.003665822
0.008810737 -0.003068143 0.0004949679 0.005356212 0.005154237
-0.008357699 0.0002638791 -0.003141978
1.998024 1.982556 1.9975 1.988321 1.997171
1.988811 1.997454 0.1607792 1.989319 1.995003
1.981946 1.982957 1.992775 1.991399 1.995308
1.989628 1.992327 1.995615 1.174487 1.985821
1.977309 1.986509 1.996951 1.791124 1.999454
1.992847 1.98713 1.992573 1.991697 1.990864
1.988418 1.993131 1.99001 0.7234036 1.991554
0.7697222 1.977275
1.998024 1.982556 1.9975 1.988321 1.997171
1.988811 0.4073181 1.988042 1.989319 1.995003
1.981946 1.982957 1.992775 1.991399 0.2006927
1.989628 1.992327 1.995615 0.4241683 1.985821
0.7359023 1.986509 1.996951 1.99861 1.999454
1.992847 1.98713 1.992573 1.991697 1.990864
1.988418 1.993131 1.99001 1.988892 1.991554
1.908935 1.977275
0.2403895
0.1163896 0.009495041 0.005098761 -0.007445588 0.0009165016
0.001738482 -0.0174605 -0.0005744828 0.7567021 -0.01067999
-0.01066704 -0.007261246 0.00522266 0.004782717 0.02378736
0.01370461 0.007509069 0.005878263 0.002217124 -0.1087091
-0.0191381 -0.01343285 -0.009533562 -0.02646928 -0.04065699
-0.009973275 0.003135001 -0.01239205 -0.01354273 0.008220367
-0.0001715949 0.005362895 0.0178089 -0.005354544 0.06264821
0.002574817 -0.1489245 -0.01707199
-0.01220394 -0.006043855 0.0002443268 0.004582544 0.01224303
0.004141872 -0.001859923 0.03974119 0.03208572 0.0008612492
-0.003049964 0.001506483 -0.001258674 -0.003134394 0.01594235
0.1877677 0.004874367 0.008760869 -0.01062435 -0.07177582
0.001191142 0.05879202 0.003283512 -0.008434527 0.001203745
-0.0106687 0.008486665 -0.004242093 -0.003362286 0.00366576
0.008810734 -0.003068195 0.0004949904 0.005356222 0.005154239
-0.008357671 0.0002638723 -0.003141998
1.998024 1.982556 1.9975 1.988321 1.997171
1.988811 1.997454 0.1607739 1.989319 1.995003
1.981946 1.982957 1.992775 1.991399 1.995308
1.989628 1.992327 1.995615 1.174378 1.985821
1.977309 1.986509 1.996951 1.791118 1.999454
1.992847 1.98713 1.992573 1.991697 1.990864
1.988418 1.993131 1.99001 0.7237254 1.991554
0.7697594 1.977275
1.998024 1.982556 1.9975 1.988321 1.997171
1.988811 0.407318 1.988042 1.989319 1.995003
1.981946 1.982957 1.992775 1.991399 0.2006927
1.989628 1.992327 1.995615 0.424163 1.985821
0.7359014 1.986509 1.996951 1.99861 1.999454
1.992847 1.98713 1.992573 1.991697 1.990864
1.988418 1.993131 1.99001 1.988892 1.991554
1.908935 1.977275
0.2403847
0.1163762 0.009494809 0.005101805 -0.007446037 0.000916641
0.00173968 -0.01745946 -0.0005730179 0.7567196 -0.01067939
-0.01066846 -0.007263239 0.005222392 0.004779893 0.02378703
0.01370253 0.007511302 0.005876949 0.002214502 -0.1087079
-0.01913933 -0.0134256 -0.009533222 -0.0264691 -0.04066036
-0.009974607 0.00313545 -0.01239035 -0.01354065 0.008218569
-0.0001679638 0.005361046 0.01780944 -0.005354362 0.06264893
0.00257379 -0.1489192 -0.01706729
-0.01220404 -0.0060439 0.0002443275 0.004582569 0.01224306
0.004141866 -0.001859961 0.03974133 0.03208561 0.0008612788
-0.003049956 0.00150648 -0.001258666 -0.003134414 0.01594234
0.1877676 0.004874432 0.008760894 -0.01062434 -0.07177591
0.001191142 0.05879197 0.003283481 -0.008434537 0.001203778
-0.01066872 0.008486654 -0.004242064 -0.003362273 0.003665856
0.008810731 -0.003068138 0.0004949577 0.005356216 0.005154223
-0.008357696 0.0002638701 -0.003141976
1.998024 1.982556 1.9975 1.988321 1.997171
1.988811 1.997454 0.1607702 1.989319 1.995003
1.981946 1.982957 1.992775 1.991399 1.995308
1.989628 1.992327 1.995615 1.17435 1.985821
1.977309 1.986509 1.996951 1.788328 1.999454
1.992847 1.98713 1.992573 1.991697 1.990864
1.988418 1.993131 1.99001 0.7238079 1.991554
0.7694486 1.977275
1.998024 1.982556 1.9975 1.988321 1.997171
1.988811 0.4073163 1.988042 1.989319 1.995003
1.981946 1.982957 1.992775 1.991399 0.2006927
1.989628 1.992327 1.995615 0.4241694 1.985821
0.7358975 1.986509 1.996951 1.99861 1.999454
1.992847 1.98713 1.992573 1.991697 1.990864
1.988418 1.993131 1.99001 1.988892 1.991554
1.908935 1.977275
0.2403908
0.1163788 0.009493925 0.005098843 -0.007444621 0.000917014
0.001740499 -0.01746093 -0.000576951 0.7567153 -0.01068082
-0.01066789 -0.007260817 0.005226289 0.004780194 0.0237866
0.01370239 0.007510211 0.005879313 0.002219998 -0.108706
-0.01913794 -0.0134298 -0.009534667 -0.02646955 -0.04065785
-0.009972809 0.003133579 -0.01239133 -0.01354328 0.008221603
-0.000170646 0.005362603 0.01780917 -0.00535296 0.06264827
0.002571485 -0.1489218 -0.0170691
-0.01220461 -0.006044035 0.0002443567 0.004582594 0.01224311
0.004141844 -0.001860063 0.03974187 0.03208534 0.0008613442
-0.003049938 0.001506535 -0.00125859 -0.00313439 0.01594232
0.1877673 0.004874611 0.00876095 -0.01062426 -0.07177599
0.001191187 0.05879198 0.003283423 -0.008434583 0.001203836
-0.01066879 0.00848666 -0.004241961 -0.003362222 0.003666083
0.008810727 -0.003067967 0.0004948544 0.005356184 0.005154199
-0.008357755 0.0002638846 -0.003141924
1.998024 1.982556 1.9975 1.988321 1.997171
1.988811 1.997454 0.1608092 1.989319 1.995003
1.981946 1.982957 1.992775 1.991399 1.995308
1.989628 1.992327 1.995615 1.173888 1.985821
1.977309 1.986509 1.996951 1.790874 1.999454
1.992847 1.98713 1.992573 1.991697 1.990864
1.988418 1.993131 1.99001 0.7238224 1.991554
0.7694333 1.977275
1.998024 1.982556 1.9975 1.988321 1.997171
1.988811 0.4073159 1.988042 1.989319 1.995003
1.981946 1.982957 1.992775 1.991399 0.2006943
1.989628 1.992327 1.995615 0.4241872 1.985821
0.7359072 1.986509 1.996951 1.99861 1.999454
1.992847 1.98713 1.992573 1.991697 1.990864
1.988418 1.993131 1.99001 1.988892 1.991554
1.908935 1.977275
0.02658967
0.1162737 0.0228219 0.01861498 -0.02820981 0.03272222
-0.002937284 0.01126741 -0.02289236 0.777289 0.009193881
-0.01628157 0.004732749 -0.02436304 -0.01234048 0.02738845
0.003007719 -0.02133662 0.003293241 0.005971793 -0.07293075
-0.03000093 0.007410873 0.01449146 -0.03874919 -0.04093531
-0.02209488 0.007000351 -0.02789764 -0.04922979 0.002096166
0.01453692 0.02071985 0.00793633 -0.02989008 0.03232144
0.01684502 -0.1297545 0.004945545
-0.01220434 -0.006043933 0.0002443418 0.004582575 0.01224305
0.004141862 -0.001859987 0.03974144 0.03208555 0.0008613076
-0.003049922 0.001506514 -0.001258624 -0.003134394 0.01594234
0.1877673 0.004874494 0.008760902 -0.01062429 -0.07177587
0.001191173 0.05879201 0.003283458 -0.008434557 0.001203799
-0.01066874 0.00848669 -0.004242027 -0.003362259 0.003665904
0.008810743 -0.003068059 0.000494944 0.005356197 0.005154245
-0.00835775 0.0002638963 -0.003141948
0.7144868 1.982556 0.0207283 0.5700143 1.997171
1.988811 1.997454 1.988042 1.989319 1.995003
1.981946 1.982957 1.992775 0.06020963 1.995308
1.989628 1.992327 1.995615 1.988922 1.985821
1.977309 1.986509 1.996951 1.99861 1.999454
1.992847 1.98713 1.992573 1.991697 1.990864
1.988418 1.993131 1.99001 1.988892 1.991554
0.4892108 1.977275
1.998024 1.982556 1.9975 1.988321 1.997171
1.988811 0.4073196 1.988042 1.989319 1.995003
1.981946 1.982957 1.992775 1.991399 0.2006926
1.989628 1.992327 1.995615 0.4241761 1.985821
0.7359039 1.986509 1.996951 1.99861 1.999454
1.992847 1.98713 1.992573 1.991697 1.990864
1.988418 1.993131 1.99001 1.988892 1.991554
1.908935 1.977275
0.2403849
0.116384 0.009495408 0.005101639 -0.007446303 0.0009165021
0.001738422 -0.01745991 -0.0005718403 0.756712 -0.01067904
-0.01066811 -0.007263472 0.005220521 0.004781244 0.02378713
0.01370375 0.007510324 0.005876181 0.00221322 -0.1087095
-0.01913914 -0.01342781 -0.009533337 -0.0264691 -0.04065945
-0.009974478 0.003135635 -0.01239097 -0.01353989 0.008218345
-0.0001688256 0.005361148 0.01781004 -0.005355498 0.06264825
0.002576139 -0.1489214 -0.01706959
-0.01220495 -0.006043622 0.0002444209 0.004582645 0.0122427
0.004141821 -0.001859775 0.03974015 0.03208599 0.0008613277
-0.003049665 0.001506692 -0.001258559 -0.003134297 0.01594256
0.1877663 0.004874267 0.008760723 -0.0106241 -0.07177523
0.001191185 0.058792 0.003283419 -0.00843455 0.001203682
-0.01066866 0.008486962 -0.004241996 -0.003362485 0.00366558
0.00881075 -0.003067909 0.0004952393 0.005356302 0.005154542
-0.008357962 0.0002640893 -0.003141963
1.998024 1.982556 1.9975 1.988321 1.997171
1.988811 1.997454 0.1607456 1.989319 1.995003
1.981946 1.982957 1.992775 1.991399 1.995308
1.989628 1.992327 1.995615 1.174596 1.985821
1.977309 1.986509 1.996951 1.788889 1.999454
1.992847 1.98713 1.992573 1.991697 1.990864
1.988418 1.993131 1.99001 0.7237524 1.991554
0.769569 1.977275
1.998024 1.982556 1.9975 1.988321 1.997171
1.988811 0.4073629 1.988042 1.989319 1.995003
1.981946 1.982957 1.992775 1.991399 0.2006911
1.989628 1.992327 1.995615 0.4241714 1.985821
0.7358979 1.986509 1.996951 1.99861 1.999454
1.992847 1.98713 1.992573 1.991697 1.990864
1.988418 1.993131 1.99001 1.988892 1.991554
1.908935 1.977275
0.2403905
0.1163827 0.009494533 0.005099628 -0.007446104 0.000916577
0.001738908 -0.01745941 -0.0005738892 0.756712 -0.01067957
-0.01066739 -0.007262248 0.005223218 0.004780709 0.02378788
0.01370325 0.007510539 0.005878287 0.002215878 -0.1087097
-0.01913859 -0.01342998 -0.009533294 -0.02646899 -0.04065843
-0.009974058 0.003136151 -0.01239179 -0.01354217 0.008219161
-0.0001703968 0.005362433 0.01780839 -0.005353715 0.0626487
0.002573492 -0.1489222 -0.01706974
-0.01220391 -0.006043987 0.0002443086 0.004582503 0.01224315
0.004141888 -0.00186001 0.03974175 0.03208555 0.0008612472
-0.003050048 0.001506446 -0.001258665 -0.0031344 0.01594225
0.1877679 0.004874477 0.008760936 -0.01062438 -0.07177599
0.001191166 0.05879209 0.003283529 -0.008434542 0.001203789
-0.01066873 0.008486591 -0.004242089 -0.003362187 0.003665878
0.008810743 -0.003068222 0.0004948737 0.005356166 0.005154144
-0.008357613 0.0002638175 -0.003141981
1.998024 1.982556 1.9975 1.988321 1.997171
1.988811 1.997454 0.1607881 1.989319 1.995003
1.981946 1.982957 1.992775 1.991399 1.995308
1.989628 1.992327 1.995615 1.174567 1.985821
1.977309 1.986509 1.996951 1.789768 1.999454
1.992847 1.98713 1.992573 1.991697 1.990864
1.988418 1.993131 1.99001 0.7237844 1.991554
0.7697219 1.977275
1.998024 1.982556 1.9975 1.988321 1.997171
1.988811 0.4073043 1.988042 1.989319 1.995003
1.981946 1.982957 1.992775 1.991399 0.2006933
1.989628 1.992327 1.995615 0.4241671 1.985821
0.735913 1.986509 1.996951 1.99861 1.999454
1.992847 1.98713 1.992573 1.991697 1.990864
1.988418 1.993131 1.99001 1.988892 1.991554
1.908935 1.977275
0.240392
0.1163829 0.009494497 0.005100261 -0.007445944 0.0009165634
0.001739047 -0.0174593 -0.0005738727 0.7567124 -0.01067982
-0.01066803 -0.007262036 0.005222997 0.004780646 0.02378749
0.01370303 0.007510506 0.005877926 0.002215895 -0.108709
-0.01913839 -0.01342952 -0.009533397 -0.02646885 -0.04065877
-0.009974119 0.00313538 -0.01239158 -0.01354172 0.008218998
-0.0001702956 0.00536215 0.0178094 -0.005354104 0.06264713
0.002573983 -0.1489225 -0.0170696
-0.01220532 -0.006043564 0.0002445332 0.004582248 0.01224247
0.004141809 -0.001859623 0.03974088 0.03208657 0.0008610083
-0.003049979 0.001506946 -0.001258407 -0.003133812 0.01594245
0.187767 0.00487392 0.008760606 -0.010624 -0.07177421
0.001191343 0.05879292 0.003283803 -0.008434561 0.001203298
-0.01066849 0.008486969 -0.004242067 -0.003362393 0.003665024
0.00881071 -0.003068353 0.0004951628 0.00535628 0.005154492
-0.008357497 0.0002640493 -0.003142213
1.998024 1.982556 1.9975 1.988321 1.997171
1.988811 1.997454 0.1607782 1.989319 1.995003
1.981946 1.982957 1.992775 1.991399 1.995308
1.989628 1.992327 1.995615 1.174446 1.985821
1.977309 1.986509 1.996951 1.789679 1.999454
1.992847 1.98713 1.992573 1.991697 1.990864
1.988418 1.993131 1.99001 0.72382 1.991554
0.7696472 1.977275
1.998024 1.982556 1.9975 1.988321 1.997171
1.988811 0.4073675 1.988042 1.989319 1.995003
1.981946 1.982957 1.992775 1.991399 0.2007031
1.989628 1.992327 1.995615 0.4241311 1.985821
0.736022 1.986509 1.996951 1.99861 1.999454
1.992847 1.98713 1.992573 1.991697 1.990864
1.988418 1.993131 1.99001 1.988892 1.991554
1.908935 1.977275
0.07580913
0.1163846 0.009494124 0.00509966 -0.00744573 0.0009167957
0.00173885 -0.01745984 -0.0005743609 0.7567136 -0.01067993
-0.01066802 -0.007262018 0.005223879 0.004779991 0.02378751
0.01370265 0.007510364 0.005878207 0.002216509 -0.1087096
-0.01913791 -0.01343057 -0.009534385 -0.02646892 -0.04065807
-0.009973657 0.003135128 -0.01239226 -0.01354145 0.008219459
-0.0001711286 0.005362369 0.01780991 -0.005353845 0.0626463
0.002573908 -0.1489235 -0.01707044
0.05066139 -0.01598064 -0.003787546 0.002782718 0.008638379
0.003208222 -0.01296144 0.0263913 0.02453493 -0.00381275
-0.01856598 0.002274149 -0.0117399 -0.005206999 0.01060527
0.2050682 0.00323936 0.014226 -0.02355911 -0.08754995
-0.006769859 0.05662172 0.008181143 -0.0167333 0.003584515
-0.01017961 0.006742941 -0.006559278 0.003597583 -0.001883793
0.01913786 -0.01579988 0.002683965 0.01149759 0.003665283
-0.00774894 0.006681228 -0.01889979
1.998024 1.982556 1.9975 1.988321 1.997171
1.988811 1.997454 0.1607847 1.989319 1.995003
1.981946 1.982957 1.992775 1.991399 1.995308
1.989628 1.992327 1.995615 1.174528 1.985821
1.977309 1.986509 1.996951 1.790263 1.999454
1.992847 1.98713 1.992573 1.991697 1.990864
1.988418 1.993131 1.99001 0.7238375 1.991554
0.7696284 1.977275
1.890903 1.982556 1.9975 1.988321 1.997171
1.988811 0.2896 1.988042 1.989319 1.995003
1.981946 1.982957 1.992775 1.991399 1.995308
1.989628 1.992327 1.995615 1.988922 1.985821
0.2035709 1.986509 1.996951 1.99861 1.999454
1.992847 1.98713 0.6021671 1.991697 0.3289294
1.988418 0.06479172 1.99001 1.988892 1.991554
1.908935 1.039957
0.2403914
0.1163833 0.009495205 0.005099383 -0.007446052 0.0009166639
0.001738655 -0.01746072 -0.0005734136 0.7567102 -0.01067909
-0.01066661 -0.007263016 0.005222464 0.004781506 0.02378766
0.01370413 0.007510066 0.005877776 0.002215314 -0.1087097
-0.01913917 -0.01342978 -0.009533548 -0.02646962 -0.04065803
-0.009973719 0.003136436 -0.01239149 -0.01354188 0.00821988
-0.0001696902 0.005362205 0.01780775 -0.005354153 0.06265163
0.00257406 -0.1489212 -0.01707013
-0.012204 -0.006043866 0.0002443172 0.004582512 0.01224303
0.004141895 -0.001859926 0.03974121 0.03208576 0.0008612484
-0.003049952 0.001506479 -0.001258654 -0.003134382 0.0159423
0.1877675 0.004874387 0.008760869 -0.01062433 -0.07177576
0.001191176 0.05879211 0.003283527 -0.008434533 0.001203761
-0.01066868 0.008486697 -0.004242114 -0.003362251 0.003665706
0.008810771 -0.003068205 0.0004950004 0.005356181 0.005154258
-0.008357702 0.0002638854 -0.003141976
1.998024 1.982556 1.9975 1.988321 1.997171
1.988811 1.997454 0.160781 1.989319 1.995003
1.981946 1.982957 1.992775 1.991399 1.995308
1.989628 1.992327 1.995615 1.174603 1.985821
1.977309 1.986509 1.996951 1.789875 1.999454
1.992847 1.98713 1.992573 1.991697 1.990864
1.988418 1.993131 1.99001 0.7236811 1.991554
0.7696862 1.977275
1.998024 1.982556 1.9975 1.988321 1.997171
1.988811 0.407318 1.988042 1.989319 1.995003
1.981946 1.982957 1.992775 1.991399 0.200691
1.989628 1.992327 1.995615 0.4241625 1.985821
0.7359112 1.986509 1.996951 1.99861 1.999454
1.992847 1.98713 1.992573 1.991697 1.990864
1.988418 1.993131 1.99001 1.988892 1.991554
1.908935 1.977275
0.2403914
0.1163831 0.009495372 0.005099149 -0.007445939 0.0009167179
0.001738699 -0.01746124 -0.000573534 0.7567097 -0.01067901
-0.01066632 -0.007263134 0.00522251 0.004781754 0.02378755
0.01370438 0.007509895 0.00587777 0.002215498 -0.1087094
-0.01913933 -0.01342978 -0.009533684 -0.02646987 -0.04065782
-0.009973512 0.003136423 -0.01239138 -0.01354199 0.008220321
-0.0001695104 0.005362201 0.01780745 -0.005354167 0.06265272
0.002573985 -0.1489208 -0.01707021
-0.01220412 -0.006043887 0.0002443309 0.004582517 0.01224303
0.004141882 -0.00185994 0.03974133 0.03208571 0.000861254
-0.003049958 0.001506502 -0.001258638 -0.003134366 0.01594231
0.1877675 0.004874407 0.008760876 -0.01062432 -0.07177576
0.00119118 0.05879211 0.00328352 -0.008434542 0.001203756
-0.01066869 0.008486692 -0.004242086 -0.003362251 0.003665753
0.008810757 -0.003068176 0.0004949761 0.005356188 0.005154249
-0.008357695 0.0002638856 -0.003141979
1.998024 1.982556 1.9975 1.988321 1.997171
1.988811 1.997454 0.160782 1.989319 1.995003
1.981946 1.982957 1.992775 1.991399 1.995308
1.989628 1.992327 1.995615 1.17457 1.985821
1.977309 1.986509 1.996951 1.790011 1.999454
1.992847 1.98713 1.992573 1.991697 1.990864
1.988418 1.993131 1.99001 0.7236474 1.991554
0.7696653 1.977275
1.998024 1.982556 1.9975 1.988321 1.997171
1.988811 0.4073186 1.988042 1.989319 1.995003
1.981946 1.982957 1.992775 1.991399 0.2006922
1.989628 1.992327 1.995615 0.4241654 1.985821
0.7359137 1.986509 1.996951 1.99861 1.999454
1.992847 1.98713 1.992573 1.991697 1.990864
1.988418 1.993131 1.99001 1.988892 1.991554
1.908935 1.977275
0.2403896
0.1163838 0.00949509 0.005099414 -0.007445426 0.0009162676
0.001739656 -0.0174596 -0.0005751685 0.756703 -0.01068043
-0.01066741 -0.007260483 0.005222979 0.004783099 0.02378706
0.01370445 0.007509544 0.005878599 0.002218026 -0.1087067
-0.01913852 -0.01343088 -0.009532272 -0.02646917 -0.04065815
-0.009973724 0.00313457 -0.01239082 -0.01354395 0.008220294
-0.0001704577 0.005362744 0.01780819 -0.005354227 0.06264889
0.002573456 -0.1489226 -0.01706987
-0.01220409 -0.006043897 0.0002443355 0.004582562 0.01224305
0.004141861 -0.001859956 0.03974135 0.03208562 0.0008612718
-0.003049962 0.001506495 -0.001258658 -0.003134396 0.01594235
0.1877676 0.004874422 0.008760889 -0.01062433 -0.07177587
0.001191146 0.05879199 0.003283488 -0.008434539 0.001203764
-0.01066872 0.008486656 -0.004242058 -0.003362276 0.003665849
0.008810725 -0.00306814 0.0004949544 0.005356221 0.005154223
-0.008357684 0.0002638715 -0.003141985
1.998024 1.982556 1.9975 1.988321 1.997171
1.988811 1.997454 0.1607806 1.989319 1.995003
1.981946 1.982957 1.992775 1.991399 1.995308
1.989628 1.992327 1.995615 1.173976 1.985821
1.977309 1.986509 1.996951 1.790437 1.999454
1.992847 1.98713 1.992573 1.991697 1.990864
1.988418 1.993131 1.99001 0.7237491 1.991554
0.7697009 1.977275
1.998024 1.982556 1.9975 1.988321 1.997171
1.988811 0.4073173 1.988042 1.989319 1.995003
1.981946 1.982957 1.992775 1.991399 0.2006934
1.989628 1.992327 1.995615 0.4241689 1.985821
0.7359008 1.986509 1.996951 1.99861 1.999454
1.992847 1.98713 1.992573 1.991697 1.990864
1.988418 1.993131 1.99001 1.988892 1.991554
1.908935 1.977275
0.2403886
0.116384 0.009494316 0.005099946 -0.007445971 0.0009167164
0.001738739 -0.01745963 -0.000573807 0.7567137 -0.01067968
-0.01066792 -0.007262368 0.0052233 0.004780111 0.02378765
0.01370281 0.007510504 0.005877956 0.002215742 -0.1087099
-0.01913821 -0.01343004 -0.00953403 -0.0264689 -0.04065838
-0.009973922 0.00313558 -0.01239208 -0.01354128 0.00821908
-0.0001706973 0.005362217 0.0178096 -0.005353977 0.06264694
0.002574102 -0.148923 -0.01707015
-0.01220438 -0.006043929 0.0002443482 0.004582587 0.01224304
0.004141855 -0.001859986 0.03974143 0.03208554 0.0008613136
-0.003049914 0.001506524 -0.001258621 -0.003134393 0.01594235
0.1877673 0.004874494 0.0087609 -0.01062428 -0.07177587
0.001191169 0.05879198 0.003283449 -0.008434559 0.001203797
-0.01066875 0.008486693 -0.004242015 -0.003362271 0.00366592
0.008810735 -0.003068039 0.0004949455 0.005356207 0.005154249
-0.008357756 0.0002639013 -0.003141949
1.998024 1.982556 1.9975 1.988321 1.997171
1.988811 1.997454 0.1607811 1.989319 1.995003
1.981946 1.982957 1.992775 1.991399 1.995308
1.989628 1.992327 1.995615 1.174599 1.985821
1.977309 1.986509 1.996951 1.789898 1.999454
1.992847 1.98713 1.992573 1.991697 1.990864
1.988418 1.993131 1.99001 0.7238218 1.991554
0.769652 1.977275
1.998024 1.982556 1.9975 1.988321 1.997171
1.988811 0.4073211 1.988042 1.989319 1.995003
1.981946 1.982957 1.992775 1.991399 0.200693
1.989628 1.992327 1.995615 0.4241773 1.985821
0.735902 1.986509 1.996951 1.99861 1.999454
1.992847 1.98713 1.992573 1.991697 1.990864
1.988418 1.993131 1.99001 1.988892 1.991554
1.908935 1.977275
0.2403903
0.1163841 0.009495615 0.005099121 -0.007446162 0.0009164867
0.001738564 -0.0174607 -0.0005732652 0.7567061 -0.01067898
-0.0106661 -0.007262854 0.00522185 0.004782571 0.02378777
0.01370492 0.007509762 0.00587783 0.002215248 -0.1087096
-0.01913946 -0.01343025 -0.009532871 -0.02646972 -0.04065786
-0.009973776 0.003136787 -0.01239126 -0.01354254 0.008219995
-0.0001695759 0.00536239 0.01780691 -0.005354308 0.062653
0.002574176 -0.148921 -0.01707033
-0.01220453 -0.006043988 0.000244378 0.00458261 0.01224307
0.004141814 -0.001860029 0.03974177 0.03208538 0.0008613178
-0.003049966 0.00150656 -0.001258611 -0.00313437 0.01594238
0.1877676 0.004874532 0.008760928 -0.01062427 -0.07177595
0.001191148 0.05879192 0.003283433 -0.00843457 0.001203777
-0.0106688 0.008486631 -0.004241947 -0.003362278 0.003666079
0.008810675 -0.003067994 0.0004948596 0.005356246 0.005154185
-0.008357685 0.0002638717 -0.003141977
1.998024 1.982556 1.9975 1.988321 1.997171
1.988811 1.997454 0.160779 1.989319 1.995003
1.981946 1.982957 1.992775 1.991399 1.995308
1.989628 1.992327 1.995615 1.174576 1.985821
1.977309 1.986509 1.996951 1.789932 1.999454
1.992847 1.98713 1.992573 1.991697 1.990864
1.988418 1.993131 1.99001 0.723631 1.991554
0.7697635 1.977275
1.998024 1.982556 1.9975 1.988321 1.997171
1.988811 0.4073182 1.988042 1.989319 1.995003
1.981946 1.982957 1.992775 1.991399 0.2006971
1.989628 1.992327 1.995615 0.424183 1.985821
0.7359012 1.986509 1.996951 1.99861 1.999454
1.992847 1.98713 1.992573 1.991697 1.990864
1.988418 1.993131 1.99001 1.988892 1.991554
1.908935 1.977275
0.2403903
0.1163835 0.009494854 0.005099726 -0.007445976 0.0009164767
0.001738977 -0.01745959 -0.0005739183 0.756709 -0.01067968
-0.01066736 -0.007261975 0.005222729 0.004781541 0.02378761
0.01370376 0.007510186 0.005878109 0.002216058 -0.108709
-0.01913868 -0.0134301 -0.009532999 -0.02646909 -0.04065839
-0.009974 0.003135776 -0.01239145 -0.01354241 0.008219402
-0.0001702351 0.005362393 0.0178084 -0.005354091 0.06264899
0.002573863 -0.1489222 -0.01706988
-0.01220395 -0.006043862 0.0002443232 0.004582549 0.01224304
0.004141875 -0.00185993 0.03974119 0.03208571 0.0008612574
-0.003049957 0.001506477 -0.001258673 -0.003134403 0.01594234
0.1877676 0.004874383 0.008760874 -0.01062435 -0.07177584
0.001191144 0.05879201 0.003283505 -0.008434528 0.001203757
-0.0106687 0.008486668 -0.004242092 -0.003362281 0.003665771
0.00881074 -0.003068184 0.0004949897 0.005356216 0.00515424
-0.008357686 0.0002638743 -0.003141988
1.998024 1.982556 1.9975 1.988321 1.997171
1.988811 1.997454 0.1607807 1.989319 1.995003
1.981946 1.982957 1.992775 1.991399 1.995308
1.989628 1.992327 1.995615 1.174434 1.985821
1.977309 1.986509 1.996951 1.789875 1.999454
1.992847 1.98713 1.992573 1.991697 1.990864
1.988418 1.993131 1.99001 0.7237598 1.991554
0.7697118 1.977275
1.998024 1.982556 1.9975 1.988321 1.997171
1.988811 0.4073177 1.988042 1.989319 1.995003
1.981946 1.982957 1.992775 1.991399 0.2006922
1.989628 1.992327 1.995615 0.4241642 1.985821
0.7359003 1.986509 1.996951 1.99861 1.999454
1.992847 1.98713 1.992573 1.991697 1.990864
1.988418 1.993131 1.99001 1.988892 1.991554
1.908935 1.977275
0.2403762
0.1163757 0.009493517 0.005103533 -0.007445256 0.0009165062
0.00174086 -0.01745733 -0.0005747169 0.7567223 -0.01068131
-0.01067154 -0.007260697 0.005223751 0.004778725 0.023786
0.01370053 0.007511687 0.005877201 0.002216856 -0.108705
-0.01913757 -0.01342522 -0.009533258 -0.02646782 -0.04066157
-0.009974949 0.003132101 -0.01239019 -0.01354053 0.0082177
-0.0001691768 0.005360866 0.01781334 -0.005354567 0.06263963
0.002573747 -0.1489221 -0.0170664
-0.01220425 -0.006043937 0.0002443871 0.004582533 0.01224304
0.004141809 -0.00185997 0.03974178 0.03208556 0.000861222
-0.00305007 0.001506573 -0.001258633 -0.003134299 0.01594238
0.1877681 0.004874389 0.008760896 -0.01062431 -0.0717758
0.001191136 0.05879204 0.003283531 -0.008434548 0.001203673
-0.01066875 0.008486583 -0.004241996 -0.003362284 0.003665931
0.008810643 -0.003068168 0.0004948552 0.005356273 0.005154144
-0.008357523 0.0002638301 -0.003142064
1.998024 1.982556 1.9975 1.988321 1.997171
1.988811 1.997454 0.1607599 1.989319 1.995003
1.981946 1.982957 1.992775 1.991399 1.995308
1.989628 1.992327 1.995615 1.17374 1.985821
1.977309 1.986509 1.996951 1.788402 1.999454
1.992847 1.98713 1.992573 1.991697 1.990864
1.988418 1.993131 1.99001 0.7240784 1.991554
0.7692617 1.977275
1.998024 1.982556 1.9975 1.988321 1.997171
1.988811 0.4073153 1.988042 1.989319 1.995003
1.981946 1.982957 1.992775 1.991399 0.2007001
1.989628 1.992327 1.995615 0.4241676 1.985821
0.7359162 1.986509 1.996951 1.99861 1.999454
1.992847 1.98713 1.992573 1.991697 1.990864
1.988418 1.993131 1.99001 1.988892 1.991554
1.908935 1.977275
0.2403905
0.1163832 0.009495008 0.005099595 -0.007446001 0.0009165099
0.001738923 -0.01745992 -0.0005737911 0.756709 -0.0106795
-0.01066707 -0.007262253 0.00522262 0.004781656 0.02378763
0.01370396 0.007510138 0.005878041 0.002215878 -0.1087091
-0.01913889 -0.01342997 -0.009533048 -0.02646927 -0.0406583
-0.009973928 0.003136014 -0.01239139 -0.01354238 0.008219581
-0.0001700021 0.005362355 0.01780805 -0.005354095 0.06265005
0.002573848 -0.1489218 -0.01706988
-0.01220408 -0.006043897 0.0002443296 0.004582558 0.01224305
0.004141869 -0.001859957 0.03974133 0.03208563 0.0008612752
-0.003049953 0.001506488 -0.001258657 -0.003134401 0.01594234
0.1877676 0.004874429 0.00876089 -0.01062433 -0.07177587
0.001191153 0.058792 0.003283488 -0.008434539 0.001203774
-0.01066872 0.008486666 -0.004242066 -0.003362269 0.003665835
0.008810737 -0.00306814 0.0004949623 0.005356209 0.005154232
-0.0083577 0.0002638761 -0.003141975
1.998024 1.982556 1.9975 1.988321 1.997171
1.988811 1.997454 0.1607813 1.989319 1.995003
1.981946 1.982957 1.992775 1.991399 1.995308
1.989628 1.992327 1.995615 1.174467 1.985821
1.977309 1.986509 1.996951 1.789858 1.999454
1.992847 1.98713 1.992573 1.991697 1.990864
1.988418 1.993131 1.99001 0.7237297 1.991554
0.7697098 1.977275
1.998024 1.982556 1.9975 1.988321 1.997171
1.988811 0.4073172 1.988042 1.989319 1.995003
1.981946 1.982957 1.992775 1.991399 0.2006926
1.989628 1.992327 1.995615 0.4241689 1.985821
0.7359014 1.986509 1.996951 1.99861 1.999454
1.992847 1.98713 1.992573 1.991697 1.990864
1.988418 1.993131 1.99001 1.988892 1.991554
1.908935 1.977275
0.2403893
0.1163837 0.00949463 0.00509978 -0.007446004 0.0009165628
0.001738874 -0.01745955 -0.000573866 0.7567109 -0.01067967
-0.01066755 -0.007262131 0.005222969 0.004780965 0.02378768
0.01370339 0.007510338 0.005878089 0.002215916 -0.1087094
-0.0191385 -0.0134301 -0.009533362 -0.026469 -0.04065839
-0.009973992 0.003135779 -0.01239172 -0.01354201 0.00821924
-0.0001704353 0.005362352 0.01780879 -0.005354002 0.06264823
0.002573904 -0.1489225 -0.01706997
-0.01220414 -0.006043945 0.0002443306 0.004582569 0.01224309
0.004141863 -0.001859993 0.03974151 0.03208553 0.0008612903
-0.003049967 0.001506484 -0.001258652 -0.003134411 0.01594233
0.1877676 0.004874481 0.008760915 -0.01062433 -0.07177595
0.001191152 0.05879198 0.003283472 -0.008434547 0.001203795
-0.01066874 0.008486642 -0.004242043 -0.00336225 0.00366592
0.008810729 -0.00306811 0.0004949195 0.005356204 0.005154202
-0.008357695 0.0002638631 -0.003141965
1.998024 1.982556 1.9975 1.988321 1.997171
1.988811 1.997454 0.1607818 1.989319 1.995003
1.981946 1.982957 1.992775 1.991399 1.995308
1.989628 1.992327 1.995615 1.174512 1.985821
1.977309 1.986509 1.996951 1.78987 1.999454
1.992847 1.98713 1.992573 1.991697 1.990864
1.988418 1.993131 1.99001 0.7237843 1.991554
0.7696983 1.977275
1.998024 1.982556 1.9975 1.988321 1.997171
1.988811 0.407314 1.988042 1.989319 1.995003
1.981946 1.982957 1.992775 1.991399 0.2006933
1.989628 1.992327 1.995615 0.4241733 1.985821
0.7359005 1.986509 1.996951 1.99861 1.999454
1.992847 1.98713 1.992573 1.991697 1.990864
1.988418 1.993131 1.99001 1.988892 1.991554
1.908935 1.977275
0.240388
0.116384 0.009494204 0.005099878 -0.007445602 0.0009169242
0.001738889 -0.0174604 -0.0005742496 0.7567154 -0.01067984
-0.0106681 -0.007262403 0.005223847 0.004779752 0.02378724
0.01370255 0.007510349 0.00587787 0.002216321 -0.1087093
-0.01913801 -0.01342995 -0.009534839 -0.02646912 -0.04065814
-0.009973507 0.003134883 -0.01239213 -0.0135409 0.008219692
-0.0001707425 0.005362075 0.01781025 -0.005354023 0.06264664
0.002574122 -0.1489231 -0.01707033
-0.01220399 -0.006043868 0.0002443209 0.004582538 0.01224304
0.004141883 -0.001859932 0.0397412 0.03208571 0.0008612595
-0.003049949 0.001506478 -0.001258663 -0.003134398 0.01594233
0.1877675 0.004874394 0.008760874 -0.01062434 -0.07177582
0.001191158 0.05879205 0.003283508 -0.008434532 0.001203765
-0.01066869 0.008486683 -0.004242097 -0.003362268 0.003665755
0.008810754 -0.003068181 0.0004949934 0.0053562 0.00515425
-0.008357702 0.0002638814 -0.003141978
1.998024 1.982556 1.9975 1.988321 1.997171
1.988811 1.997454 0.1607808 1.989319 1.995003
1.981946 1.982957 1.992775 1.991399 1.995308
1.989628 1.992327 1.995615 1.174511 1.985821
1.977309 1.986509 1.996951 1.790206 1.999454
1.992847 1.98713 1.992573 1.991697 1.990864
1.988418 1.993131 1.99001 0.7238258 1.991554
0.769546 1.977275
1.998024 1.982556 1.9975 1.988321 1.997171
1.988811 0.407318 1.988042 1.989319 1.995003
1.981946 1.982957 1.992775 1.991399 0.2006916
1.989628 1.992327 1.995615 0.4241646 1.985821
0.735904 1.986509 1.996951 1.99861 1.999454
1.992847 1.98713 1.992573 1.991697 1.990864
1.988418 1.993131 1.99001 1.988892 1.991554
1.908935 1.977275
0.1430417
0.1163723 0.009495022 0.005102039 -0.007446651 0.0009169518
0.001739226 -0.0174603 -0.0005714552 0.7567279 -0.01067809
-0.01066764 -0.007265672 0.005221986 0.004778434 0.02378755
0.01370219 0.007512122 0.005876255 0.002211999 -0.1087099
-0.01914036 -0.01342329 -0.009533879 -0.0264696 -0.04066083
-0.009974828 0.003137387 -0.01239038 -0.01353912 0.008218151
-0.0001664136 0.005360388 0.01780835 -0.005354074 0.0626528
0.002573632 -0.1489164 -0.0170664
0.0469818 -0.009946114 -0.002010638 0.003581828 0.01006436
0.005817271 -0.01688014 0.02126811 0.02338376 -0.00473583
-0.01230942 0.0005714734 -0.008693656 -0.008147681 0.01148761
0.2045844 -0.000744196 0.01257143 -0.02878231 -0.08464918
-0.004315523 0.05941639 0.004322603 -0.01460234 0.007853965
-0.01165984 0.008046142 -0.01179911 -9.937488e-05 -0.0009235532
0.02068318 -0.00896314 -0.004943293 0.01272255 0.01031517
-0.009766346 0.01199362 -0.0212463
1.998024 1.982556 1.9975 1.988321 1.997171
1.988811 1.997454 0.1607754 1.989319 1.995003
1.981946 1.982957 1.992775 1.991399 1.995308
1.989628 1.992327 1.995615 1.174826 1.985821
1.977309 1.986509 1.996951 1.787336 1.999454
1.992847 1.98713 1.992573 1.991697 1.990864
1.988418 1.993131 1.99001 0.7237336 1.991554
0.7694062 1.977275
1.998024 1.982556 1.9975 1.988321 1.997171
1.988811 1.997454 1.988042 0.1372623 1.902799
1.981946 0.4498238 1.992775 0.3738508 1.995308
1.989628 1.992327 1.995615 1.988922 0.1489443
1.977309 1.986509 1.996951 0.2458495 1.999454
0.4362787 1.98713 1.992573 1.991697 1.990864
1.988418 1.993131 1.99001 1.988892 1.825536
1.908935 1.977275
0.2403862
0.1163826 0.009494427 0.005100528 -0.007445329 0.0009163027
0.001739978 -0.01745861 -0.0005752929 0.7567078 -0.01068093
-0.01066885 -0.007260116 0.005223425 0.004781782 0.02378679
0.01370317 0.007510111 0.005878393 0.002218068 -0.1087063
-0.0191379 -0.01342989 -0.009532568 -0.02646857 -0.04065901
-0.009974072 0.003133594 -0.01239088 -0.01354311 0.008219436
-0.0001706339 0.00536238 0.01781005 -0.005354278 0.06264489
0.002573571 -0.1489234 -0.01706916
-0.01220409 -0.006043898 0.0002443297 0.004582557 0.01224305
0.00414187 -0.001859957 0.03974133 0.03208563 0.000861275
-0.003049953 0.001506488 -0.001258656 -0.0031344 0.01594234
0.1877676 0.004874429 0.008760889 -0.01062433 -0.07177587
0.001191154 0.05879201 0.003283489 -0.00843454 0.001203774
-0.01066872 0.008486667 -0.004242066 -0.003362268 0.003665833
0.008810738 -0.00306814 0.0004949626 0.005356208 0.005154232
-0.008357701 0.0002638767 -0.003141975
1.998024 1.982556 1.9975 1.988321 1.997171
1.988811 1.997454 0.1607752 1.989319 1.995003
1.981946 1.982957 1.992775 1.991399 1.995308
1.989628 1.992327 1.995615 1.173888 1.985821
1.977309 1.986509 1.996951 1.790051 1.999454
1.992847 1.98713 1.992573 1.991697 1.990864
1.988418 1.993131 1.99001 0.7238768 1.991554
0.7695984 1.977275
1.998024 1.982556 1.9975 1.988321 1.997171
1.988811 0.4073173 1.988042 1.989319 1.995003
1.981946 1.982957 1.992775 1.991399 0.2006926
1.989628 1.992327 1.995615 0.4241689 1.985821
0.7359019 1.986509 1.996951 1.99861 1.999454
1.992847 1.98713 1.992573 1.991697 1.990864
1.988418 1.993131 1.99001 1.988892 1.991554
1.908935 1.977275
0.2403893
0.1163833 0.009495092 0.005099744 -0.007445938 0.0009164574
0.001739009 -0.01745987 -0.000573834 0.7567081 -0.0106796
-0.01066718 -0.007262067 0.005222449 0.00478193 0.02378749
0.01370407 0.007510043 0.005877964 0.002215988 -0.1087087
-0.01913889 -0.01342991 -0.009532892 -0.02646925 -0.04065838
-0.009973951 0.003135763 -0.01239122 -0.01354247 0.008219601
-0.0001699303 0.005362312 0.01780818 -0.005354252 0.06264984
0.002573981 -0.1489218 -0.01706983
-0.01220409 -0.006043917 0.0002443302 0.004582553 0.01224307
0.004141868 -0.001859969 0.03974142 0.0320856 0.0008612741
-0.003049967 0.001506488 -0.001258654 -0.003134398 0.01594233
0.1877676 0.004874443 0.008760899 -0.01062433 -0.07177589
0.001191155 0.05879201 0.00328349 -0.008434542 0.001203776
-0.01066872 0.008486654 -0.004242061 -0.003362257 0.003665857
0.008810734 -0.003068141 0.0004949428 0.005356205 0.005154217
-0.008357687 0.0002638681 -0.003141976
1.998024 1.982556 1.9975 1.988321 1.997171
1.988811 1.997454 0.1607779 1.989319 1.995003
1.981946 1.982957 1.992775 1.991399 1.995308
1.989628 1.992327 1.995615 1.174391 1.985821
1.977309 1.986509 1.996951 1.789856 1.999454
1.992847 1.98713 1.992573 1.991697 1.990864
1.988418 1.993131 1.99001 0.7237309 1.991554
0.7696982 1.977275
1.998024 1.982556 1.9975 1.988321 1.997171
1.988811 0.4073156 1.988042 1.989319 1.995003
1.981946 1.982957 1.992775 1.991399 0.200693
1.989628 1.992327 1.995615 0.4241696 1.985821
0.7359035 1.986509 1.996951 1.99861 1.999454
1.992847 1.98713 1.992573 1.991697 1.990864
1.988418 1.993131 1.99001 1.988892 1.991554
1.908935 1.977275
0.2403816
0.1163812 0.009493646 0.005103145 -0.00744699 0.0009164292
0.001738528 -0.01745648 -0.0005715162 0.7567228 -0.01067953
-0.0106703 -0.007263103 0.005221696 0.004777824 0.02378803
0.01370088 0.007512228 0.005876618 0.002212318 -0.1087112
-0.019138 -0.01342667 -0.00953317 -0.02646743 -0.04066116
-0.009975802 0.003135899 -0.01239194 -0.01353883 0.008215425
-0.0001698449 0.005361072 0.01781211 -0.005354558 0.06264088
0.002575379 -0.1489231 -0.01706813
-0.01220408 -0.006043898 0.0002443286 0.004582553 0.01224305
0.004141872 -0.001859956 0.03974133 0.03208564 0.0008612733
-0.003049954 0.001506487 -0.001258655 -0.003134399 0.01594233
0.1877675 0.004874429 0.008760889 -0.01062433 -0.07177586
0.001191156 0.05879202 0.003283491 -0.00843454 0.001203774
-0.01066872 0.008486668 -0.004242069 -0.003362265 0.003665827
0.008810741 -0.003068145 0.0004949629 0.005356205 0.005154233
-0.0083577 0.0002638764 -0.003141974
1.998024 1.982556 1.9975 1.988321 1.997171
1.988811 1.997454 0.1607562 1.989319 1.995003
1.981946 1.982957 1.992775 1.991399 1.995308
1.989628 1.992327 1.995615 1.174884 1.985821
1.977309 1.986509 1.996951 1.787727 1.999454
1.992847 1.98713 1.992573 1.991697 1.990864
1.988418 1.993131 1.99001 0.7240264 1.991554
0.7696251 1.977275
1.998024 1.982556 1.9975 1.988321 1.997171
1.988811 0.4073171 1.988042 1.989319 1.995003
1.981946 1.982957 1.992775 1.991399 0.2006925
1.989628 1.992327 1.995615 0.4241686 1.985821
0.7359028 1.986509 1.996951 1.99861 1.999454
1.992847 1.98713 1.992573 1.991697 1.990864
1.988418 1.993131 1.99001 1.988892 1.991554
1.908935 1.977275
0.2403914
0.1163815 0.009495445 0.00509981 -0.007445832 0.0009163267
0.001739438 -0.01745992 -0.000574053 0.7567063 -0.01067967
-0.01066695 -0.007261812 0.005222223 0.004782756 0.02378728
0.01370456 0.007509942 0.005878014 0.002216361 -0.1087076
-0.01913929 -0.01342928 -0.009532216 -0.02646944 -0.04065864
-0.009974007 0.003135662 -0.01239053 -0.0135432 0.008219921
-0.0001692627 0.005362274 0.01780744 -0.005354304 0.06265138
0.002573592 -0.1489208 -0.01706916
-0.01220421 -0.006043782 0.0002443455 0.004582538 0.01224293
0.004141877 -0.001859869 0.03974087 0.03208586 0.0008612569
-0.00304988 0.001506538 -0.001258632 -0.00313435 0.01594237
0.1877672 0.004874327 0.00876082 -0.01062428 -0.07177558
0.001191178 0.0587921 0.003283511 -0.008434533 0.001203725
-0.01066866 0.008486771 -0.004242093 -0.00336232 0.003665634
0.008810765 -0.00306815 0.0004950772 0.005356217 0.00515434
-0.00835776 0.0002639405 -0.003141983
1.998024 1.982556 1.9975 1.988321 1.997171
1.988811 1.997454 0.1607781 1.989319 1.995003
1.981946 1.982957 1.992775 1.991399 1.995308
1.989628 1.992327 1.995615 1.174192 1.985821
1.977309 1.986509 1.996951 1.789697 1.999454
1.992847 1.98713 1.992573 1.991697 1.990864
1.988418 1.993131 1.99001 0.7236939 1.991554
0.7696843 1.977275
1.998024 1.982556 1.9975 1.988321 1.997171
1.988811 0.4073308 1.988042 1.989319 1.995003
1.981946 1.982957 1.992775 1.991399 0.2006911
1.989628 1.992327 1.995615 0.4241623 1.985821
0.7359092 1.986509 1.996951 1.99861 1.999454
1.992847 1.98713 1.992573 1.991697 1.990864
1.988418 1.993131 1.99001 1.988892 1.991554
1.908935 1.977275
0.2403946
0.1163819 0.009494519 0.005099161 -0.007446128 0.000916759
0.001738802 -0.01746006 -0.0005738746 0.7567141 -0.01067925
-0.01066689 -0.007262849 0.005223629 0.004780275 0.02378804
0.01370319 0.007510626 0.005878391 0.002215747 -0.1087102
-0.01913879 -0.01342989 -0.009533795 -0.0264693 -0.04065812
-0.009973823 0.003136674 -0.01239199 -0.01354201 0.008219535
-0.0001702497 0.005362453 0.01780784 -0.005353395 0.06265032
0.002573113 -0.1489215 -0.0170698
-0.01220384 -0.006043824 0.0002442863 0.004582671 0.01224306
0.00414189 -0.001859937 0.0397407 0.03208563 0.0008613563
-0.003049813 0.001506404 -0.001258718 -0.00313455 0.01594239
0.1877672 0.00487445 0.00876088 -0.01062436 -0.07177605
0.001191103 0.05879175 0.003283388 -0.008434519 0.00120387
-0.01066872 0.008486718 -0.004242092 -0.003362332 0.00366585
0.008810775 -0.003068048 0.0004950775 0.00535622 0.005154312
-0.008357877 0.0002639182 -0.003141903
1.998024 1.982556 1.9975 1.988321 1.997171
1.988811 1.997454 0.1607962 1.989319 1.995003
1.981946 1.982957 1.992775 1.991399 1.995308
1.989628 1.992327 1.995615 1.174695 1.985821
1.977309 1.986509 1.996951 1.789835 1.999454
1.992847 1.98713 1.992573 1.991697 1.990864
1.988418 1.993131 1.99001 0.723749 1.991554
0.7697117 1.977275
1.998024 1.982556 1.9975 1.988321 1.997171
1.988811 0.407322 1.988042 1.989319 1.995003
1.981946 1.982957 1.992775 1.991399 0.2006868
1.989628 1.992327 1.995615 0.424174 1.985821
0.7358613 1.986509 1.996951 1.99861 1.999454
1.992847 1.98713 1.992573 1.991697 1.990864
1.988418 1.993131 1.99001 1.988892 1.991554
1.908935 1.977275
0.2403893
0.1163836 0.009495285 0.005099925 -0.007445802 0.0009166883
0.001738795 -0.01746097 -0.0005734403 0.7567102 -0.0106793
-0.01066712 -0.007262878 0.005222207 0.004781614 0.02378715
0.01370407 0.007509887 0.005877341 0.002215415 -0.1087089
-0.01913904 -0.01342934 -0.009533789 -0.02646963 -0.04065823
-0.009973635 0.003135567 -0.01239122 -0.0135414 0.008219991
-0.0001694931 0.005361886 0.01780872 -0.005354629 0.06265056
0.002574636 -0.1489214 -0.01707011
-0.01220483 -0.006043624 0.0002444561 0.004582722 0.01224273
0.004141749 -0.001859786 0.03974029 0.03208585 0.0008613206
-0.003049736 0.001506713 -0.001258607 -0.003134309 0.01594266
0.187767 0.004874227 0.008760737 -0.01062413 -0.07177539
0.001191091 0.05879176 0.003283388 -0.008434536 0.001203627
-0.01066872 0.008486845 -0.004241922 -0.003362565 0.003665774
0.00881063 -0.003067887 0.0004951671 0.005356417 0.005154453
-0.008357831 0.0002640343 -0.003142038
1.998024 1.982556 1.9975 1.988321 1.997171
1.988811 1.997454 0.16077 1.989319 1.995003
1.981946 1.982957 1.992775 1.991399 1.995308
1.989628 1.992327 1.995615 1.174457 1.985821
1.977309 1.986509 1.996951 1.78989 1.999454
1.992847 1.98713 1.992573 1.991697 1.990864
1.988418 1.993131 1.99001 0.7236972 1.991554
0.7695907 1.977275
1.998024 1.982556 1.9975 1.988321 1.997171
1.988811 0.40736 1.988042 1.989319 1.995003
1.981946 1.982957 1.992775 1.991399 0.2006973
1.989628 1.992327 1.995615 0.4241735 1.985821
0.7358758 1.986509 1.996951 1.99861 1.999454
1.992847 1.98713 1.992573 1.991697 1.990864
1.988418 1.993131 1.99001 1.988892 1.991554
1.908935 1.977275
0.2403951
0.1163845 0.009495333 0.005099388 -0.007446668 0.0009159488
0.001738697 -0.01745817 -0.0005732875 0.756702 -0.01067942
-0.01066654 -0.007261535 0.005221496 0.004783159 0.02378847
0.01370492 0.007510154 0.005878545 0.002215371 -0.1087098
-0.01913919 -0.01343101 -0.009530945 -0.02646879 -0.04065853
-0.009974716 0.003137271 -0.01239125 -0.01354397 0.008218553
-0.0001702774 0.005362967 0.01780638 -0.005353992 0.06265065
0.002573686 -0.1489221 -0.01706982
-0.0122039 -0.006043811 0.0002443138 0.004582524 0.012243
0.004141896 -0.001859889 0.03974096 0.03208584 0.0008612436
-0.003049928 0.001506473 -0.001258672 -0.003134394 0.01594233
0.1877674 0.004874336 0.008760845 -0.01062434 -0.07177572
0.001191161 0.05879208 0.003283526 -0.008434521 0.001203748
-0.01066866 0.008486715 -0.004242133 -0.003362285 0.003665645
0.008810772 -0.003068221 0.0004950501 0.005356199 0.005154288
-0.008357717 0.0002638979 -0.003141983
1.998024 1.982556 1.9975 1.988321 1.997171
1.988811 1.997454 0.1607833 1.989319 1.995003
1.981946 1.982957 1.992775 1.991399 1.995308
1.989628 1.992327 1.995615 1.174537 1.985821
1.977309 1.986509 1.996951 1.78953 1.999454
1.992847 1.98713 1.992573 1.991697 1.990864
1.988418 1.993131 1.99001 0.7237127 1.991554
0.7699837 1.977275
1.998024 1.982556 1.9975 1.988321 1.997171
1.988811 0.4073214 1.988042 1.989319 1.995003
1.981946 1.982957 1.992775 1.991399 0.2006902
1.989628 1.992327 1.995615 0.4241591 1.985821
0.7359046 1.986509 1.996951 1.99861 1.999454
1.992847 1.98713 1.992573 1.991697 1.990864
1.988418 1.993131 1.99001 1.988892 1.991554
1.908935 1.977275
0.2403908
0.1163803 0.009493893 0.005099933 -0.007445836 0.0009168445
0.001739309 -0.01745946 -0.0005744404 0.7567183 -0.01067984
-0.01066811 -0.007262322 0.005224452 0.00477915 0.02378765
0.01370203 0.007511045 0.0058784 0.002216407 -0.1087093
-0.01913821 -0.01342906 -0.0095342 -0.02646889 -0.04065874
-0.00997393 0.003135526 -0.01239196 -0.01354154 0.008219198
-0.0001704277 0.005362198 0.01780941 -0.005353306 0.06264706
0.002572871 -0.1489221 -0.01706912
-0.01220402 -0.006043887 0.0002443316 0.004582574 0.01224306
0.004141861 -0.001859952 0.03974129 0.03208563 0.0008612746
-0.003049958 0.001506485 -0.00125867 -0.003134411 0.01594236
0.1877677 0.004874415 0.008760888 -0.01062434 -0.0717759
0.001191134 0.05879196 0.003283481 -0.008434534 0.001203767
-0.01066872 0.008486651 -0.004242061 -0.003362287 0.003665853
0.008810721 -0.003068141 0.0004949625 0.005356229 0.005154224
-0.008357686 0.0002638694 -0.003141985
1.998024 1.982556 1.9975 1.988321 1.997171
1.988811 1.997454 0.1607955 1.989319 1.995003
1.981946 1.982957 1.992775 1.991399 1.995308
1.989628 1.992327 1.995615 1.174521 1.985821
1.977309 1.986509 1.996951 1.78968 1.999454
1.992847 1.98713 1.992573 1.991697 1.990864
1.988418 1.993131 1.99001 0.7238577 1.991554
0.76959 1.977275
1.998024 1.982556 1.9975 1.988321 1.997171
1.988811 0.4073171 1.988042 1.989319 1.995003
1.981946 1.982957 1.992775 1.991399 0.2006932
1.989628 1.992327 1.995615 0.4241685 1.985821
0.7358958 1.986509 1.996951 1.99861 1.999454
1.992847 1.98713 1.992573 1.991697 1.990864
1.988418 1.993131 1.99001 1.988892 1.991554
1.908935 1.977275
0.04229371
0.1474758 0.02945351 0.01387495 -0.03619278 0.02507788
-0.01631907 0.006142031 -0.02444696 0.7681262 0.00250074
-0.006724101 0.0003275763 -0.02204054 -0.02224841 0.02458307
0.002650581 -0.01964364 0.005243448 0.0106532 -0.07352313
-0.0264885 0.01325053 0.01455867 -0.030282 -0.03511274
-0.0224756 -0.0004077963 -0.03610111 -0.05749742 0.01056502
0.01241957 0.003141459 -0.004636497 -0.02512843 0.04684393
0.004816804 -0.1302184 0.009630751
0.05039635 -0.0159196 -0.003774269 0.002860903 0.008683981
0.00321694 -0.01289331 0.0264393 0.02456163 -0.003812644
-0.01857646 0.002314663 -0.01171014 -0.005205239 0.01063447
0.2050614 0.003189575 0.01420579 -0.02354043 -0.08750557
-0.00671812 0.056643 0.008178617 -0.01678349 0.003603869
-0.01018182 0.006801242 -0.006589521 0.003574037 -0.001865186
0.01909566 -0.01577781 0.002683341 0.01152363 0.003662238
-0.007749629 0.006688821 -0.01887206
1.998024 1.982556 0.397127 1.988321 1.997171
1.988811 1.997454 1.988042 1.989319 1.995003
1.981946 1.982957 1.992775 1.991399 1.13819
1.989628 1.992327 1.995615 1.988922 1.984509
0.5803589 0.1277122 1.996951 0.264236 1.999454
1.992847 1.98713 1.992573 1.991697 1.990864
1.988418 1.993131 1.99001 0.1685958 1.991554
1.908935 1.977275
1.71017 1.982556 1.9975 1.988321 1.997171
1.988811 0.2885657 1.988042 1.989319 1.995003
1.981946 1.982957 1.992775 1.991399 1.995308
1.989628 1.992327 1.995615 1.988922 1.985821
0.2033125 1.986509 1.996951 1.99861 1.999454
1.992847 1.98713 0.6032398 1.991697 0.3307196
1.988418 0.06521313 1.99001 1.988892 1.991554
1.908935 1.050131
0.2403917
0.1163839 0.009495052 0.005099395 -0.007446259 0.0009164902
0.0017386 -0.01745983 -0.0005733934 0.7567087 -0.01067922
-0.01066675 -0.007262576 0.005222378 0.004781624 0.02378798
0.01370409 0.007510194 0.005878056 0.002215314 -0.10871
-0.019139 -0.01343029 -0.009532967 -0.02646926 -0.04065817
-0.009974028 0.00313667 -0.01239164 -0.01354232 0.008219334
-0.0001701099 0.005362458 0.01780763 -0.005354018 0.0626506
0.002573949 -0.1489218 -0.01707014
-0.01220408 -0.006043897 0.0002443299 0.004582554 0.01224305
0.00414187 -0.001859956 0.03974133 0.03208564 0.0008612721
-0.003049956 0.001506489 -0.001258656 -0.003134398 0.01594233
0.1877676 0.004874426 0.008760889 -0.01062433 -0.07177586
0.001191154 0.05879201 0.003283492 -0.008434539 0.001203771
-0.01066872 0.008486666 -0.004242068 -0.003362267 0.003665829
0.008810738 -0.003068146 0.0004949615 0.005356208 0.005154231
-0.008357696 0.0002638752 -0.003141977
1.998024 1.982556 1.9975 1.988321 1.997171
1.988811 1.997454 0.1607829 1.989319 1.995003
1.981946 1.982957 1.992775 1.991399 1.995308
1.989628 1.992327 1.995615 1.174632 1.985821
1.977309 1.986509 1.996951 1.789798 1.999454
1.992847 1.98713 1.992573 1.991697 1.990864
1.988418 1.993131 1.99001 0.7237134 1.991554
0.7697768 1.977275
1.998024 1.982556 1.9975 1.988321 1.997171
1.988811 0.4073171 1.988042 1.989319 1.995003
1.981946 1.982957 1.992775 1.991399 0.2006927
1.989628 1.992327 1.995615 0.4241685 1.985821
0.7359026 1.986509 1.996951 1.99861 1.999454
1.992847 1.98713 1.992573 1.991697 1.990864
1.988418 1.993131 1.99001 1.988892 1.991554
1.908935 1.977275
0.24039
0.1163845 0.009494616 0.005099629 -0.007445964 0.0009165381
0.001738827 -0.01745952 -0.0005740007 0.7567097 -0.01067976
-0.01066753 -0.007261913 0.005223001 0.004781148 0.02378768
0.01370348 0.007510203 0.005878191 0.002216146 -0.1087094
-0.01913838 -0.01343058 -0.00953334 -0.02646897 -0.04065821
-0.009973932 0.003135677 -0.01239182 -0.01354218 0.008219312
-0.0001707088 0.005362479 0.01780884 -0.005354019 0.06264793
0.002573965 -0.148923 -0.01707025
-0.0122041 -0.006043903 0.0002443301 0.004582554 0.01224306
0.00414187 -0.00185996 0.03974135 0.03208563 0.0008612746
-0.003049955 0.00150649 -0.001258653 -0.003134397 0.01594233
0.1877675 0.004874434 0.008760891 -0.01062433 -0.07177587
0.001191157 0.05879202 0.00328349 -0.008434541 0.001203774
-0.01066872 0.008486667 -0.004242065 -0.003362264 0.003665836
0.008810739 -0.00306814 0.0004949584 0.005356205 0.00515423
-0.008357699 0.000263876 -0.003141974
1.998024 1.982556 1.9975 1.988321 1.997171
1.988811 1.997454 0.1607818 1.989319 1.995003
1.981946 1.982957 1.992775 1.991399 1.995308
1.989628 1.992327 1.995615 1.174496 1.985821
1.977309 1.986509 1.996951 1.790046 1.999454
1.992847 1.98713 1.992573 1.991697 1.990864
1.988418 1.993131 1.99001 0.7237863 1.991554
0.7697184 1.977275
1.998024 1.982556 1.9975 1.988321 1.997171
1.988811 0.407317 1.988042 1.989319 1.995003
1.981946 1.982957 1.992775 1.991399 0.2006926
1.989628 1.992327 1.995615 0.4241691 1.985821
0.7359031 1.986509 1.996951 1.99861 1.999454
1.992847 1.98713 1.992573 1.991697 1.990864
1.988418 1.993131 1.99001 1.988892 1.991554
1.908935 1.977275
0.2403851
0.1163836 0.009494584 0.005099846 -0.007445925 0.0009167217
0.001738784 -0.01746006 -0.0005737566 0.7567129 -0.01067955
-0.0106676 -0.007262546 0.005223095 0.004780505 0.02378754
0.01370317 0.007510357 0.005877855 0.002215706 -0.1087096
-0.01913849 -0.01342982 -0.009533964 -0.02646914 -0.04065831
-0.009973819 0.003135668 -0.01239184 -0.0135414 0.008219402
-0.0001703253 0.005362154 0.01780918 -0.00535407 0.06264827
0.0025741 -0.1489224 -0.01707008
-0.01220367 -0.006044099 0.0002443358 0.0045826 0.01224329
0.0041418 -0.001860104 0.03974236 0.03208518 0.0008612512
-0.003050202 0.001506429 -0.001258736 -0.003134451 0.01594233
0.187769 0.004874525 0.008761016 -0.01062447 -0.07177642
0.001191044 0.05879175 0.003283479 -0.008434534 0.001203767
-0.01066884 0.008486365 -0.00424198 -0.003362225 0.003666274
0.008810584 -0.003068194 0.0004946823 0.005356285 0.005153942
-0.008357405 0.0002636962 -0.003142061
1.998024 1.982556 1.9975 1.988321 1.997171
1.988811 1.997454 0.1607802 1.989319 1.995003
1.981946 1.982957 1.992775 1.991399 1.995308
1.989628 1.992327 1.995615 1.174565 1.985821
1.977309 1.986509 1.996951 1.789898 1.999454
1.992847 1.98713 1.992573 1.991697 1.990864
1.988418 1.993131 1.99001 0.7237815 1.991554
0.7696377 1.977275
1.998024 1.982556 1.9975 1.988321 1.997171
1.988811 0.4072885 1.988042 1.989319 1.995003
1.981946 1.982957 1.992775 1.991399 0.2007019
1.989628 1.992327 1.995615 0.4241753 1.985821
0.7358842 1.986509 1.996951 1.99861 1.999454
1.992847 1.98713 1.992573 1.991697 1.990864
1.988418 1.993131 1.99001 1.988892 1.991554
1.908935 1.977275
0.2403925
0.1164055 0.009494716 0.005094459 -0.007443896 0.0009174146
0.001737097 -0.01746529 -0.0005773804 0.7566916 -0.01068072
-0.01066557 -0.007260162 0.005225359 0.004783607 0.02378661
0.0137057 0.007506079 0.00587941 0.002221523 -0.1087102
-0.01913601 -0.01344118 -0.00953799 -0.02647053 -0.04065166
-0.00996994 0.003132749 -0.0123949 -0.01354284 0.008224813
-0.0001761556 0.005364495 0.0178105 -0.005354623 0.06264729
0.002576124 -0.1489308 -0.01707866
-0.01220424 -0.00604382 0.0002443332 0.00458264 0.01224299
0.004141864 -0.001859923 0.03974083 0.03208567 0.0008613381
-0.003049816 0.0015065 -0.001258654 -0.00313445 0.01594241
0.1877671 0.004874431 0.008760857 -0.01062428 -0.07177583
0.00119114 0.05879187 0.003283413 -0.008434539 0.00120381
-0.01066872 0.008486758 -0.004242046 -0.003362342 0.003665824
0.008810757 -0.003068015 0.000495065 0.005356232 0.005154336
-0.008357855 0.0002639464 -0.003141929
1.998024 1.982556 1.9975 1.988321 1.997171
1.988811 1.997454 0.1607842 1.989319 1.995003
1.981946 1.982957 1.992775 1.991399 1.995308
1.989628 1.992327 1.995615 1.174428 1.985821
1.977309 1.986509 1.996951 1.795606 1.999454
1.992847 1.98713 1.992573 1.991697 1.990864
1.988418 1.993131 1.99001 0.7236199 1.991554
0.7697331 1.977275
1.998024 1.982556 1.9975 1.988321 1.997171
1.988811 0.4073297 1.988042 1.989319 1.995003
1.981946 1.982957 1.992775 1.991399 0.2006897
1.989628 1.992327 1.995615 0.4241748 1.985821
0.7358816 1.986509 1.996951 1.99861 1.999454
1.992847 1.98713 1.992573 1.991697 1.990864
1.988418 1.993131 1.99001 1.988892 1.991554
1.908935 1.977275
0.2403902
0.1163834 0.00949482 0.005099716 -0.007445985 0.0009165197
0.001738942 -0.01745969 -0.0005738751 0.7567098 -0.01067963
-0.01066735 -0.007262112 0.005222796 0.004781363 0.02378763
0.01370368 0.007510231 0.005878081 0.00221597 -0.1087091
-0.01913869 -0.01343002 -0.009533146 -0.02646912 -0.04065837
-0.009973973 0.003135832 -0.01239151 -0.01354226 0.008219409
-0.0001702161 0.005362359 0.01780844 -0.005354058 0.06264905
0.002573856 -0.1489222 -0.01706988
-0.01220406 -0.006043886 0.0002443318 0.004582536 0.01224304
0.004141872 -0.001859943 0.03974132 0.03208568 0.0008612561
-0.003049968 0.001506495 -0.001258654 -0.003134381 0.01594233
0.1877676 0.004874402 0.008760881 -0.01062433 -0.07177582
0.001191159 0.05879205 0.00328351 -0.008434537 0.001203754
-0.0106687 0.008486668 -0.004242078 -0.003362265 0.00366579
0.008810738 -0.003068173 0.0004949667 0.005356207 0.005154232
-0.008357677 0.0002638739 -0.003141988
1.998024 1.982556 1.9975 1.988321 1.997171
1.988811 1.997454 0.1607814 1.989319 1.995003
1.981946 1.982957 1.992775 1.991399 1.995308
1.989628 1.992327 1.995615 1.174465 1.985821
1.977309 1.986509 1.996951 1.789862 1.999454
1.992847 1.98713 1.992573 1.991697 1.990864
1.988418 1.993131 1.99001 0.7237597 1.991554
0.7697029 1.977275
1.998024 1.982556 1.9975 1.988321 1.997171
1.988811 0.4073174 1.988042 1.989319 1.995003
1.981946 1.982957 1.992775 1.991399 0.2006929
1.989628 1.992327 1.995615 0.4241658 1.985821
0.735907 1.986509 1.996951 1.99861 1.999454
1.992847 1.98713 1.992573 1.991697 1.990864
1.988418 1.993131 1.99001 1.988892 1.991554
1.908935 1.977275
0.2391602
0.1163812 0.009495158 0.005099414 -0.007445916 0.0009167842
0.001738947 -0.01746108 -0.0005736344 0.7567128 -0.01067905
-0.01066658 -0.007263249 0.005222901 0.004781123 0.02378751
0.01370388 0.007510244 0.005877794 0.00221552 -0.1087092
-0.01913933 -0.01342898 -0.009533807 -0.02646981 -0.04065819
-0.009973607 0.003136355 -0.01239128 -0.01354181 0.008220181
-0.0001692451 0.005362045 0.01780762 -0.005353956 0.06265243
0.002573583 -0.1489203 -0.01706959
-0.01220032 -0.006043021 0.0002440883 0.004583304 0.01224304
0.004141846 -0.001859519 0.03973639 0.03208622 0.0008614534
-0.003049484 0.001505887 -0.001259413 -0.003135341 0.01594299
0.1877691 0.004873776 0.008760686 -0.01062493 -0.07177708
0.001190439 0.05878987 0.003283063 -0.008434222 0.001203921
-0.01066868 0.008486564 -0.004242364 -0.00336303 0.00366568
0.008810596 -0.003068209 0.0004957358 0.005356724 0.005154473
-0.008358043 0.0002638772 -0.003141997
1.998024 1.982556 1.9975 1.988321 1.997171
1.988811 1.997454 0.1607857 1.989319 1.995003
1.981946 1.982957 1.992775 1.991399 1.995308
1.989628 1.992327 1.995615 1.174549 1.985821
1.977309 1.986509 1.996951 1.789756 1.999454
1.992847 1.98713 1.992573 1.991697 1.990864
1.988418 1.993131 1.99001 0.7236746 1.991554
0.7696164 1.977275
1.998024 1.982556 1.9975 1.988321 1.997171
1.988811 0.4073338 1.988042 1.989319 1.995003
1.981946 1.982957 1.992775 1.991399 0.2006741
1.989628 1.992327 1.995615 0.4241377 1.985821
0.7355821 1.986509 1.996951 1.99861 1.999454
1.992847 1.98713 1.992573 1.991697 1.990864
1.988418 1.993131 1.99001 1.988892 1.991554
1.908935 1.977275
