1
0.1119628 0.003178927 0.0116573 0.0204737 0.0182486
-0.007680058 -0.01593871 0.203381 0.02662951 0.01394721
-0.007749833 0.02262312 -0.004147551 0.05624137 0.07413423
0.2978693 0.03017539 0.02020632 -0.01995345 -0.2881217
-0.09058659 0.1295985 0.01669748 -0.00238234 -0.00246756
-0.02379056 0.01373715 0.003288583 -0.01213262 0.03371217
-0.01322566 -0.008764043 0.02684856 -0.0015834 -0.009420438
0.005941438 -0.05170032 -0.01424072
0.1119641 0.003179285 0.01165722 0.02047373 0.0182486
-0.007680061 -0.01593843 0.2033798 0.02662977 0.01394722
-0.007749834 0.02262309 -0.004147867 0.05624124 0.07413443
0.2978687 0.03017516 0.02020625 -0.01995372 -0.2881213
-0.0905867 0.1295982 0.01669767 -0.002382417 -0.002467634
-0.02379057 0.01373701 0.003288374 -0.01213274 0.03371197
-0.01322554 -0.008764169 0.02684879 -0.001583455 -0.009420431
0.005941502 -0.05170054 -0.01424071
1.998024 1.982556 1.9975 1.988321 1.997171
1.988811 0.1874784 1.988042 1.989319 1.995003
1.981946 1.982957 1.992775 1.991399 0.3135908
1.989628 1.992327 1.995615 0.5261276 1.985821
0.8051765 1.986509 1.996951 1.99861 1.999454
1.992847 1.98713 1.992573 1.991697 1.990864
1.988418 1.993131 1.99001 1.988892 1.991554
1.908935 1.977275
1.998024 1.982556 1.9975 1.988321 1.997171
1.988811 0.1874773 1.988042 1.989319 1.995003
1.981946 1.982957 1.992775 1.991399 0.3135852
1.989628 1.992327 1.995615 0.5261106 1.985821
0.8051584 1.986509 1.996951 1.99861 1.999454
1.992847 1.98713 1.992573 1.991697 1.990864
1.988418 1.993131 1.99001 1.988892 1.991554
1.908935 1.977275
0.1448958
0.2163974 0.004782954 0.01443837 0.02154441 0.01134377
-0.002055231 -0.0336164 0.1429427 0.01656579 0.00910132
-0.0125602 0.02650824 -0.02591722 0.06252885 0.08242194
0.3072658 0.005978503 0.01766868 -0.05893079 -0.300137
-0.1075584 0.1388192 0.02013611 0.001262363 0.01016823
-0.02634836 0.02014828 -0.003586655 -0.02517338 0.01549122
0.01739642 -0.02755592 0.03440463 0.006608327 0.008588934
-0.006499181 -0.05011714 -0.04075404
0.1119645 0.003179276 0.01165731 0.02047388 0.01824868
-0.007680295 -0.01593851 0.2033795 0.02662937 0.01394719
-0.007749836 0.0226231 -0.004147948 0.05624108 0.07413436
0.2978696 0.03017536 0.02020644 -0.01995371 -0.2881222
-0.09058673 0.129598 0.01669747 -0.002382357 -0.002467562
-0.02379062 0.01373707 0.003288449 -0.0121327 0.03371227
-0.01322566 -0.00876399 0.02684867 -0.001583436 -0.009420385
0.005941516 -0.05170061 -0.01424063
0.03828997 1.982556 1.9975 1.988321 1.997171
1.988811 1.997454 1.988042 1.989319 1.995003
1.981946 0.5575642 1.992775 1.991399 1.995308
1.989628 1.992327 1.995615 1.988922 0.4139975
1.977309 1.986509 1.996951 1.99861 1.999454
0.5873137 1.98713 1.992573 0.2361547 1.990864
1.988418 1.993131 1.99001 1.988892 1.991554
0.2765291 1.977275
1.998024 1.982556 1.9975 1
1.988321 1.997171
1.988811 0.1874761 1.988042 1.989319 1.995003
1.981946 0.11196241.992775 1.9913998915 0.0116572 0.02047365 0.01824849
-0.0076800181.989628 1.992327 1.995615 0.5261233 1.985821
.0159386 0.2033814 1.986509 1.996951 1.99861  .999454
1.992847 1.98713 1.992573 1.9916970.02662966 0.01394726
-0.007749784 0.02262315 -0.004147486 .990864
1.988418 1.99313147 0.07413427
0.2978687 0.03017534  .02020617 -0.01995331 -0.2881212
-0.09058655 0.12959851.990019759 -0.002382364 -0.002467635
-0.02379052  .0137371 0.003288593 -0.01213268 0.03371203
-0.013225611.9888926403 0.02684854  0.001583453 1.991554-0.00942047

1.9089350.005941296 -0.051700221.977275 -0.01424073

0.111963 0.003178898 0.0116574 0.02047377 0.0182487
-0.007680264 -0.0159388 0.2033807 0.02662905 0.01394722
-0.00774985 0.02262314 -0.004147651 0.0562412 0.07413409
0.29787 0.03017567 0.02020656 -0.01995339 -0.2881228
-0.09058659 0.1295987 0.01669729 -0.002382331 -0.002467452
-0.02379053 0.01373725 0.003288597 -0.01213258 0.03371248
-0.01322582 -0.008763904 0.02684854 -0.001583439 -0.009420407
0.00594142 -0.0517004 -0.01424064
1.998024 1.982556 1.9975 1.988321 1.997171
1.988811 0.1874806 1.988042 1.989319 1.995003
1.981946 1.982957 1.992775 1.991399 0.3135903
1.989628 1.992327 1.995615 0.5261236 1.985821
0.805184 1.986509 1.996951 1.99861 1.999454
1.992847 1.98713 1.992573 1.991697 1.990864
1.988418 1.993131 1.99001 1.988892 1.991554
1.908935 1.977275
1.998024 1.982556 1.9975 1.988321 1.997171
1.988811 0.1874766 1.988042 1.989319 1.995003
1.981946 1.982957 1.992775 1.991399 0.3135883
1.989628 1.992327 1.995615 0.5261449 1.985821
0.8051668 1.986509 1.996951 1.99861 1.999454
1.992847 1.98713 1.992573 1.991697 1.990864
1.988418 1.993131 1.99001 1.988892 1.991554
1.908935 1.977275
1
0.1119633 0.003179056 0.01165728 0.02047368 0.01824861
-0.007680038 -0.01593862 0.2033805 0.0266296 0.01394722
-0.007749844 0.02262311 -0.004147678 0.05624132 0.07413428
0.297869 0.03017532 0.02020631 -0.01995355 -0.2881216
-0.09058662 0.1295985 0.01669756 -0.00238239 -0.002467571
-0.02379053 0.01373711 0.003288476 -0.01213266 0.03371209
-0.01322562 -0.008764119 0.0268487 -0.001583438 -0.009420441
0.005941464 -0.05170041 -0.01424072
0.1119617 0.003178766 0.01165727 0.02047398 0.01824847
-0.007680757 -0.0159386 0.2033819 0.02662851 0.01394734
-0.007749647 0.02262328 -0.004147543 0.05624121 0.07413405
0.2978706 0.03017604 0.02020652 -0.01995278 -0.2881233
-0.09058652 0.1295982 0.01669712 -0.002382218 -0.002467559
-0.02379058 0.01373722 0.003288912 -0.0121327 0.0337128
-0.01322598 -0.008763313 0.02684799 -0.001583555 -0.0094204
0.005940893 -0.05170017 -0.01424045
1.998024 1.982556 1.9975 1.988321 1.997171
1.988811 0.1874776 1.988042 1.989319 1.995003
1.981946 1.982957 1.992775 1.991399 0.3135876
1.989628 1.992327 1.995615 0.5261225 1.985821
0.8051747 1.986509 1.996951 1.99861 1.999454
1.992847 1.98713 1.992573 1.991697 1.990864
1.988418 1.993131 1.99001 1.988892 1.991554
1.908935 1.977275
1.998024 1.982556 1.9975 1.988321 1.997171
1.988811 0.1874825 1.988042 1.989319 1.995003
1.981946 1.982957 1.992775 1.991399 0.3135898
1.989628 1.992327 1.995615 0.5261644 1.985821
0.8051356 1.986509 1.996951 1.99861 1.999454
1.992847 1.98713 1.992573 1.991697 1.990864
1.988418 1.993131 1.99001 1.988892 1.991554
1.908935 1.977275
1
0.1119631 0.003179016 0.01165727 0.02047368 0.0182486
-0.007680092 -0.01593862 0.2033807 0.0266295 0.01394724
-0.007749827 0.02262313 -0.004147658 0.05624131 0.07413424
0.2978691 0.03017541 0.02020633 -0.01995346 -0.2881217
-0.0905866 0.1295986 0.01669752 -0.002382387 -0.002467564
-0.02379051 0.01373713 0.003288506 -0.01213267 0.03371215
-0.01322566 -0.008764053 0.02684866 -0.001583465 -0.009420444
0.005941394 -0.05170037 -0.0142407
0.111963 0.003179086 0.01165717 0.02047356 0.01824851
-0.007679891 -0.01593848 0.2033808 0.02662991 0.01394727
-0.007749815 0.02262313 -0.004147631 0.05624144 0.07413435
0.2978681 0.03017518 0.02020612 -0.01995349 -0.2881207
-0.09058658 0.1295986 0.01669774 -0.002382451 -0.002467654
-0.02379046 0.01373704 0.003288414 -0.01213274 0.03371184
-0.01322552 -0.008764219 0.02684879 -0.001583495 -0.009420486
0.005941369 -0.05170033 -0.01424077
1.998024 1.982556 1.9975 1.988321 1.997171
1.988811 0.1874781 1.988042 1.989319 1.995003
1.981946 1.982957 1.992775 1.991399 0.3135872
1.989628 1.992327 1.995615 0.5261275 1.985821
0.8051749 1.986509 1.996951 1.99861 1.999454
1.992847 1.98713 1.992573 1.991697 1.990864
1.988418 1.993131 1.99001 1.988892 1.991554
1.908935 1.977275
1.998024 1.982556 1.9975 1.988321 1.997171
1.988811 0.1874793 1.988042 1.989319 1.995003
1.981946 1.982957 1.992775 1.991399 0.313586
1.989628 1.992327 1.995615 0.5261128 1.985821
0.8051901 1.986509 1.996951 1.99861 1.999454
1.992847 1.98713 1.992573 1.991697 1.990864
1.988418 1.993131 1.99001 1.988892 1.991554
1.908935 1.977275
1
0.1119634 0.003179061 0.0116573 0.02047368 0.01824864
-0.007680034 -0.01593864 0.2033804 0.02662958 0.01394721
-0.007749859 0.0226231 -0.004147694 0.05624129 0.07413427
0.297869 0.03017533 0.02020634 -0.01995359 -0.2881217
-0.09058663 0.1295985 0.01669754 -0.00238239 -0.002467553
-0.02379053 0.01373713 0.003288465 -0.01213265 0.03371211
-0.01322563 -0.008764136 0.02684872 -0.001583428 -0.009420436
0.005941503 -0.05170043 -0.01424072
0.1119672 0.003178987 0.01165805 0.02047413 0.01824948
-0.007679609 -0.01593988 0.2033773 0.02662968 0.01394655
-0.007750361 0.02262267 -0.004147666 0.05624099 0.07413429
0.2978727 0.0301748 0.02020695 -0.01995523 -0.2881237
-0.09058708 0.1295975 0.01669694 -0.002382006 -0.002467131
-0.02379124 0.0137374 0.003288576 -0.01213194 0.03371253
-0.01322552 -0.008764756 0.02684872 -0.001582493 -0.009420182
0.005943268 -0.05170102 -0.01424101
1.998024 1.982556 1.9975 1.988321 1.997171
1.988811 0.187477 1.988042 1.989319 1.995003
1.981946 1.982957 1.992775 1.991399 0.3135876
1.989628 1.992327 1.995615 0.5261231 1.985821
0.8051743 1.986509 1.996951 1.99861 1.999454
1.992847 1.98713 1.992573 1.991697 1.990864
1.988418 1.993131 1.99001 1.988892 1.991554
1.908935 1.977275
1.998024 1.982556 1.9975 1.988321 1.997171
1.988811 0.187462 1.988042 1.989319 1.995003
1.981946 1.982957 1.992775 1.991399 0.3136159
1.989628 1.992327 1.995615 0.5261034 1.985821
0.8051337 1.986509 1.996951 1.99861 1.999454
1.992847 1.98713 1.992573 1.991697 1.990864
1.988418 1.993131 1.99001 1.988892 1.991554
1.908935 1.977275
1
0.1119636 0.003179176 0.01165722 0.02047366 0.01824858
-0.007679986 -0.01593849 0.2033803 0.02662979 0.01394723
-0.007749836 0.0226231 -0.004147755 0.05624132 0.07413437
0.2978685 0.03017519 0.02020622 -0.01995363 -0.2881212
-0.09058664 0.1295984 0.01669768 -0.002382428 -0.002467623
-0.02379052 0.01373704 0.003288397 -0.01213272 0.03371194
-0.01322555 -0.008764193 0.02684879 -0.001583465 -0.009420452
0.005941463 -0.05170045 -0.01424074
0.111963 0.003178965 0.0116573 0.02047371 0.01824861
-0.007680027 -0.01593871 0.2033808 0.02662958 0.0139472
-0.007749846 0.02262311 -0.004147575 0.05624136 0.07413426
0.2978692 0.03017533 0.0202063 -0.01995352 -0.2881216
-0.09058662 0.1295984 0.0166975 -0.002382342 -0.002467566
-0.02379058 0.01373714 0.003288559 -0.01213262 0.03371213
-0.01322563 -0.008764088 0.02684859 -0.001583381 -0.009420435
0.005941491 -0.05170035 -0.01424074
1.998024 1.982556 1.9975 1.988321 1.997171
1.988811 0.1874778 1.988042 1.989319 1.995003
1.981946 1.982957 1.992775 1.991399 0.3135858
1.989628 1.992327 1.995615 0.5261135 1.985821
0.8051735 1.986509 1.996951 1.99861 1.999454
1.992847 1.98713 1.992573 1.991697 1.990864
1.988418 1.993131 1.99001 1.988892 1.991554
1.908935 1.977275
1.998024 1.982556 1.9975 1.988321 1.997171
1.988811 0.1874781 1.988042 1.989319 1.995003
1.981946 1.982957 1.992775 1.991399 0.3135911
1.989628 1.992327 1.995615 0.5261238 1.985821
0.805175 1.986509 1.996951 1.99861 1.999454
1.992847 1.98713 1.992573 1.991697 1.990864
1.988418 1.993131 1.99001 1.988892 1.991554
1.908935 1.977275
1
0.1119667 0.003179171 0.01165784 0.02047389 0.01824931
-0.007679656 -0.01593944 0.2033775 0.02662973 0.01394677
-0.007750266 0.02262278 -0.004147879 0.05624098 0.07413428
0.2978711 0.03017492 0.02020683 -0.01995491 -0.2881231
-0.09058696 0.1295982 0.01669721 -0.002382236 -0.00246721
-0.02379091 0.01373732 0.003288322 -0.01213219 0.03371232
-0.01322554 -0.008764753 0.02684905 -0.001582855 -0.00942027
0.005942815 -0.05170101 -0.01424093
10.1119625 0.003178816 0.01165738 0.02047369 0.018248670.1119635
0.0031790624 -0.01593882 0.2033811 0.0204737 0.01824866
0.0266290238 -0.01593867 0.2033803 0.02662956 0.01394726
-0.007749869 
0.0226230942 0.02262316 -0.004147584  .05624125 0.07413402
0.2978698701 0.056241280.03017575 0.074134270.02020656
0-0.01995327  0.2881228
-0.09058653 0.1295989 0.03017533  0.002382358 0.0202063638
 -0.02379046-0.01995362 -0.2881218
0.013737294 0.1295985 0.016697520.0032886 -0.01213258 -0.002382381
-0.002467541-0.01322585-0.02379055-0.0087639010.01373713 0.026848568 -0.01213263-0.0015834840.03371214 
-0.01322563 -0.0094204290.02684872 -0.00158341-0.00942042 
0.005941537 -0.05170045-0.05170033 -0.01424064
-0.01424073
0.1119634 0.003179028 1.99802431  .02047376 0.01824863
-0.0076801031.982556  1.9975-0.01593867 1.988321 0.203380510.02662951 0.01394719
1.988811 0.1874639-0.007749843 1.988042 0.022623  -0.004147655
0.056241291.981946 0.07413428
 0.29786941.982957  1.99277535  0.02020635 0.3136005-0.01995356
 .989628 -0.2881218
992327 1.995615665  0.1295983 .5261067 0.01669748
0.8051549334  -0.002467562
986509 1.99695106  1.99861712  .00328855 -0.01213263
1.992847 .03371219
1.987132564 -0.00876405 0.02684859 1.9925733383  -0.0094204191.991697 
990864
1.988418503 -0.05170041 -0.01424071
1.993131 1.99001 1.988892 1.991554
1.908935 1.977275
1.998024 1.982556 1.9975 1.988321 1.997171
1.9888111.9980240.1874767 .982556 1.997542 1.989319 1.995003 
1.981946 1.982957 1.992775 1.9971711.991399 0.31358811.9888111.989628  .992327 1.995615 0.5261233 .1874771 1.988042
 0.80517231.995003
1.981946 1.982957  .992775 1.991399 0.3135872
986509 1.989628 1.99861 1.9994541.9923271.992847  1.98713 .995615 1.9925730.5261498  1.9916971.985821 
1.9908648 
1.9865091.988418  1.993131  .99861 1.990014
1.992847  1.987131.988892 1.9915541.992573 1.991697 
990864
1.988418 1.908935 1.99001  1.977275
1.988892 1.991554
1.908935 1.977275
1.998024 1.982556 1.9975 1.988321 1.997171
1.988811 0.1874776 1.988042 1.989319 1.995003
1.981946 1.982957 1.992775 1.991399 0.3135904
1.989628 1.992327 1.995615 0.5261243 1.985821
0.8051643 1.986509 1.996951 1.99861 1.999454
1.992847 1.98713 1.992573 1.991697 1.990864
1.988418 1.993131 1.99001 1.988892 1.991554
1.908935 1.977275
1
0.1119639 0.003179135 0.01165732 0.02047365 0.01824869
-0.007679928 -0.01593865 0.20338 0.02662974 0.01394719
-0.007749902 0.02262307 -0.004147753 0.05624128 0.07413431
0.2978689 0.03017521 0.02020633 -0.01995376 -0.2881215
-0.09058666 0.1295986 0.0166976 -0.00238242 -0.002467543
-0.02379053 0.01373711 0.003288376 -0.01213264 0.03371202
-0.01322557 -0.008764277 0.02684886 -0.001583404 -0.009420435
0.005941627 -0.05170051 -0.01424077
0.111965 0.003178377 0.01165842 0.02047393 0.01824977
-0.007680268 -0.01594041 0.2033786 0.02662757 0.0139468
-0.007750409 0.02262288 -0.004147694 0.05624057 0.07413329
0.2978749 0.03017641 0.02020797 -0.01995433 -0.2881283
-0.09058672 0.1295999 0.01669614 -0.002382128 -0.00246657
-0.02379069 0.01373806 0.003288636 -0.01213176 0.03371385
-0.01322639 -0.008764193 0.02684879 -0.001582908 -0.009420177
0.005942768 -0.05170098 -0.01424067
1.998024 1.982556 1.9975 1.988321 1.997171
1.988811 0.1874757 1.988042 1.989319 1.995003
1.981946 1.982957 1.992775 1.991399 0.3135869
1.989628 1.992327 1.995615 0.5261162 1.985821
0.805178 1.986509 1.996951 1.99861 1.999454
1.992847 1.98713 1.992573 1.991697 1.990864
1.988418 1.993131 1.99001 1.988892 1.991554
1.908935 1.977275
1.998024 1.982556 1.9975 1.988321 1.997171
1.988811 0.1874566 1.988042 1.989319 1.995003
1.981946 1.982957 1.992775 1.991399 0.3135987
1.989628 1.992327 1.995615 0.5262056 1.985821
0.8051727 1.986509 1.996951 1.99861 1.999454
1.992847 1.98713 1.992573 1.991697 1.990864
1.988418 1.993131 1.99001 1.988892 1.991554
1.908935 1.977275
1
0.1119735 0.003180301 0.01165833 0.02047388 0.0182502
-0.00767983 -0.01593936 0.2033709 0.02662915 0.01394667
-0.007750702 0.02262256 -0.004149497 0.05623973 0.07413422
0.2978719 0.03017502 0.02020791 -0.01995646 -0.2881265
-0.09058732 0.1295991 0.0166971 -0.002382643 -0.002466685
-0.02379064 0.01373748 0.003287206 -0.01213216 0.03371275
-0.01322575 -0.008765465 0.02685064 -0.00158305 -0.009420117
0.005943784 -0.05170247 -0.0142408
0.1119634 0.003179072 0.01165729 0.02047367 0.01824863
-0.00768002 -0.01593862 0.2033804 0.02662961 0.01394722
-0.007749858 0.0226231 -0.004147701 0.0562413 0.07413428
0.2978689 0.03017532 0.02020633 -0.01995359 -0.2881216
-0.09058662 0.1295986 0.01669756 -0.002382403 -0.002467558
-0.02379052 0.01373712 0.003288447 -0.01213266 0.03371209
-0.01322562 -0.008764151 0.02684875 -0.001583441 -0.009420441
0.005941492 -0.05170043 -0.01424073
1.998024 1.982556 1.9975 1.988321 1.997171
1.988811 0.1874412 1.988042 1.989319 1.995003
1.981946 1.982957 1.992775 1.991399 0.3135667
1.989628 1.992327 1.995615 0.5261122 1.985821
0.8051131 1.986509 1.996951 1.99861 1.999454
1.992847 1.98713 1.992573 1.991697 1.990864
1.988418 1.993131 1.99001 1.988892 1.991554
1.908935 1.977275
1.998024 1.982556 1.9975 1.988321 1.997171
1.988811 0.1874771 1.988042 1.989319 1.995003
1.981946 1.982957 1.992775 1.991399 0.313587
1.989628 1.992327 1.995615 0.5261223 1.985821
0.8051762 1.986509 1.996951 1.99861 1.999454
1.992847 1.98713 1.992573 1.991697 1.990864
1.988418 1.993131 1.99001 1.988892 1.991554
1.908935 1.977275
1
0.1119649 0.003179273 0.01165748 0.02047379 0.01824889
-0.007680382 -0.01593866 0.2033789 0.0266289 0.01394722
-0.007749931 0.0226231 -0.004148146 0.05624084 0.07413412
0.2978701 0.03017569 0.02020681 -0.01995377 -0.2881236
-0.09058669 0.1295988 0.01669729 -0.00238245 -0.002467352
-0.02379045 0.01373725 0.003288287 -0.01213263 0.03371258
-0.01322586 -0.008764039 0.02684895 -0.001583535 -0.009420368
0.005941596 -0.0517008 -0.01424057
0.1119633 0.003179148 0.01165718 0.02047355 0.01824855
-0.007679851 -0.01593848 0.2033805 0.02662997 0.01394725
-0.007749842 0.0226231 -0.004147696 0.05624141 0.07413437
0.297868 0.03017512 0.02020614 -0.01995361 -0.2881207
-0.0905866 0.1295986 0.01669777 -0.002382473 -0.002467641
-0.02379046 0.01373704 0.00328835 -0.01213273 0.0337118
-0.0132255 -0.008764295 0.02684888 -0.001583489 -0.009420482
0.005941444 -0.0517004 -0.01424078
1.998024 1.982556 1.9975 1.988321 1.997171
1.988811 0.1874713 1.988042 1.989319 1.995003
1.981946 1.982957 1.992775 1.991399 0.31357761
1.989628 
1.992327 1.995615 0.5261449 1.985821
0.8051477 1.986509 0.11196351.99861  1.9994540.003179047
 1.99284734 0.02047363  0.01824871.98713-0.007679911 1.992573-0.015938731.9916970.2033803 1.990864 
1.9884180.02662968  0.01394719
 1.9900149909  0.02262307  .991554
1.908935-0.00414768 1.977275
0.05624131 0.07413425
0.297869 0.03017527 0.02020636 -0.0199537 1.99802417
-0.09058663 1.9825560.1295987  .99750.016697561.988321 0.00238241 -0.0024675161.997171

-0.023790520.1874782  1.98804216  0.003288412 -0.0121326  0.03371206
-0.0132256 -0.008764267 0.02684883 1.992775 -0.001583394 0.3135849-0.009420439
0.0059416221.989628 1.992327 -0.051700461.995615-0.01424077 
0.5261096 1.985821
0.8051901 1.986509 1.9969510.111963 .998610.0031789951.999454
0.01165727 .992847 1.98713356 0.01824861
992573-0.0076798161.991697  -0.01593869
1.988418  .2033807 .993131 0.026629861.99001  .01394721
-0.007749881 1.991554
1.90893509  1.977275
.004147572 0.05624144 0.07413428
0.2978685 0.0301752 0.02020623 -0.01995361 -0.2881211
-0.09058659 0.1295987 0.01669765 -0.002382422 -0.002467572
-0.02379049 0.01373712 0.003288432 -0.01213263 0.03371192
-0.01322555 -0.008764296 0.02684881 -0.001583409 -0.009420469
0.005941542 -0.05170035 -0.01424081
1.998024 1.982556 1.9975 1.988321 1.997171
1.988811 0.1874757 1.988042 1.989319 1.995003
1.981946 1.982957 1.992775 1.991399 0.3135879
1.989628 1.992327 1.995615 0.5261206 1.985821
0.8051847 1.986509 1.996951 1.99861 1.999454
1.992847 1.98713 1.992573 1.991697 1.990864
1.988418 1.993131 1.99001 1.988892 1.991554
1.908935 1.977275
1.998024 1.982556 1.9975 1.988321 1.997171
1.988811 0.1874774 1.988042 1.989319 1.995003
1.981946 1.982957 1.992775 1.991399 0.3135887
1.989628 1.992327 1.995615 0.526116 1.985821
0.8051964 1.986509 1.996951 1.99861 1.999454
1.992847 1.98713 1.992573 1.991697 1.990864
1.988418 1.993131 1.99001 1.988892 1.991554
1.908935 1.977275
1
0.1119635 0.003179067 0.0116573 0.02047368 0.01824865
-0.007680032 -0.01593864 0.2033804 0.02662958 0.01394721
-0.007749862 0.0226231 -0.004147701 0.05624129 0.07413427
0.2978691 0.03017532 0.02020634 -0.0199536 -0.2881217
-0.09058663 0.1295985 0.01669754 -0.002382392 -0.002467551
-0.02379053 0.01373713 0.003288459 -0.01213265 0.03371211
-0.01322563 -0.008764142 0.02684873 -0.001583427 -0.009420435
0.00594151 -0.05170044 -0.01424073
0.1119626 0.003179024 0.01165715 0.02047365 0.01824846
-0.007680044 -0.01593847 0.2033812 0.02662972 0.01394728
-0.007749764 0.02262316 -0.004147581 0.05624144 0.07413433
0.2978685 0.0301753 0.02020613 -0.01995333 -0.288121
-0.09058657 0.1295984 0.01669766 -0.002382396 -0.002467673
-0.02379051 0.01373704 0.003288534 -0.01213275 0.03371197
-0.01322558 -0.008764034 0.02684859 -0.0015835 -0.009420475
0.005941249 -0.05170026 -0.01424072
1.998024 1.982556 1.9975 1.988321 1.997171
1.988811 0.1874769 1.988042 1.989319 1.995003
1.981946 1.982957 1.992775 1.991399 0.3135875
1.989628 1.992327 1.995615 0.5261229 1.985821
0.8051741 1.986509 1.996951 1.99861 1.999454
1.992847 1.98713 1.992573 1.991697 1.990864
1.988418 1.993131 1.99001 1.988892 1.991554
1.908935 1.977275
1.998024 1.982556 1.9975 1.988321 1.997171
1.988811 0.1874808 1.988042 1.989319 1.995003
1.981946 1.982957 1.992775 1.991399 0.3135877
1.989628 1.992327 1.995615 0.5261194 1.985821
0.8051787 1.986509 1.996951 1.99861 1.999454
1.992847 1.98713 1.992573 1.991697 1.990864
1.988418 1.993131 1.99001 1.988892 1.991554
1.908935 1.977275
0.2240927
0.2404241 4.593097e-05 0.01324332 0.02564675 0.008435843
-0.002743771 -0.03788772 0.1393539 0.02047462 0.003844569
-0.0221651 0.02748012 -0.01790876 0.06108072 0.08292293
0.3055395 0.01045724 0.01071973 -0.05898766 -0.3058411
-0.1033887 0.1371879 0.01655389 -0.007790925 0.0158773
-0.02570688 0.02555353 -0.01546475 -0.03112943 0.01817925
0.01749581 -0.02059798 0.04067935 0.001817089 0.004448127
-0.007223055 -0.05708886 -0.0457508
0.1119646 0.003179131 0.01165749 0.02047366 0.0182489
-0.007679882 -0.01593889 0.2033793 0.02662959 0.0139471
-0.007750019 0.022623 -0.004147837 0.05624114 0.07413422
0.2978695 0.03017526 0.02020657 -0.01995404 -0.2881224
-0.09058671 0.1295988 0.01669746 -0.002382412 -0.002467393
-0.02379055 0.01373723 0.003288308 -0.01213251 0.03371219
-0.01322563 -0.008764411 0.026849 -0.001583313 -0.009420395
0.005941925 -0.05170068 -0.01424079
0.04860461 1.982556 1.9975 1.988321 0.3542767
1.988811 1.997454 1.988042 1.989319 1.995003
1.981946 1.463297 1.992775 1.991399 1.995308
1.989628 1.992327 1.995615 1.988922 0.4706593
1.977309 1.986509 1.996951 1.99861 1.999454
0.5551587 1.98713 1.992573 1.802625 1.990864
1.988418 1.993131 1.99001 0.5110875 1.991554
0.2301404 1.977275
1.998024 1.982556 1.9975 1.988321 1.997171
1.988811 0.1874714 1.988042 1.989319 1.995003
1.981946 1.982957 1.992775 1.991399 0.3135873
1.989628 1.992327 1.995615 0.5261216 1.985821
0.8051784 1.986509 1.996951 1.99861 1.999454
1.992847 1.98713 1.992573 1.991697 1.990864
1.988418 1.993131 1.99001 1.988892 1.991554
1.908935 1.977275
1
0.1119633 0.00317898 0.01165724 0.02047398 0.01824851
-0.007679979 -0.01593871 0.2033809 0.02663 0.01394705
-0.007749799 0.02262304 -0.004147382 0.05624152 0.07413456
0.2978695 0.03017492 0.02020602 -0.0199537 -0.2881206
-0.09058676 0.1295972 0.01669754 -0.002382134 -0.002467743
-0.02379094 0.01373696 0.003288812 -0.01213259 0.03371195
-0.01322541 -0.008764029 0.02684817 -0.001583104 -0.009420391
0.005941668 -0.05170025 -0.01424081
0.1119619 0.003178457 0.01165743 0.02047361 0.01824867
-0.007679288 -0.01593938 0.203382 0.02663041 0.01394693
-0.00775 0.02262294 -0.004146828 0.0562419 0.0741343
0.2978694 0.03017478 0.02020602 -0.01995385 -0.2881202
-0.09058663 0.1295982 0.01669752 -0.002382137 -0.002467564
-0.02379087 0.01373721 0.003288841 -0.01213227 0.03371176
-0.01322535 -0.008764532 0.02684836 -0.001582875 -0.009420443
0.005942093 -0.05170001 -0.01424109
1.998024 1.982556 1.9975 1.988321 1.997171
1.988811 0.1874813 1.988042 1.989319 1.995003
1.981946 1.982957 1.992775 1.991399 0.3136056
1.989628 1.992327 1.995615 0.5260984 1.985821
0.8051417 1.986509 1.996951 1.99861 1.999454
1.992847 1.98713 1.992573 1.991697 1.990864
1.988418 1.993131 1.99001 1.988892 1.991554
1.908935 1.977275
1.998024 1.982556 1.9975 1.988321 1.997171
1.988811 0.1874786 1.988042 1.989319 1.995003
1.981946 1.982957 1.992775 1.991399 0.3136154
1.989628 1.992327 1.995615 0.5260983 1.985821
0.8052208 1.986509 1.996951 1.99861 1.999454
1.992847 1.98713 1.992573 1.991697 1.990864
1.988418 1.993131 1.99001 1.988892 1.991554
1.908935 1.977275
1
0.1119635 0.003179079 0.0116573 0.02047368 0.01824864
-0.007680032 -0.01593863 0.2033803 0.0266296 0.01394721
-0.00774986 0.0226231 -0.00414771 0.05624129 0.07413428
0.297869 0.03017531 0.02020634 -0.0199536 -0.2881217
-0.09058663 0.1295985 0.01669755 -0.002382395 -0.002467556
-0.02379053 0.01373712 0.003288453 -0.01213266 0.0337121
-0.01322562 -0.008764145 0.02684874 -0.001583431 -0.009420436
0.005941507 -0.05170044 -0.01424073
0.1119634 0.003179058 0.0116573 0.02047368 0.01824864
-0.007680036 -0.01593865 0.2033804 0.02662957 0.01394721
-0.007749859 0.0226231 -0.004147693 0.05624129 0.07413427
0.2978691 0.03017533 0.02020634 -0.01995359 -0.2881217
-0.09058663 0.1295985 0.01669754 -0.00238239 -0.002467551
-0.02379053 0.01373713 0.003288466 -0.01213265 0.03371212
-0.01322563 -0.008764133 0.02684872 -0.00158343 -0.009420436
0.005941499 -0.05170043 -0.01424072
1.998024 1.982556 1.9975 1.988321 1.997171
1.988811 0.187477 1.988042 1.989319 1.995003
1.981946 1.982957 1.992775 1.991399 0.3135873
1.989628 1.992327 1.995615 0.5261222 1.985821
0.8051736 1.986509 1.996951 1.99861 1.999454
1.992847 1.98713 1.992573 1.991697 1.990864
1.988418 1.993131 1.99001 1.988892 1.991554
1.908935 1.977275
1.998024 1.982556 1.9975 1.988321 1.997171
1.988811 0.187477 1.988042 1.989319 1.995003
1.981946 1.982957 1.992775 1.991399 0.3135876
1.989628 1.992327 1.995615 0.5261234 1.985821
0.8051745 1.986509 1.996951 1.99861 1.999454
1.992847 1.98713 1.992573 1.991697 1.990864
1.988418 1.993131 1.99001 1.988892 1.991554
1.908935 1.977275
1
0.1119631 0.003179194 0.01165713 0.02047364 0.01824847
-0.007680134 -0.01593831 0.2033806 0.02662966 0.01394733
-0.007749754 0.02262317 -0.004147791 0.05624131 0.07413436
0.2978682 0.03017533 0.02020618 -0.01995337 -0.2881211
-0.09058659 0.1295985 0.01669771 -0.002382467 -0.002467673
-0.02379043 0.01373701 0.003288405 -0.01213282 0.03371197
-0.0132256 -0.008764033 0.02684875 -0.001583605 -0.009420476
0.005941188 -0.05170038 -0.01424067
0.1119633 0.003178911 0.01165741 0.02047373 0.01824873
-0.007679986 -0.0159389 0.2033805 0.0266295 0.01394713
-0.007749914 0.02262306 -0.004147561 0.05624132 0.0741342
0.2978697 0.03017535 0.02020643 -0.01995367 -0.2881221
-0.09058664 0.1295985 0.0166974 -0.00238231 -0.002467481
-0.02379062 0.01373721 0.003288568 -0.01213252 0.03371224
-0.01322566 -0.008764152 0.02684861 -0.001583293 -0.009420408
0.00594168 -0.05170041 -0.01424076
1.998024 1.982556 1.9975 1.988321 1.997171
1.988811 0.1874799 1.988042 1.989319 1.995003
1.981946 1.982957 1.992775 1.991399 0.3135815
1.989628 1.992327 1.995615 0.52612 1.985821
0.8051715 1.986509 1.996951 1.99861 1.999454
1.992847 1.98713 1.992573 1.991697 1.990864
1.988418 1.993131 1.99001 1.988892 1.991554
1.908935 1.977275
1.998024 1.982556 1.9975 1.988321 1.997171
1.988811 0.1874759 1.988042 1.989319 1.995003
1.981946 1.982957 1.992775 1.991399 0.3135934
1.989628 1.992327 1.995615 0.526127 1.985821
0.8051757 1.986509 1.996951 1.99861 1.999454
1.992847 1.98713 1.992573 1.991697 1.990864
1.988418 1.993131 1.99001 1.988892 1.991554
1.908935 1.977275
1
0.1119613 0.00317846 0.0116575 0.02047354 0.01824875
-0.007680113 -0.01593917 0.2033821 0.02662879 0.01394727
-0.007749902 0.02262318 -0.004147313 0.05624136 0.07413375
0.2978702 0.030176 0.0202067 -0.01995309 -0.2881234
-0.0905864 0.1295997 0.01669713 -0.002382354 -0.002467294
-0.02379035 0.0137375 0.003288685 -0.01213243 0.03371266
-0.01322598 -0.008763932 0.02684855 -0.001583463 -0.00942045
0.005941358 -0.05170017 -0.01424068
0.1119629 0.003178986 0.01165725 0.02047369 0.01824856
-0.007680036 -0.01593863 0.2033809 0.02662962 0.01394722
-0.007749818 0.02262312 -0.004147578 0.05624139 0.07413429
0.297869 0.03017532 0.02020625 -0.01995346 -0.2881214
-0.0905866 0.1295984 0.01669755 -0.002382358 -0.002467602
-0.02379056 0.0137371 0.003288553 -0.01213266 0.03371208
-0.01322561 -0.008764067 0.02684859 -0.001583419 -0.009420447
0.005941412 -0.05170032 -0.01424073
1.998024 1.982556 1.9975 1.988321 1.997171
1.988811 0.1874762 1.988042 1.989319 1.995003
1.981946 1.982957 1.992775 1.991399 0.3135895
1.989628 1.992327 1.995615 0.5261688 1.985821
0.8052156 1.986509 1.996951 1.99861 1.999454
1.992847 1.98713 1.992573 1.991697 1.990864
1.988418 1.993131 1.99001 1.988892 1.991554
1.908935 1.977275
1.998024 1.982556 1.9975 1.988321 1.997171
1.988811 0.187479 1.988042 1.989319 1.995003
1.981946 1.982957 1.992775 1.991399 0.31359
1.989628 1.992327 1.995615 0.5261224 1.985821
0.8051757 1.986509 1.996951 1.99861 1.999454
1.992847 1.98713 1.992573 1.991697 1.990864
1.988418 1.993131 1.99001 1.988892 1.991554
1.908935 1.977275
1
0.111964 0.003179126 0.01165734 0.0204738 0.0182487
-0.007680067 -0.01593868 0.2033799 0.0266296 0.01394715
-0.00774988 0.02262306 -0.004147744 0.05624123 0.07413434
0.2978694 0.03017524 0.02020637 -0.01995376 -0.2881218
-0.09058671 0.1295982 0.01669749 -0.002382333 -0.002467553
-0.02379065 0.0137371 0.003288492 -0.01213262 0.03371215
-0.0132256 -0.008764136 0.02684866 -0.001583335 -0.0094204
0.005941647 -0.05170051 -0.01424073
0.1119638 0.003179119 0.01165732 0.0204738 0.01824867
-0.007680142 -0.01593863 0.2033801 0.02662949 0.01394718
-0.007749853 0.02262309 -0.004147758 0.05624122 0.07413431
0.2978695 0.03017533 0.02020638 -0.01995366 -0.2881219
-0.09058668 0.1295982 0.01669748 -0.002382341 -0.002467557
-0.02379062 0.01373711 0.003288505 -0.01213264 0.0337122
-0.01322564 -0.00876406 0.02684863 -0.001583385 -0.009420405
0.005941548 -0.05170049 -0.01424069
1.998024 1.982556 1.9975 1.988321 1.997171
1.988811 0.1874762 1.988042 1.989319 1.995003
1.981946 1.982957 1.992775 1.991399 0.3135906
1.989628 1.992327 1.995615 0.526118 1.985821
0.8051572 1.986509 1.996951 1.99861 1.999454
1.992847 1.98713 1.992573 1.991697 1.990864
1.988418 1.993131 1.99001 1.988892 1.991554
1.908935 1.977275
1.998024 1.982556 1.9975 1.988321 1.997171
1.988811 0.1874768 1.988042 1.989319 1.995003
1.981946 1.982957 1.992775 1.991399 0.3135891
1.989628 1.992327 1.995615 0.5261226 1.985821
0.8051556 1.986509 1.996951 1.99861 1.999454
1.992847 1.98713 1.992573 1.991697 1.990864
1.988418 1.993131 1.99001 1.988892 1.991554
1.908935 1.977275
